"seed_1" "seed_2" "seed_3" "seed_4" "seed_5" "seed_6" "seed_7" "seed_8" "seed_9" "seed_10" "seed_11" "seed_12" "seed_13" "seed_14" "seed_15" "seed_16" "seed_17" "seed_18" "seed_19" "seed_20" "mean"
"ABCB7" -0.14 0 -0.23 0 0 0 0 0 -0.15 -0.13 0 0 -0.04 0 -0.06 -0.08 0 0 -0.09 -0.07 -0.05
"ABL2" 0 0 0 0 0 0 0 0 0 0 0 0 0.1 0 0 0 0 0 0.14 0 0.01
"ACACA" 0.34 0.12 0.99 1.03 0.46 0 0.65 0.9 0.12 0.42 0.44 0.11 0.66 0.03 0.85 0 0 0 0.08 0.37 0.38
"ACADL" 0.1 0 0.05 0 0 0.01 0 0 0.08 0.03 0 0.16 0.06 0.02 0.02 0 0.18 0.39 0 0 0.06
"ACYP1" 0.09 0.18 0 0 0.05 0.03 0.14 0.12 0 0 0 0 0.04 0 0 0.18 0.14 0 0 0.09 0.05
"ACYP2" 0 0 0 0 0 0 0 0 0 0 0 -0.03 0 0 0 0 0 0 0 0 0
"ADCY3" 0 0 0 0 0 0 0 0 0 0 0 0 0 0 0 0.06 0 0 0 0 0
"ADCY5" 0 0 -0.31 -0.19 0 -0.16 -0.29 0 -0.09 -0.27 -0.48 -0.14 -0.1 0 -0.13 -0.17 -0.07 -0.1 -0.29 -0.31 -0.15
"ADD2" -0.21 -0.05 -0.16 -0.04 -0.06 -0.13 -0.27 0 -0.31 -0.23 -0.07 -0.19 -0.03 -0.16 -0.17 0 0 0 -0.31 0 -0.12
"ADRA1A" 0 0.15 0.03 0 0.22 0 0 0.42 0 0 0 0 0 0 0.01 0 0 0 0 0 0.04
"AP2A2" 0 -0.06 0 0 0 -0.05 0 0 0 0 0 -0.32 0 -0.01 -0.04 0 -0.03 0 -0.07 -0.13 -0.04
"ANK1" 0 0 0 0 0 0 0 0 0.14 0 0 0 0 0 0 0 0 0 0 0.01 0.01
"ANXA11" 0 0 0 0 0 0 0 0 0 0 0 0 0 0 0 0 0 0 0 0.06 0
"APBA2" 0 0 0 0 0.16 0.23 0 0.08 0.28 0.21 0.18 0.39 0.3 0.08 0.26 0 0 0.23 0.2 0.41 0.15
"APP" -0.91 -0.86 -0.02 -0.5 -1.35 -1.19 -0.62 -1 -0.67 -0.83 -0.42 -0.09 -0.91 -0.6 -1.23 -0.03 -0.71 -0.25 -0.08 -1.09 -0.67
"ARSB" -0.17 -0.04 0 0 -0.08 0 0 0 0 0 0 0 -0.11 -0.25 -0.23 0 0 0 -0.01 0 -0.04
"ASTN1" 0 0.28 0.11 0 0.42 0 0 0.44 0 0.1 0 0 0.1 0 0 0 0 0 0.08 0.37 0.1
"ATP5F1C" 0 0 0 -0.01 -0.14 0 -0.21 0 0 -0.09 0 0 -0.1 0 0 0 0 0 0 0 -0.03
"ATP5F1E" 0 0 0 0 0 -0.07 -0.04 0 0 0 0 0 0 0 -0.04 0 0 0 0 -0.02 -0.01
"ATP6V1A" -0.24 -0.8 -0.75 -0.01 -0.81 -0.63 -0.49 -0.71 -0.59 -0.46 -0.71 0 -0.35 -0.71 -0.59 -0.33 -0.57 -0.53 -0.51 -0.44 -0.51
"ATP6V0C" -0.63 0 0 -0.06 0 0 0 0 0 0 0 0 0 0 0 -0.08 0 0 -0.44 0 -0.06
"ATP6V0B" 0 0 0 0 0 0 0 0 0 0 0 0 0 0 0 0 0 0 0 0 0
"ATP6V0A1" -0.32 0 0 0 0 0 -0.22 0 0 0 0 0 0 0 0 0 0 -0.08 0 0 -0.03
"BACH1" 0 0 0 0 0 0 0 0 0 0 0 -0.08 0 0 0 0 0 0 0 0 0
"BBS2" 0 0 0 0 -0.06 0 0 0 0 -0.06 0 0 0 0 0 0 0 0 -0.02 0 -0.01
"BCKDHB" 0 0 0 0 0 0 0 0 0 0 0 0 0 0 0 0 -0.02 0 0 0 0
"BCL6" 0 0 0.06 0 0.26 0 0.03 0.07 0 0.03 0.16 0.17 0.16 0 0.06 0 0.08 0.16 0 0.14 0.07
"BCL9" -0.19 -0.13 0 -0.01 -0.04 0 -0.14 -0.16 -0.19 -0.11 0 -0.15 0 0 0 -0.08 -0.03 -0.11 -0.03 0 -0.07
"BTD" 0 0 0 0 0 0 0 0 0 0 -0.09 -0.14 0 0 -0.05 0 0 0 0 0 -0.01
"LDLRAD4" 0 0 0.47 0.62 0 0.36 0.37 0 0.4 0.58 0 0 0.3 0.17 0.42 0.25 0.64 0.63 0.23 0.66 0.3
"CA3" 0 0 0 0 0 0 0 0 0 0 0.03 0.06 0 0 0.15 0 0 0.19 0.02 0 0.02
"CA8" 0.26 0.18 0.1 0.06 0.21 0.14 0 0.2 0.18 0.14 0.1 0.12 0.16 0.12 0.09 0.15 0.2 0.1 0.11 0 0.13
"CACNB2" 0.92 0.98 0.89 0.96 0.75 0.82 0.91 0.85 0.72 1.08 0.71 0.82 0.86 0.84 1.03 0.64 1.16 0.67 0.82 1.01 0.87
"CALB2" 0 0 0 0 0 -0.03 0 0 0 0 0 0 0 0 0 0 0 0 0 0 0
"CALU" -0.07 -0.25 0 -0.27 0 -0.12 -0.21 -0.01 0 -0.17 -0.12 -0.19 -0.13 0 0 0 -0.33 -0.34 -0.15 -0.25 -0.13
"RUNX2" 0.06 0.12 0.06 0 0 0 0.32 0.21 0.08 0.01 0.04 0 0.03 0.22 0 0.38 0.04 0 0.02 0.02 0.08
"CD81" 0 0 0 0 0 -0.17 0 0 0 0 0 0 0 0 0 0 0 0 0 0 -0.01
"CDH6" 0 0 0 0 0 -0.19 0 0 0 0 0 0 0 0 0 0 0 0 0 0 -0.01
"CDH8" 0 0 0 0 0 0 0 0 0 0 0 0 0 0 -0.04 0 0 0 0 0 0
"CDKN1B" 0.13 0.52 0.23 0.27 0.35 0.07 0.43 0.36 0.19 0.26 0.24 0 0.44 0.37 0.22 0.33 0.28 0.1 0.33 0.21 0.27
"CENPC" 0 0 0.23 0 0 0.15 0.39 0 0 0 0 0 0 0 0 0 0.16 0.17 0.01 0 0.06
"CHD3" 0 0 0 0 0 -0.14 0 0 -0.12 0 0 -0.13 0 -0.01 0 -0.22 0 0 0 0 -0.03
"CHRM2" 0 0 -0.12 0 0 0 0 0 0 0 0 0 0 0 0 0 0 0 0 0 -0.01
"LYST" 1.25 1.24 0.76 1.01 1.22 1.19 1.15 1.32 0.84 1.22 0.98 0.8 1.25 1.3 1.28 0.81 1.31 0.59 1.01 1.17 1.08
"TBCB" 0 0 0 0 0.04 0 0 0 0 0 0 0 0 0 0 0 0 0 0 0 0
"ERCC8" 0 0 -0.14 0 0 0 0 0 0 0 0 0 0 -0.04 0 0 0 0 0 0 -0.01
"CLU" 0 0 0 -0.07 0 0 0 0 0 0 0 -0.02 0 0 0 0 0 -0.14 0 0 -0.01
"COL19A1" 0 0 0 0 0 0 0 0 0 0 0 0 0 0 0 0 0 -0.05 0 0 0
"COPB1" -0.14 0 0 -0.15 0 -0.1 0 0 -0.05 0 0 0 0 0 0 0 0 0 0 -0.01 -0.02
"CPD" 0 -0.01 0 0 -0.34 0 0 -0.27 0 0 0 0 0 0 0 0 0 0 0 0 -0.03
"CRH" -0.21 -0.24 -0.17 -0.32 -0.21 -0.09 -0.24 -0.2 -0.15 -0.25 -0.26 -0.2 -0.14 -0.18 -0.35 -0.05 -0.15 -0.05 -0.41 -0.47 -0.22
"CRHBP" -0.27 0 -0.01 -0.09 0 -0.13 -0.02 0 -0.27 -0.08 0 -0.02 -0.02 -0.19 -0.04 -0.01 -0.08 -0.14 -0.17 0 -0.08
"CRY2" -0.52 -0.4 -0.43 -0.63 -0.44 -0.44 -0.4 -0.35 -0.67 -0.53 -0.27 -0.31 -0.58 -0.54 -0.48 -0.32 -0.5 -0.31 -0.6 -0.46 -0.46
"CSTF3" -0.09 0 -0.04 0 -0.12 0 -0.19 -0.22 -0.12 -0.16 0 0 -0.17 0 -0.1 0 -0.18 0 -0.14 -0.17 -0.08
"CTSL" 0 0 0 0 0 0 0 0 0 0 0 -0.13 0 0 0 0 0 0 0 -0.05 -0.01
"DBT" -0.03 0 0 0 -0.1 -0.11 -0.22 -0.23 -0.11 -0.17 -0.04 -0.06 -0.14 -0.04 0 0 0 0 -0.08 -0.1 -0.07
"DDB1" 0 0 0 0 0 0 0 0 0 0 0 0 0 0 0 -0.09 0 0 0 0 0
"DHX9" 0 0 0 0 0 0 0.02 0 0 0 0.09 0.39 0 0 0 0 0 0.2 0.06 0 0.04
"DHFR" 0 0 0 0 0 0 0 0 0 0 0 0 -0.03 0 0 -0.32 -0.02 0 0 0 -0.02
"DLG4" 0 0.07 0 0 0.14 0 0 0.03 0 0 0 0 0 0 0 0 0 0 0 0 0.01
"DLX1" 0 0 0 0 0 0 0 0.05 0 0 0 0.06 0 0 0 0 0 0 0 0 0.01
"DNAH6" 0 0 0 0 0 0 0 0 0 0.05 0 0 0.01 0 0.12 0 0 0 0 0 0.01
"DYNC1I1" 0 0 0 0 0 0.05 0 0.05 0.4 0 0.04 0 0 0 0.17 0 0 0 0.28 0.55 0.08
"DNMT3A" 0 0 0 0 0 0 0 0 0 0 -0.07 0 0 -0.02 0 -0.21 0 0 0 0 -0.02
"ATN1" 0 0.08 0 0 0 0 0.1 0 0 0 0 0 0 0 0 0 0 0 0 0 0.01
"DUT" 0.02 0.16 0 0 0.07 0 0.03 0.05 0 0 0 0 0 0 0 0 0.07 0 0 0 0.02
"EEF1A1" 0.39 0.47 0.09 0.6 0.75 0.29 0.47 0.62 0.28 0.48 0.37 0.55 0.37 0.49 0.58 0.5 0.28 0.21 0.61 0.63 0.45
"EFNB2" 0 -0.04 -0.07 -0.08 -0.3 0 -0.27 -0.24 -0.01 -0.11 0 0 -0.04 0 -0.01 0 0 0 -0.22 -0.26 -0.08
"EIF4B" 0 0 0 0 0 0 0 0 0 0 0 0.08 0 0 0 0 0 0 0 0 0
"EML1" 0 0 0 0 0 0 0 0 0 0 0 0 0 0 0 0 0 0 0 0 0
"EPHB2" 0 -0.02 0 0 -0.14 0 0 0 0 0 0 0 0 0 -0.08 -0.03 0 0 0 0 -0.01
"EPS15" 0 0 0 0 0 -0.02 0 0 0 0 0 0 0 0 0 0 0 0 0 0 0
"ETS1" 0 0 0 0 0 0 0 0 0 0 0 0.24 0 0 0 0 0 0 0 0 0.01
"EXT2" 0.15 0.76 0.5 0.25 0.52 0.67 0.79 0.37 0.81 0.61 0.18 0.34 0.6 0.49 0.48 0.4 0.68 0.52 0.88 0.71 0.53
"EXTL3" 0 0 0 0 0 0 0 0 0 0 0 0.15 0 0 0 0 0 0 0 0 0.01
"ACSL4" 0 0 -0.15 0 0 0 0 -0.09 0 0 0 0 0 0 0 0 0 0 0 -0.02 -0.01
"BPTF" 0 0 0 0 0 0 0 0 0 0 0 0 0 0 0 -0.46 0 0 -0.02 0 -0.02
"FDFT1" 0 0 0 0 0 0 0 0 0 0 0 -0.11 0 0 0 0 0 0 0 0 -0.01
"FKBP3" 0.19 0.21 0 0.07 0 0 0.05 0.15 0.11 0 0 0.03 0 0.14 0.02 0 0 0.37 0.13 0 0.07
"FOXO1" 0 0 0 0 0 0 0 0 0 0 0 0 0 0 0 0.01 0 0 0 0 0
"FOXO3" 0 0 0.07 0.27 0 0.02 0.26 0 0.34 0 0 0.52 0 0.2 0 0.04 0.08 0.19 0.25 0 0.11
"MTOR" 0 0 0 0 0 0 0 0 -0.01 -0.01 0 0 0 0 0 0 0 0 -0.17 -0.11 -0.02
"FUS" 0 0 0 0 0 -0.12 0 0 -0.07 0 0 0 0 0 0 0 0 0 0 0 -0.01
"IFI6" 0 0 0 0 0.13 0 0.09 0 0 0 0 0 0 0 0.17 0 0 0 0 0 0.02
"GABRA4" 0.79 0.68 0.94 0.83 0.7 0.51 0.55 0.83 0.5 0.62 0.77 0.68 0.96 0.66 0.96 0.49 0.61 0.7 0.51 1.08 0.72
"GABRB3" 0 0 0 -0.3 0 0 0 0 -0.13 0 0 -0.38 -0.03 -0.48 -0.22 -0.96 0 0 0 -0.44 -0.15
"GLG1" -0.17 0 -0.32 -0.62 0 0 -0.71 -0.41 -0.47 -0.56 0 -0.38 -0.62 -0.14 -0.38 -0.53 -0.43 -0.37 -0.67 -0.89 -0.38
"GLO1" 0 0 0.02 0.03 0 0.06 0.2 0.1 0.09 0.13 0.17 0.07 0 0 0.11 0 0 0 0.08 0.27 0.07
"GNAI2" 0 0 0 0 0.17 0 0 0 0 0 0 0.03 0 0 0 0 0 0 0 0.06 0.01
"GNAI3" 0 0 0 0 0 0 0 0 0 0 0.07 0 0 0 0 0 0 0 0 0 0
"GNAQ" -0.06 0 0 -0.18 0 0 -0.27 0 -0.22 0 -0.12 -0.15 0 0 -0.49 0 -0.19 -0.4 -0.06 -0.26 -0.12
"GNG3" 0 0 0 -0.06 0 0 0 0 0 0 0 0 0 -0.06 0 0 0 0 0 0 -0.01
"GNG4" 0 0 0 0 0 0 0 0 0 0 0 0 0 0 0 0 0.05 0 0 0 0
"GOLGA1" 0 0 0 0 0 0 0 0 0 0 -0.01 0 0 0 0 0 0 0 0 0 0
"GOLGA2" -0.05 -0.2 -0.08 -0.17 -0.16 -0.04 -0.27 -0.02 -0.12 -0.12 0 -0.32 0 -0.17 0 -0.09 -0.3 -0.42 -0.16 -0.16 -0.14
"GOLGB1" 0 0 -0.26 0 0 0 -0.02 -0.29 0 0 0 -0.26 0 0 0 -0.1 0 -0.29 -0.08 0 -0.06
"GPD2" 0 0 0 0 0.14 0 0.18 0 0 0.06 0.04 0 0.03 0 0 0.23 0 0 0.18 0.12 0.05
"GPM6A" 0 0 0 0 -0.48 0 0 -0.57 -0.07 0 -0.63 0 0 0 -0.14 0 0 0 -0.23 -0.3 -0.12
"GRIA1" 0 0 -0.04 -0.49 0 -0.43 -0.47 0 -0.4 -0.13 0 0 -0.26 -0.01 0 -0.37 -0.36 -0.23 0 -0.12 -0.17
"GRIA4" 0 0 0 0 0 0 0.57 0 0 0 0 0 0 0 0 0 0 0 0 0 0.03
"GRIK1" 0 0 0 0 0 0 -0.01 0 0 0 0 -0.14 0 0 0 0 0 0 0 0 -0.01
"GRIN2B" 0 0 0 0 0 0 0 0 0 0 0 0 0 0 0 -0.04 0 0 0 0 0
"GTF2H1" 0 0 0 0 -0.09 0 -0.05 -0.01 0 -0.03 0 0 0 0 0 0 0 0 0 0 -0.01
"GTF2H3" 0 0 0.09 0 0 0.06 0 0 0.04 0 0 0 0 0 0 0 0.05 0.01 0 0 0.01
"GTF3C1" -0.25 0 -0.06 0 0 0 -0.12 0 0 0 -0.1 0 -0.01 -0.05 -0.12 -0.06 0 0 0 0 -0.04
"GUK1" 0 0 0 0 0 0 0 0 0 0 0 0 0 -0.13 0 0 0 0 0 0 -0.01
"HADH" 0 0 0 0 0 0 0 0 0 0 0 -0.04 0 0 -0.04 0 0 -0.11 0 -0.26 -0.02
"NRG1" 0 0 0 0 0 0.05 0 0 0 0 0 0 0 0.1 0 0 0 0 0 0 0.01
"HLCS" 0 -0.3 -0.51 -0.52 -0.45 -0.46 -0.01 -0.51 0 -0.56 -0.44 -0.36 -0.18 -0.38 -0.46 -0.29 0 -0.65 -0.07 -0.53 -0.33
"HMGB1" 0 0 0.23 0 0 0 0 0 0 0 0 0 0 0 0 0 0 0 0 0 0.01
"HMOX2" 0 0 0 0 0 0 0 0 -0.04 0 0 0 0 0 -0.07 0 0 0 0 -0.04 -0.01
"HNRNPH1" 0 0 0 0 0 0 0 0 0 0 0 0 0.31 0.27 0.05 0.54 0 0 0 0.05 0.06
"HNRNPH3" 0 0 0 0 0 0 0 0 0 0 0 0 0 0 0.12 0 0 0 0 0 0.01
"HSPA9" -0.09 0 0 0 0 0 0 0 -0.08 0 0 -0.34 0 0 0 0 0 -0.08 0 0 -0.03
"IGSF3" -0.02 -0.23 -0.12 0 -0.18 -0.08 -0.19 -0.27 -0.01 -0.17 -0.03 0 -0.12 0 -0.08 -0.17 -0.21 -0.07 -0.15 -0.2 -0.11
"HSP90AB1" 0 0 0 0 0 -0.17 -0.04 0 0 0 0 0 0 -0.5 0 -0.05 0 -0.22 0 0 -0.05
"HUS1" 0 0 0 0 0 0.02 0 0 0 0 0 0 0 0 0 0 0 0 0 0 0
"IDE" 0 0 0 0 0.06 0 0 0 0 0 0 0 0 0 0 0 0 0 0 0 0
"ILK" 0 0 0 0 0 0 0 0 0 0 0 0 0 0 0 0 0 0 0 0 0
"INPP5B" 0.21 0.12 0.26 0 0.24 0.36 0.05 0.13 0.5 0.22 0.17 0 0.38 0.12 0.09 0.19 0.23 0.08 0.23 0.22 0.19
"INSR" 0.7 1.44 1.19 1.1 1.5 0.89 1.22 1.5 0.66 1.42 0.64 0.71 1.15 1.18 1 1.31 0.9 0.71 1.24 1.01 1.07
"IVD" 0 0 0 -0.12 0 0 0 0 -0.05 -0.06 0 0 -0.12 0 0 0 -0.08 0 0 -0.04 -0.02
"JAK1" 0 0 0 0 -0.32 0 0 -0.21 0 0 0 -0.13 0 0 0 0 0 0 0 0 -0.03
"JARID2" 0 -0.27 0 0 -0.05 0 0 -0.25 0 -0.19 -0.06 0 -0.02 -0.18 -0.19 -0.18 0 0 -0.1 -0.43 -0.1
"KCNJ6" 0 -0.12 -0.09 0 0 0 0 -0.07 -0.1 0 0 0 0 -0.25 0 0 0 0 -0.12 0 -0.04
"KCNK3" 0 0 0 0 0 0 0 0 0 0 -0.03 0 0 0 0 0 0 0 0 0 0
"KCNN3" 0 0 0 0 0 0 0.04 0 0.14 0 0 0 0.05 0 0.04 0.12 0 0.15 0 0 0.03
"KCNQ2" 0 0 0.24 0 0 0 0 0 0 0 0 0 0 0 0 0 0 0 0 0 0.01
"KPNB1" 0 0.02 0 0 0 0 0 0 0 0 0 0 0 0 0 0 0 0 0 0 0
"IPO5" 0.51 0.7 0 0.2 0.56 0.4 0.21 0.31 0.24 0.18 0.44 0.52 0.4 0.23 0.63 0.22 0.24 0.25 0.31 0.52 0.35
"LAMC1" 0 0 0 0 0.1 0 0 0 0 0 0 0 0 0 0 0 0 0 0 0 0
"LAMP1" -0.06 0 0 0 0 0 0 0 0 0 0 0 0 0 0 0 0 0 0 0 0
"LEPR" 0.32 0 0.16 0.13 0.03 0.07 0.14 0 0.11 0.12 0.06 0.33 0.09 0 0.1 0 0.01 0.15 0.1 0.1 0.1
"LIFR" 0 0.05 0 0 0 0 0 0.09 0 0 0 0 0 0 0 0 0 0 0 0 0.01
"LIMK1" 0 0 0 0 0 0 0 0 0 0 0 0.04 0 0 0 0 0 0 0 0 0
"LIPA" -0.12 0 -0.04 0 0 0 0 0 0 0 0 0 -0.04 0 -0.13 0 -0.06 -0.16 -0.03 -0.04 -0.03
"LMO7" 0 -0.05 0 -0.02 -0.18 0 -0.07 0 0 0 0 0 0 0 0 0 -0.1 0 -0.13 0 -0.03
"LY6H" 0 0 0 0 0 0 0 0 0 0 0 0 0 0 0 0 0 -0.02 0 0 0
"MARCKS" 0 0 0 0 0 0 0 0 0 0 0 0 0 0 0 0 -0.04 0 0 0 0
"SMAD2" -0.27 -0.38 -0.55 -0.3 -0.39 -0.41 -0.69 -0.49 -0.53 -0.49 -0.5 -0.4 -0.54 -0.53 -0.52 -0.37 -0.26 -0.52 -0.52 -0.74 -0.47
"MAN1A1" 0 0 0 0 0 0 0 0 0 0 0 -0.17 0 0 -0.02 0 0 -0.21 0 0 -0.02
"MAPT" 0 0 0 0 0 0 0 0 0 0 0 0 0 0 0 -0.39 -0.28 0 0 0 -0.03
"MATN2" -0.02 -0.11 -0.18 0 -0.04 -0.17 0 -0.15 -0.09 -0.12 0 0 -0.16 -0.01 -0.16 -0.07 -0.23 -0.3 -0.25 -0.21 -0.12
"MDM2" 0 0 0 0 0.29 0 0.07 0.24 0 0.04 0 0.12 0.06 0 0 0 0 0 0 0.1 0.05
"MEF2A" 0 0 0 0 0 0 -0.01 0 -0.01 0 0 0 0 -0.06 0 0 0 0 0 0 0
"MEST" 0 0 -0.17 0 0 0 0 0 0 0 0 0 0 0 -0.13 0 0 0 0 -0.17 -0.02
"MIPEP" -0.16 0 0 0 -0.06 -0.02 0 0 0 0 0 0 0 0 0 0 -0.02 0 0 0 -0.01
"MITF" 0 0 0 0 0 0 0 0 0 0 0 0.11 0 0 0 0 0 0.04 0 0 0.01
"MNAT1" -0.08 -0.33 -0.62 -0.37 -0.63 -0.3 -0.84 -0.71 -0.54 -0.78 -0.35 -0.49 -0.64 -0.29 -0.8 -0.7 0 -0.24 -0.55 -0.68 -0.5
"CD200" 0.01 0 0 0 0 0 0.09 0 0 0 0 0 0 0 0 0 0 0 0 0 0
"MRE11" -0.06 0 0 -0.37 0 -0.1 -0.19 -0.03 -0.04 -0.18 0 -0.01 -0.3 0 -0.08 -0.01 0 0 -0.22 -0.07 -0.08
"MXI1" 0.44 0.56 0.64 0.41 0.14 0.17 0.08 0.34 0.6 0.13 0.63 0 0.07 0.54 0.42 1.11 0.35 0.14 0.32 0.13 0.36
"PPP1R12A" 0 0 0 0 0 0 0 0 0 0 0 0 0.05 0 0 0 0 0 0 0 0
"NCAM1" -2.08 -2.43 -2.15 -2.5 -2.75 -2.13 -2.08 -2.11 -2.13 -2.21 -2.48 -2.56 -2.45 -2.9 -1.48 -2.52 -1.72 -2.4 -2.62 -1.14 -2.24
"NCL" 0 -0.1 0 0 0 0 0 0 0 0 0 -0.01 0 -0.02 0 0 0 -0.13 0 0 -0.01
"NDUFA10" 0 0 0 0 -0.45 0 -0.41 0 -0.27 -0.17 0 -0.24 -0.18 0 0 0 0 0 -0.1 0 -0.09
"NFIC" 0 0 0 0 0 0 0 0 0 0 0 0 0 0.01 0 0 0 0 0 0.01 0
"NRDC" 0 0 -0.14 0 0 0 -0.34 0 0 0 0 0 0 0 0 0 0 0 0 0 -0.02
"NSF" 0 0 0 -0.13 0 0 0 0 0 0 0 0 0 0 0 0 0 0 0 0 -0.01
"NUP88" 0 0 0 0 0 0 0 0 0 0 0 0 0 0 0 0 0 0 0.03 0 0
"OCRL" 0 0 0 0 0.06 0 0 0.03 0 0 0 0 0 0 0 0 0 0 0 0 0
"OGDH" 0 0 0 0 0 0 0 0 0 0 0 0 0 0 0 0 0 0 -0.01 0 0
"OPRM1" 0 0 0 0 0 0 -0.01 0 -0.18 -0.05 -0.06 -0.01 0 -0.05 0 0 0 0 0 0 -0.02
"OSBP" 0 -0.13 0 0 0 0 0 0 0 0 0 0 0 0 0 0 0 0 -0.01 0 -0.01
"PAK3" 0 0 0 0 0 0 0 0 0 0 0 0 0 0 0 0 0 0 0 0.12 0.01
"PAM" 0.61 0 0 0 0.02 0 0.44 0.1 0 0.14 0.03 0 0 0 0.08 0 0.3 0 0.12 0.02 0.09
"PBX1" 0 0.22 0.49 0 0.18 0.23 0 0.39 0 0.13 0.15 0.12 0.11 0.25 0.16 0.07 0 0 0 0 0.12
"CDK17" -0.15 -0.26 -0.53 -0.24 -0.58 -0.3 -0.37 -0.54 -0.42 -0.55 -0.27 -0.17 -0.26 -0.48 -0.36 -0.33 -0.21 -0.26 -0.69 -0.43 -0.37
"PDE1A" 0 0 0 0 0 0 0 0 0 0 0 0 0 0 0 -0.01 0 0 0 0 0
"PDE2A" 0 0 0 0 0 0 0 0 0 0 -0.03 0 0 0 -0.1 0 0 0 0 0 -0.01
"PDK1" 0 0 0 0 0 0 0 0 0.18 0 0 0.4 0.09 0 0 0 0 0.05 0 0 0.04
"PEX1" 0 0 -0.11 0 0 0 -0.09 0 0 0 0 0 -0.1 -0.06 0 0 0 0 -0.27 0 -0.03
"PGM3" 0.09 0 0 0 0 0 0 0 0 0 0 0 0 0 0 0 0 0 0 0 0
"PIN1" 0 0 0 0 0 0 0 0 0 0 0 -0.06 0 0 0 0 0 0 0 0 0
"PLCB4" 0 0 0 0 0 0 0 0 0 0 0 0 0 0 0 0 0 0.02 0 0 0
"PLEC" 0 0 0 0 0 0 0 0 0 0 0 0.17 0 0 0 0 0 0.15 0 0 0.02
"PLOD2" 0 0 0 0 0 0 0 0 0 0 0 0 0 0 0 0 0 0 0.05 0 0
"PNOC" 0 0 -0.13 -0.04 0 -0.03 0 -0.05 0 0 0 -0.02 0 -0.07 0 -0.13 -0.06 0 0 0 -0.03
"PMS1" 0 0.04 0 0.1 0.22 0 0.08 0.07 0.2 0.07 0 0 0.24 0.18 0.19 0.3 0 0 0.11 0.53 0.12
"UBL3" 0.16 0 0.36 0 0.26 0.52 0.08 0.06 0.21 0.3 0.58 0.14 0.28 0.01 0.51 0 0.14 0.33 0.84 0.45 0.26
"PPARA" 0 0.05 0.04 0 0.14 0.14 0.08 0.1 0.1 0.03 0 0.14 0 0 0 0.04 0.22 0 0.09 0.13 0.06
"PPP1CB" 0 0 0 0 0 0 0 0 0 0 0 0 0 0 0 0 0 0.03 0 0 0
"PPP1R7" 0 0 0 0 0 0 0 0 -0.09 -0.04 -0.01 -0.36 0 -0.05 -0.1 -0.12 0 -0.04 0 -0.08 -0.04
"PPP2R2A" -0.05 0 -0.1 -0.08 0 0 0 0 0 0 0 -0.04 0 -0.03 0 0 -0.07 -0.16 0 0 -0.03
"PPP2R2B" 0 0 0 0 0 0 -0.43 -0.02 0 0 0 0 0 -0.18 0 0 -0.1 0 0 -0.27 -0.05
"PTPA" -0.06 0 0 0 0 0 -0.02 0 0 0 0 0 0 0 0 0 -0.03 0 0 0 -0.01
"PPP5C" 0 0 0 0 0 0 0 0 0.1 0 0 0 0 0 0 0 0 0 0.03 0.01 0.01
"PRKAA1" 0 0 0 0 0 0 0 0 0 0 0 0 0 0 0 0 0 0 0 0 0
"PRKAA2" 1.19 1.25 1.28 1.22 0.62 1.18 1.02 0.86 1.12 1.06 1.51 1.17 1.03 1.08 0.98 1.23 0.89 1.14 1.01 0.44 1.06
"PRKACB" 0.22 0.02 0.37 0 0 0 0.17 0.66 0 0 0.12 0 0 0 0 0 0 0 0 0 0.08
"PRKDC" -0.48 -0.37 -0.17 -0.49 -0.45 -0.19 -0.98 -0.27 -0.49 -0.44 -0.38 -0.15 -0.58 -0.26 -0.31 -0.66 -0.74 -0.7 -0.47 -0.58 -0.46
"PRKG2" 0 0 0 0 0 0 0 0 -0.07 0 0 0 0 0 0 0 0 0 0 0 0
"MAPK6" 0 0 0 0 0 0 0.09 0.08 0 0 0 0 0 0 0 0 0 0 0 0 0.01
"MAP2K6" 0 0 0 0 0 0 0 0 0 0 -0.04 0 0 0 -0.07 0 0 0 0 0 -0.01
"PRPS1" 0.01 0 0 0 0 0 0 0 0 0 0 0 0.09 0 0 0 0 0 0 0.11 0.01
"PSMD1" 0 0 0 -0.15 -0.03 0 -0.26 -0.15 -0.16 -0.32 -0.26 -0.4 -0.2 0 -0.15 -0.23 0 -0.47 -0.12 -0.35 -0.16
"PTMS" 0 0 0 -0.07 0 -0.01 0 0 0 0 0 -0.2 0 0 0 0 0 -0.03 0 -0.29 -0.03
"PTPN1" 0.04 0 0.11 0 0.02 0 0.13 0.01 0 0.05 0 0 0.11 0.17 0.01 0.06 0 0 0 0.23 0.05
"PTPRM" 0.15 0.38 0 0 0.2 0 0 0.49 0.53 0 0 0 0.11 0 0 0 0.13 0.29 0.23 0 0.12
"PVT1" -0.13 -0.38 -0.02 -0.28 -0.37 -0.2 -0.41 -0.36 -0.35 -0.49 -0.36 -0.36 -0.31 -0.36 -0.26 -0.24 -0.34 -0.43 -0.22 -0.22 -0.3
"RAB1A" 0 0 0 0 0 0 0.11 0 0 0 0 0 0 0 0 0 0 0 0.02 0.09 0.01
"RAB2A" -0.04 0 0 0 -0.19 0 0 0 0 -0.14 0 0 -0.14 0 -0.24 0 0 0 -0.04 0 -0.04
"RAB27A" 0 0 0 0 0.08 0 0 0.16 0.05 0.1 0 0 0.05 0 0 0.06 0 0 0.12 0.15 0.04
"RANGAP1" -0.49 -0.34 -0.21 -0.15 -0.12 -0.18 -0.18 -0.37 -0.21 -0.41 -0.31 -0.41 -0.22 -0.2 -0.24 -0.23 -0.3 -0.36 -0.26 -0.14 -0.27
"RAP1GAP" 0 0 0 0 0 0 0 0 0 0 0.11 0 0 0 0 0.11 0 0.09 0 0 0.02
"RARB" 0 0 0 0 0 0 0 0.24 0 0 0 0 0 0 0 0 0.07 0.1 0 0 0.02
"RASA1" 0 0 0 0 0 0 -0.01 0 0 0 -0.03 0 -0.02 0 0 0 0 0 0 0 0
"KDM5A" 0 0 0 0 0 0 0 0 0 0 0 -0.11 0 0 0 0 0 0 0 0 -0.01
"REV3L" 0.13 0 0 0 0.09 0 0.2 0.53 0.06 0 0 0.09 0.53 0 0 0 0.64 0.66 0 0.26 0.16
"RFC3" -0.05 0 -0.1 0 0 -0.07 0 0 -0.07 -0.02 -0.01 0 -0.07 0 0 -0.14 -0.14 0 0 0 -0.03
"RORA" 0 0 0 0.21 0 0 0 0 0 0 0 0 0 0 0 0 0 0 0 0 0.01
"RPA1" 0 0 0 0 0 0 0 0 0 0 0 0 0 0 0 0 0 0 0 0 0
"RPE" 0 -0.02 -0.06 0 0 0 0 -0.14 -0.34 -0.06 -0.12 0 0 0 0 -0.12 0 0 -0.05 0 -0.05
"RPL22" 0 0 -0.03 0 0 -0.09 0 0 0 -0.16 -0.06 0 -0.39 -0.07 -0.12 0 -0.05 0 -0.05 -0.15 -0.06
"RPL27" 0 0 0 0 0 0 0 0 0 -0.01 0 0 -0.06 0 0 0 0 0 0 0 0
"RPN1" 0 0 0 0 0 0.14 0.07 0 0.11 0.01 0 0 0 0.07 0.04 0 0 0 0 0.24 0.03
"RPS3A" 0 -0.05 -0.03 -0.3 -0.05 0 0 0 -0.06 -0.11 -0.04 0 -0.34 -0.12 -0.12 -0.11 0 0 -0.03 -0.09 -0.07
"RPS18" 0 0 0 0 -0.06 0 -0.02 0 -0.15 0 0 0 -0.01 0 0 0 0 0 0 -0.02 -0.01
"RPS20" -0.61 -0.17 -0.14 -0.21 -0.4 -0.4 -0.23 -0.33 -0.1 -0.22 -0.71 -0.11 -0.38 -0.32 -0.57 -0.45 -0.36 0 -0.28 -0.27 -0.31
"RPS28" -0.17 -0.03 -0.38 -0.22 -0.1 -0.16 -0.26 -0.2 -0.17 -0.43 -0.19 0 -0.32 -0.09 -0.12 -0.25 -0.15 0 -0.29 -0.26 -0.19
"SAT1" 0.68 0.28 0.72 0.47 0.34 0.79 0.22 0.54 0.4 0.44 0.32 0.32 0.28 0.56 0.6 0.44 0.76 0.69 0.54 0.3 0.48
"CX3CL1" -0.29 -0.18 -0.31 0 -0.17 -0.08 -0.23 -0.25 -0.08 -0.13 -0.14 -0.09 -0.26 -0.15 -0.36 -0.38 -0.46 -0.55 -0.19 -0.28 -0.23
"SDC2" 0.01 0.24 0.17 0 0 0 0 0.28 0.16 0.13 0.08 0 0 0 0.06 0.13 0 0 0.22 0.01 0.08
"SDHB" 0 0 0 0 -0.29 -0.03 0 0 0 0 0 -0.12 0 0 0 0 0 0 0 -0.2 -0.03
"SET" 0 0 0.04 0 0 0 0 0 0 0 0 0.06 0 0 0.2 0 0 0 0 0 0.01
"SFRP1" 0 0.19 0.22 0.08 0.4 0 0.22 0.16 0 0.1 0.08 0.27 0.32 0 0.13 0.07 0 0.17 0.15 0.25 0.14
"SRSF5" 0.39 0.46 0.17 0.43 0.22 0.58 0.17 0.52 0.33 0.4 0.38 0.4 0.36 0.43 0.19 0 0.44 0.65 0.1 0.38 0.35
"SGK1" 0 0 0 0 0 0 0 0 0 0 0 0.1 0 0 0 0 0 0.08 0 0 0.01
"ST6GAL1" 0.21 0.6 0.5 0.4 0.48 0.14 0.47 0.47 0.36 0.57 0.31 0.5 0.5 0.34 0.45 0.48 0.18 0.57 0.36 0.4 0.41
"ST8SIA1" 0 0.03 0.2 0 0 0 0 0 0 0.12 0 0 0 0 0 0 0 0 0 0 0.02
"SLC1A2" 0 -0.24 -0.22 -0.04 -0.16 -0.54 -0.26 -0.24 -0.23 -0.26 0 -0.08 -0.23 -0.39 0 0 -0.23 -0.2 -0.3 0 -0.18
"SLC8A2" 0 0 0 -0.04 0 -0.11 0 0 -0.21 0 -0.07 0 0 -0.32 -0.22 0 0 -0.22 -0.11 0 -0.07
"SLC12A2" 0 0 -0.38 0 -0.48 -0.3 -0.55 -0.36 -0.32 -0.34 -0.13 0 -0.3 -0.41 -0.23 0 -0.14 0 -0.27 -0.5 -0.24
"SMARCA1" 0 0 0 0 0 -0.04 0 0 0 0 0 0 -0.18 0 -0.04 0 0 0 0 -0.16 -0.02
"SNCB" -0.62 -0.45 -0.58 -0.36 -0.66 -0.63 -0.49 -0.38 -0.44 -0.67 -0.81 -0.61 -0.4 -0.46 -0.49 -0.42 -0.34 -0.11 -0.59 -0.42 -0.5
"SNCA" -0.02 0 0 0 0 -0.1 0 0 0 0 0 0 0 0 -0.02 0 0 0 -0.01 0 -0.01
"SNRPF" 0 -0.02 0 0 0 -0.16 0 0 0 -0.02 0 0 -0.06 0 0 0 0 0 -0.01 0 -0.01
"SOX5" 0 0 -0.27 0 0 0 -0.04 0 -0.21 -0.07 0 0 -0.06 -0.06 -0.28 0 0 0 0 -0.17 -0.06
"SP3" 0 0 0 0 0 0 0 0 0 0 0 0 0 0 0 0 0 0 0 -0.02 0
"SPTAN1" 0 0 0 0 0 0 0 0 0 0 0.28 0 0 0 0 0 0 0 0.24 0 0.03
"SPTBN2" 0 0 0 0 -0.15 0 -0.05 -0.17 0 -0.13 0 0 0 -0.06 -0.14 -0.15 0 0 -0.07 -0.05 -0.05
"SST" -0.07 0 -0.06 0 0 -0.18 0 0 -0.01 -0.07 -0.14 0 -0.17 -0.2 -0.16 -0.19 -0.06 0 0 0 -0.07
"SS18" 0.22 0.42 0.34 0.4 0.36 0.24 0.09 0.32 0.31 0.4 0.37 0.08 0.47 0.25 0.35 0.28 0.09 0 0.07 0.31 0.27
"STAT1" -0.16 0 -0.47 -0.37 -0.18 -0.19 -0.48 -0.09 -0.46 -0.34 -0.49 -0.2 -0.4 -0.28 -0.17 -0.45 -0.43 -0.03 -0.12 -0.14 -0.27
"STAT5B" 0 0 0 0 0 0 0 0 0.07 0 0 0.23 0 0 0 0 0 0 0 0 0.01
"HSPA13" 0 0 -0.08 0 -0.01 0 -0.21 0 -0.06 -0.07 -0.04 -0.08 0 0 -0.06 -0.01 0 -0.17 -0.12 -0.16 -0.05
"CDKL5" 0 0 0 0 0 0 0 0 0 0 0 0.06 0 0 0 0 0 0 0 0 0
"STXBP3" 0.02 0 0 0 0 0 0 0.12 0.06 0 0 0 0 0 0 0 0 0 0 0 0.01
"ABCC8" 0 0.01 0 0 0 0 0 0 0 0 0 0 0 0 0 0 0 0 0 0 0
"TAC1" 0 0 -0.01 -0.06 -0.02 0 -0.07 0 -0.13 -0.02 0 -0.12 -0.01 0 0 0 0 -0.03 -0.14 -0.01 -0.03
"TCEA1" 0 0 0 0 0 0 0 0 0 0 0 0 0 0 0 0 0 0 0 -0.06 0
"TMF1" 0 0 -0.02 0 0 0 0 0 0 0 0 0 0 0 0 0 0 -0.11 0 -0.11 -0.01
"TMOD1" 0.2 0.46 0.24 0.56 0.44 0.34 0.58 0.3 0.35 0.53 0.32 0.3 0.37 0.25 0.38 0.36 0.39 0.5 0.61 0.54 0.4
"NR2C2" 0 0 0 0 0 0 0 0 0 0 0 0 0 0 0 0 0 0 0 -0.07 0
"TRIO" 0.4 0 0.78 0 0.17 0 0.86 0 0.56 0 0.84 0.29 0.01 0.05 1.03 0.06 0.36 0.14 0.61 0.61 0.34
"TRPC1" 0 0 0 0 0 0 0 0 0 0 0 0 0 0 0 0 0 0 0 0.25 0.01
"TSN" 0 0 0 -0.04 0 0 -0.03 0 0 0 0 -0.04 0 0 0 0 -0.05 -0.21 -0.21 0 -0.03
"TTC3" 0 0 0 0 0 0 0 0 0 0 0 0.5 0 0 0 0 0 0 0 0 0.03
"UBE2B" 0 0.21 0.24 0 0.05 0 0.52 0.26 0 0.08 0.14 0 0.02 0 0.56 0 0.07 0.15 0 0.26 0.13
"UBE2D1" 0 0 0 0 0 0 0 0 0 0 0 0 0 0 0 0.13 0 0 0 0 0.01
"UBE2G1" 0 0.15 0.32 0.13 0.41 0.44 0.48 0.2 0.18 0.39 0 0.36 0.39 0.48 0.18 0.16 0.37 0.16 0.55 0.44 0.29
"UBE2L3" 0 0 0 0 0 0 0 0 0 0 0 0 0 0 0.12 0.02 0 0 0 0 0.01
"UCHL3" 0 -0.08 -0.23 -0.14 -0.04 -0.28 -0.03 -0.13 -0.11 -0.03 0 0 0 -0.18 0 -0.11 0 0 -0.02 -0.11 -0.07
"NELFA" 0.22 0.37 0.69 0.32 0.52 0.36 0.64 0.66 0.43 0.67 0.28 0.42 0.54 0.33 0.34 0.51 0.37 0.33 0.48 0.56 0.45
"ZNF75D" 0 0 0 0 0 0 -0.1 0 -0.06 0 -0.01 -0.16 0 0 0 0 0 0 0 -0.11 -0.02
"ZNF84" 0 0.06 0.16 0.08 0.22 0.19 0.24 0.17 0.23 0.17 0.29 0.03 0.06 0.02 0 0.3 0.33 0 0.27 0.25 0.15
"ZNF148" 0 0 0 0 0.13 0 0 0 0 0 0 0 0 0 0 0 0 0 0 0.11 0.01
"TRIM26" -0.11 0 0 0 -0.05 0 0 0 0 0 0 0 0 0 0 0 0 0 0 0 -0.01
"ZNF195" 0 0 0 0.13 0 0.11 0 0 0 0 0 0.25 0.01 0 0.12 0 0 0.1 0.11 0.18 0.05
"EVI5" 0 0 0 0 0 0 0 0 0 0 0 0 0 0 0 0 0 0.17 0 0 0.01
"ALMS1" 0 0 0 0 0 0 0 0 0 0 0 0 0 0 0 0 0 0 0 0.07 0
"SCG2" 0 0 0 0 -0.05 -0.03 0 -0.17 0 0 0 0 -0.01 -0.1 0 -0.07 0 0 0 -0.12 -0.03
"ADAM12" 0 0 0 -0.06 0 -0.01 -0.06 0 0 0 0 -0.06 -0.09 -0.03 0 0 0 0 0 -0.1 -0.02
"PTP4A2" 0 0 0 0 0 0 0 0 0 0 0 0 0 0 0 0 0 0 0 0 0
"PABPN1" 0.34 0.04 0 0.12 0 0 0 0.05 0 0 0 0 0 0 0 0.16 0 0 0 0 0.03
"NRIP1" 0 0 0 0 0 0 0 0 0 0 0 0 0 0 0.03 0 0 0 0 0 0
"PICALM" 0 0 0 0 0 0 0 0.07 0 0 0 0 0 0 0 0 0 0 0 0 0
"ACOX3" 0.13 0 0 0 0.05 0 0.12 0 0.05 0 0 0 0.02 0 0 0 0.02 0 0 0 0.02
"EEA1" 0 0 0 0 -0.16 0 -0.28 0 0 0 0 0 0 0 -0.03 0 0 -0.21 0 -0.23 -0.05
"RECK" 0 0 0 0 0 0 0 0 0 0 0 0 0 0 0 0 0 0 0 0 0
"NCK2" 0 0 0 0 0 0 0 0 0 0 0 0 0 0 0 0 0 0 0 0.06 0
"CUL2" -0.24 -0.07 -0.12 -0.12 0 0 0 0 -0.11 -0.08 -0.2 0 0 -0.06 -0.03 -0.03 -0.05 -0.01 -0.1 0 -0.06
"PARG" 0 0 0 0 0 -0.12 0 0 0 -0.01 0 0 0 0 0 0 0 0 0 0 -0.01
"ENC1" -0.62 -0.74 -0.78 -1.07 -0.78 -0.4 -0.47 -0.78 -0.94 -0.62 -0.73 -0.36 -0.79 -0.58 -0.66 -0.64 -0.7 -0.69 -0.77 -0.74 -0.69
"NIPSNAP1" 0 0 0 0 0 0 0 0 0 0 0 0 0 0 0 0 0 0 -0.05 0 0
"HAT1" 0.06 0.06 0 0 0.07 0 0 0 0 0 0 0 0 0 0 0 0 0 0.01 0 0.01
"API5" 0 0.06 0 0 0.04 0.09 0 0.22 0.16 0.11 0.18 0 0.06 0.18 0.23 0 0 0 0.03 0.21 0.08
"PIR" -0.16 0 0 0 -0.17 0 -0.16 -0.01 0 0 0 -0.11 0 0 -0.04 0 0 0 -0.11 0 -0.04
"CDC14B" 0 0.37 0.25 0 0.38 0 0 0.41 0.03 0.28 0.05 0.34 0.18 0 0.12 0.25 0 0 0.13 0.02 0.14
"CASK" -0.01 0 0 0 -0.12 -0.19 -0.73 0 0 -0.1 0 0 0 -0.16 -0.05 0 -0.21 -0.59 -0.22 0 -0.12
"FAM193A" 0 0 0 -0.17 0 0 0 0 0 0 0 0 0 0 0 0 0 0 0 0 -0.01
"PLA2G4C" 0 0 0 0 0 0 0 0.09 0 0 0 0 0 0 0 0 0.06 0 0 0.15 0.02
"PLPP1" 0 0 0 0 0 0 0 0 0 0 0 0.2 0 0 0 0 0 0 0 0 0.01
"USO1" 0 0 0 0 0 0 0 0.02 0 0 0 0 0 0 0 0 0 0 0 0 0
"DDX3Y" 0 0 0 0 0 0 0 0.02 0.09 0 0 0 0 0 0 0 0 0 0 0 0.01
"PEA15" 0 0 0 0 0 0 0 0 0 0 0 0 0 0 0 -0.04 -0.12 0 0 0 -0.01
"EED" 0 0.18 0.32 0 0.13 0.07 0.09 0.31 0.01 0.19 0 0.04 0.07 0 0.04 0.07 0 0.12 0.1 0.03 0.09
"ADAM9" 0 0 0 0 0 0 0 0 0 0 -0.13 0 0 0 0 0 0 0 0 0 -0.01
"RGS11" 0 0 0 -0.04 0 0 0 0 0 0 0 0 0 0 0 0 0 0 0 0 0
"SUCLA2" -0.1 -0.25 -0.39 0 -0.36 -0.01 -0.14 -0.38 -0.42 -0.19 0 -0.62 -0.19 0 -0.1 -0.15 -0.24 -0.01 -0.1 -0.13 -0.19
"DPM1" 0 -0.08 -0.32 -0.12 -0.12 0 0 -0.26 0 0 0 -0.03 0 0 0 0 0 0 0 0 -0.05
"CDKL1" 0 0 0 0 0 0 0 0 0 0 0 0 -0.02 0 0 0 0 0 0 0 0
"SYNGAP1" -0.47 -0.35 -0.52 -0.41 -0.45 -0.36 -0.55 -0.38 -0.53 -0.57 -0.58 -0.7 -0.56 -0.36 -0.63 -0.49 -0.34 -0.39 -0.58 -0.58 -0.49
"CFLAR" 0 0 0.04 0.05 0.03 0 0 0.01 0 0 0 0 0.28 0 0 0 0 0 0.04 0.1 0.03
"KSR1" 0 0 0.14 0 0 0 0.42 0 0.07 0.16 0 0 0.13 0 0 0 0 0.06 0 0.04 0.05
"ST3GAL5" 0.37 0.52 0.54 0.46 0.18 0.38 0.5 0.16 0.28 0.46 0.48 0.21 0.27 0.21 0.33 0.29 0.52 0.27 0.48 0.62 0.38
"MBD2" 0 0 0 0 0 0 0 0 0 0 0 0 0 0 -0.06 0 0 0 0 0 0
"WASF1" -0.11 -0.1 0 0 0 0 0 0 0 0 0 0 0 0 -0.02 0 0 0 0 0 -0.01
"FUBP3" 0 0 0 0 -0.11 -0.24 0 0 0 0 0 0 0 0 0 0 0 0 0 0 -0.02
"BTRC" 0 0 0.04 0 0 0 0 0 0 0 0 0 0 0 0.03 0 0.09 0 0 0 0.01
"WASL" 0.53 0 0.32 0.17 0.36 0.2 0.34 0.22 0.42 0.31 0.54 0.36 0.56 0.08 0.44 0.44 0.36 0.38 0.23 0.26 0.32
"TAF1B" 0 0 0.02 0 0 0 0 0 0 0 0 0 0 0 0 0 0.07 0 0 0 0
"BAZ1B" 0 0 0 0 0 0 0 0 0 0 0 -0.02 0 0 0 0 0 -0.24 0 0 -0.01
"SEMA5A" 0 0 0 0 0.06 0 0 0 0 0 0 0 0 0 0 0 0 0 0 0 0
"PAPSS1" -0.47 -0.31 -0.41 -0.38 -0.22 0 -0.44 -0.09 -0.23 -0.29 -0.15 -0.37 -0.2 -0.06 -0.35 -0.5 -0.36 -0.28 -0.23 -0.41 -0.29
"ASH2L" 0 0 0 0.01 0.08 0 0.14 0.16 0 0.14 0.09 0.17 0.03 0 0.13 0 0 0.12 0 0.19 0.06
"USP14" -0.13 0 -0.24 0 0 -0.07 -0.14 0 -0.07 -0.03 -0.17 -0.31 -0.13 0 -0.04 0 -0.38 -0.53 -0.39 -0.02 -0.13
"RABEP1" 0 0 0 0 0 0 0 0 0 0 0 -0.15 0 0 0 0 0 -0.04 0 0 -0.01
"SYNGR1" -0.01 0 0 0 0 0 0 0 0 0 0 0 0 0 0 0 0 0 0 0 0
"REPS2" 0 0 0.01 0 0 0 0.01 0 0 0 0 0 0.03 0 0 0.13 0 0 0.46 0 0.03
"LGI1" 0 0 -0.19 0 -0.14 0 -0.39 -0.01 -0.25 0 -0.05 -0.3 0 0 -0.01 0 -0.18 -0.32 -0.05 0 -0.09
"CACNA2D2" 0 0 0 0 0 0 0.02 0 0 0 0 0 0 0 0 0 0 0 0 0 0
"BCL7C" 0 0 0 0 0 0 0.01 0 0 0 0 0 0 0 0 0 0 0 0 0 0
"ZNF235" 0 0 0 -0.08 0 0 0 0 0 0 0 0 0 0 0 0 0 0 0 0 0
"COPS2" 0.08 0 0.28 0.25 0.14 0.3 0.36 0.19 0.08 0.38 0.26 0 0.24 0.27 0.46 0.49 0.14 0.25 0.01 0.23 0.22
"TRIP11" 0 0 0.15 0 0 0.02 0.42 0 0.3 0.12 0.16 0.22 0 0 0.13 0 0 0.27 0 0.09 0.1
"B4GALT6" 0 0 0 0 0.18 0 0 0 0 0 0 0 0 0 0 0 0 0 0 0 0.01
"PPIG" 0 0 0 0 0 0 0 0 0 0 0 0 0 0 0 0 0.21 0 0 0 0.01
"KIF3B" 0 0 0 0 0 0 0 0 0 0 0 0.01 0 0 0 0 0 0 0 0 0
"CIAO1" -0.13 0 0 -0.08 0 0 -0.11 0 -0.02 0 -0.11 -0.27 -0.16 -0.05 0 -0.06 0 -0.2 -0.14 0 -0.07
"NMT2" 0 0 0 0 0 0 0 0 0 0 0 0 0 0 0.1 0 0 0 0 0 0
"ARHGAP29" 0 -0.1 0 0 0 0 -0.01 -0.1 -0.02 -0.07 0 0 0 0 -0.01 0 0 0 -0.08 -0.08 -0.02
"ZNF264" 0 0 0 0 0 0 0 0 0 0 0 0 0 0 0 0 0 0 0 0 0
"MED27" -0.24 -0.05 -0.41 -0.06 -0.14 -0.39 -0.47 -0.28 -0.4 -0.58 -0.34 -0.19 -0.58 -0.11 -0.29 -0.15 -0.25 -0.65 -0.28 -0.33 -0.31
"ARHGEF6" 0 0 0.18 0 0.05 0 0 0 0 0.12 0.17 0 0.19 0 0.12 0.07 0 0.03 0 0.19 0.06
"STX8" 0 0 0 0 -0.14 0 -0.03 0 -0.11 0 0 0 0 0 0 0 0 0 0 0 -0.01
"NPEPPS" 0 0 0 0 -0.15 -0.06 0 -0.19 0 0 0 0 0 0 0 0 0 0 0 0 -0.02
"ZNF254" 0 0 0.19 0 0 0 0.26 0 0.28 0.16 0 0.37 0.06 0.24 0.19 0.05 0 0 0.13 0.39 0.12
"CXCL14" 0 0 0 -0.13 0 0 0 0 0 0 0 0 0 0 -0.01 0 0 0 0 0 -0.01
"GABBR2" -0.5 -0.62 -0.05 -0.53 -0.3 -0.6 -0.68 -0.37 0 -0.79 -1.06 -0.67 -0.61 -1.05 -1.35 -0.86 -0.42 -0.37 -0.17 -1.12 -0.61
"BABAM2" 0.06 0 0 0 0 0 0 0.25 0 0 0 0 0 0 0 0 0 0 0 0 0.02
"VPS9D1" 0 -0.01 0 0 -0.19 0 0 0 0 0 0 0 0 0 0 0 0 0 0 0 -0.01
"GDA" 0 0 0 -0.04 0 0 0 0 0 0 0 0 0 0 0 0 0 0 0 0 0
"FEZ2" 0 0 0 0 0 0 0.12 0 0 0.13 0 0.07 0.2 0.04 0 0 0 0 0 0 0.03
"SH3PXD2A" 0 0 0 0 0 0 0 0 0 0 0 -0.18 0 0 0 0 0 0 0 0 -0.01
"MICAL2" -0.01 0 0 0 0 -0.05 0 0 0 0 0 0 0 -0.16 0 0 0 0 -0.04 0 -0.01
"GCC2" 0 -0.44 -0.27 -0.24 -0.28 0 -0.39 -0.07 -0.24 -0.42 -0.16 -0.3 -0.2 -0.27 -0.05 -0.26 -0.26 -0.47 -0.36 -0.48 -0.26
"UBE3C" -0.05 0 0 -0.1 0 0 0 0 0 0 0 -0.21 0 0 -0.1 0 0 0 0 -0.12 -0.03
"RAPGEF2" 0.85 0 0.56 0.12 0.67 0 0.68 0.16 0.37 0.5 0.61 0 0.13 0 0.85 0.26 0.87 0.04 0.66 0.68 0.4
"RIMS2" 0 0 0 0 0 -0.49 -0.03 -0.07 0 -0.47 0 0 0 0 0 0 -0.29 0 0 -0.4 -0.09
"USP6NL" 0.05 0 0 0 0 0 0 0 0 0 0 0 0 0 0.02 0 0 0 0 0.1 0.01
"AQR" 0 0 0 0 0 0 0 0.05 0 0 0 0 0 0 0 0 0 0 0 0 0
"SECISBP2L" 0 0 0 0.25 0 0 0 0 0 0 0 0.07 0 0 0 0 0 0.05 0 0 0.02
"DOCK4" 0 0 0 0 0 0 0 0 0 0 0 0 0 0 -0.02 0 0 0 0 0 0
"CCP110" 0 0 0.12 0 0 0 0 0 0.03 0 0 0 0.14 0 0 0 0 0 0 0.01 0.02
"TCAF1" -0.43 -0.5 -0.76 -0.51 -0.78 -0.65 -0.63 -0.42 -0.39 -0.91 -0.54 -0.59 -0.87 -0.22 -0.6 -0.18 -0.21 -0.51 -0.54 -0.54 -0.54
"SLK" 0 0 0 0 0 0 0 0 0 0 0 0 0 0 0 0 0 0 0 0 0
"RIPOR2" 0.41 0.18 0.47 0.48 0.27 0.12 0.41 0.4 0.54 0.39 0.24 0.21 0.57 0.23 0.45 0.36 0.11 0.41 0.43 0.46 0.36
"LZTS3" 0 -0.01 0 0 0 -0.09 0 0 0 0 0 -0.02 -0.09 -0.18 0 -0.19 -0.18 0 0 0 -0.04
"RB1CC1" -0.39 -0.74 -1.09 -0.82 -1.3 -0.29 -0.21 -1.23 -0.51 -0.56 -0.37 -0.56 -0.71 -0.58 -0.28 -0.4 -0.12 -0.29 -0.56 -0.64 -0.58
"ARHGEF11" 0 0 0 0 0 0 -0.01 0 0 0 0 0 0 0 0 0 0 0 0 0 0
"C2CD5" 0 0.03 0 0.01 0.43 0 0 0.15 0.08 0 0 0 0 0 0 0 0 0 0 0 0.04
"ZNF518A" 0.14 0.18 0 0 0.2 0 0 0.11 0.12 0.04 0 0.33 0.04 0.08 0 0 0.19 0 0 0.27 0.08
"CEP170" 0 -0.09 0 -0.09 0 0 0 0 0 0 0 0 0 0 0 0 0 0 0 0 -0.01
"MAGI2" 0 0 0 0 0.01 0 0 0 0 0 0 0 0 0 0 0 0 0 0 0 0
"FCHSD2" 0 0 0 0 0 0 0 0 0 0.05 0 0 0.11 0.2 0 0.32 0 0 0.19 0 0.04
"DDX46" 0 0 0 0 -0.09 0 -0.05 0 0 -0.02 -0.04 0 -0.12 0 0 0 0 0 -0.03 -0.13 -0.02
"SRGAP3" -0.17 -0.16 0 0 -0.49 0 -0.23 -0.45 0 0 0 0 -0.08 0 0 -0.07 0 0 -0.23 0 -0.09
"OXSR1" 0 0 0 0 0 0 0 0 0 0 0 0 0 0 0 0 0 0 0 -0.14 -0.01
"NR1D2" 0 0 0 0 0 0 0 0 0 0 0 0 0 0 0 0 0 0 0 0 0
"DOP1B" 0.23 0 0 0 0 0 0.12 0 0.28 0.08 0 0 0.09 0 0 0 0.1 0 0.03 0 0.05
"HNRNPDL" 0 0 0 0 0 0 0.23 0 0 0 0 0.07 0 0 0 0 0 0 0.03 0 0.02
"ABI1" 0.01 0 0 0 0 0.04 0 0 0 0 0 0 0.07 0 0 0.06 0 0 0 0 0.01
"EDIL3" 0 0 0 0 0 0 0 0 0 0 -0.01 0 0 0 -0.04 0 0 0 0 -0.01 0
"NAMPT" 0 0 0 0 0 0 0 0 0 0 0 0.01 0 0 0 0 0 0 0 0 0
"PLXNC1" 0.16 0 0 0.24 0.14 0.42 0.01 0.04 0.14 0.33 0 0.34 0.17 0.07 0 0 0 0.19 0.25 0.18 0.13
"SLC25A13" 0.38 0.15 0.36 0.41 0.34 0.54 0.45 0.28 0.42 0.36 0.24 0.18 0.42 0.47 0.45 0.29 0.27 0.31 0.34 0.69 0.37
"RBM5" 0 0 0 0 0 0 0 0 0 0 0 0 0 0 0 -0.05 0 0 0 0 0
"TRIM13" -0.01 0 0 -0.25 0 0 0 0 -0.19 -0.03 -0.1 -0.26 -0.11 0 -0.08 0 0 -0.03 -0.2 0 -0.06
"PATJ" 0 0.04 0.17 0 0.3 0 0 0.18 0.02 0 0 0 0 0 0 0 0 0 0.04 0.08 0.04
"USPL1" 0.3 0.25 0.37 0.34 0.38 0.35 0.39 0.35 0.34 0.28 0.21 0.36 0.38 0.21 0.28 0.07 0.41 0.45 0.34 0.42 0.32
"AP3S2" -0.04 -0.04 -0.09 -0.02 -0.07 0 -0.01 -0.01 0 0 -0.03 0 -0.11 -0.04 -0.22 0 0 0 -0.02 -0.24 -0.05
"CALCOCO2" 0 0 0.06 0 0 0 0 0 0 0 0 0 0 0 0 0 0 0 0 0 0
"SRRM1" 0 0 0.26 0 0 0 0.12 0 0 0 0 0 0 0 0 0 0 0 0 0 0.02
"DENND4A" 0.6 0 0 0 0 0 0.06 0 0 0 0.03 0.29 0 0 0 0.04 0 0.2 0 0 0.06
"STAG1" 0 0 0 0 0 0 0 0 0 0 0 0 0 0 0 0 0 0 0 -0.3 -0.01
"CWC27" 0.64 0.37 0.28 0.61 0.32 0.03 0.42 0.14 0.42 0.48 0.42 0.72 0.15 0.1 0.42 0.43 0.17 0.34 0.29 0.35 0.36
"MAEA" 0.15 0 0 0.08 0.07 0.06 0.16 0 0.07 0.17 0.06 0.14 0.12 0.22 0.23 0.03 0.08 0.08 0.02 0.15 0.09
"LANCL1" 0 0 0 0 0 0 0 0 0 0 0 0 0 0 0 0 0 0 0 0 0
"NPM2" 0 0 0 0 0 0 0 0 0 0 0 0 0 0 0 0 0.08 0 0 0 0
"CITED2" 0 0 0 0 0 0 0.07 0 0 0 0 0 0 0 0 0 0 0 0 0 0
"CORO2B" -0.1 0 -0.14 0 0 -0.1 0 0 0 0 -0.16 0 0 -0.45 -0.03 -0.03 0 0 0 -0.02 -0.05
"NSA2" 0 0 0 0 0 0 0 0 0 0 0 0 0 -0.04 0 0 0 0 0 0 0
"ARIH2" 0.32 0.28 0.41 0.18 0.21 0.27 0.49 0.14 0.08 0.29 0.68 0.73 0.17 0.22 0.35 0.16 0.33 0.65 0.18 0.37 0.33
"OLFM1" -0.19 0 -0.21 -0.24 -0.2 0 -0.21 -0.03 0 -0.23 -0.78 -0.39 0 0 -0.58 0 -0.08 -0.1 0 -0.18 -0.17
"PIBF1" 0 0 0 0 0 0 0 0 0 0 0 0 0 0 0 0 0 0 0 -0.13 -0.01
"UBE2E3" -0.74 -0.13 -0.64 -0.54 -0.35 -0.24 -0.61 -0.42 -0.73 -0.77 -0.55 -0.11 -0.73 -0.41 -0.72 -0.37 -0.3 -0.1 -0.38 -1.12 -0.5
"SLC25A17" 0 0 0 0.04 0 0.08 0.05 0 0 0.05 0 0.04 0 0.16 0 0.04 0 0 0 0 0.02
"SEMA6B" -0.37 -0.11 -0.14 -0.35 -0.09 -0.3 -0.22 -0.21 -0.13 -0.2 -0.09 -0.11 -0.53 0 -0.26 0 -0.49 -0.25 -0.28 -0.3 -0.22
"DDX17" 0.64 0 0 0.95 0.43 0 0.5 0 0.14 0.37 0.78 0.49 0.52 0 0.09 0 0 0.41 0.23 0 0.28
"IPO8" 0 0 0 0 0 0 0 0 0 0 0 0 0 0 0.04 0 0 0 0 0 0
"LAMTOR5" 0 0 0 0 0 0 0 0 0 0 0 0 0 0 0 0 0 0 0.13 0 0.01
"SPTLC1" -0.07 0 -0.13 -0.21 0 0 -0.16 -0.01 -0.01 -0.15 -0.15 -0.26 -0.18 -0.03 0 0 -0.04 -0.08 -0.2 -0.2 -0.09
"SLC35A1" 0 0 -0.18 0 0 0 0 0 0 0 0 -0.03 0 0 0 0 0 0 0 0 -0.01
"ARFGEF2" 0.53 1.02 0.79 0.8 0.88 0.59 1.18 1.28 0.79 1.12 0.79 0.5 1.13 0.81 1.11 0.68 0.81 0.68 0.86 0.92 0.86
"IGF2BP3" 0.14 0.29 0.23 0.22 0.5 0.13 0.4 0.38 0.4 0.31 0.22 0.26 0.25 0.33 0.24 0.35 0.16 0.13 0.32 0.41 0.28
"SPINT2" 0 -0.08 0 0 0 0 0 -0.03 0 -0.08 0 -0.01 0 -0.23 -0.07 -0.04 0 -0.07 -0.01 0 -0.03
"CELF2" -0.74 -0.01 -1.02 -0.46 -0.12 -0.78 -0.38 -0.85 0 -0.77 -1.13 -0.94 -0.43 -0.82 -1.05 -0.77 -0.36 -0.74 -0.52 0 -0.59
"RAI1" 0 0 0 0 0 0 0 0 0 0 0 0 0 0 0 -0.15 0 0 0 0 -0.01
"WASF3" 0.21 0.39 0.4 0.23 0.61 0 0.72 0.88 0.33 0.58 0 0 0.56 0.43 0.23 0.07 0 0.11 0.38 0.76 0.34
"PDE10A" 0 0 0 0 0.11 0 0 0 0 0 0 0 0 0 0 0 0 0 0 0 0.01
"TXNL4A" 0 0 0 0 0 0 0 0 0 0 0 -0.01 0 0 0 0 0 0 0 0 0
"SUGT1" 0 0 0 0 0 0 0 0 0 0 0 0 0 0 -0.1 0 0 0 0 -0.1 -0.01
"PAPOLA" 0 0 0.44 0 0 0.04 0 0 0 0.06 0 0.22 0.12 0 0 0 0 0 0 0 0.04
"SPIN1" 0 0.02 0 0.24 0.16 0 0.11 0 0 0.32 0.25 0 0.51 0.21 0 0 0 0.59 0.16 0 0.13
"SRSF8" 0 0 0 0 0.05 0 0.01 0 0 0 0 0 0 0 0.1 0 0 0 0.01 0 0.01
"OS9" 0 0 -0.11 0 0 0 -0.01 -0.07 -0.18 0 0 -0.11 -0.07 -0.17 -0.14 -0.28 0 -0.31 -0.05 -0.06 -0.08
"OGFR" 0 -0.05 -0.09 0 -0.09 -0.11 -0.09 0 -0.18 0 0 -0.05 -0.01 -0.12 0 0 0 0 -0.12 -0.01 -0.05
"DDX52" 0 0 0 0 0 0 0 0 0 0 0 0 0 0 0 0 0 0 0.03 0 0
"WWP2" 0 0 0 0 0 0 0 0 0 0 0 -0.21 0 0 0 0 0 -0.27 0 -0.12 -0.03
"GLMN" 0 0 0 0 0 0 0 0 0 0 0 0 0 0 0 0 0 0 0 -0.02 0
"STRAP" 0 0 0 0 0 0 0 0 0 0 0 0 0 0 0 0 0 -0.06 0 0 0
"ADAMTS6" 0.02 0 0 0 0 0 0 0.09 0 0 0 0 0 0 0 0 0.05 0.11 0.09 0.04 0.02
"NISCH" 0.1 0 0.05 0 0 0 0.08 0 0 0 0.1 0 0.2 0.08 0 0 0 0.02 0 0 0.03
"ABCB8" 0 0 0 0 0.04 0 0 0 0 0 0 0.02 0 0 0 0 0 0.11 0 0 0.01
"VPS45" 0 0 0 0 0 0 0 0 0 0 0 0.1 0 0 0.08 0 0 0 0 0 0.01
"ACOT7" 0 0 0 0 0 0 0 0 0 0 0 0 0 0 0 0 0 0 0 -0.06 0
"CBX3" 0.22 0.12 0.19 0 0.12 0 0.05 0.08 0 0.07 0.27 0 0.02 0 0.25 0 0.11 0 0 0.25 0.09
"RRAS2" 0 0 0 0 0 0 0 0 0 0 0.03 0 0 0 0.22 0 0 0 0 0.12 0.02
"CHSY1" 0 0 0.03 0.22 0 0.04 0 0 0.04 0 0.15 0 0 0 0.06 0 0 0 0 0 0.03
"R3HDM2" 0 0 0 0 0 0 0 0 0 0 0 0 0 0 0 0 0 0 -0.18 0 -0.01
"NLGN1" 0 0 0 0 0 0.05 0 0 0 0.18 0 0 0 0 0.1 0 0 0 0 0.79 0.06
"INPP5F" 0 0 0.78 0.32 0.06 0.42 1.14 0.72 0.56 0.81 0 0.96 0.42 0.88 0 0.53 0.34 0.76 0.99 0.51 0.51
"KHDC4" 0 -0.18 -0.02 -0.11 -0.14 -0.27 -0.11 -0.01 -0.17 -0.22 -0.24 -0.27 -0.2 -0.02 0 0 -0.02 0 -0.27 0 -0.11
"ZBTB1" 0 0.11 0.01 0 0.13 0.06 0 0 0.11 0 0 0 0.13 0.23 0 0.19 0.05 0 0.14 0 0.06
"RAB18" 0.05 0.07 0.16 0.34 0.22 0 0.21 0.14 0 0.27 0.19 0.48 0.3 0.12 0.26 0.11 0.16 0.37 0.15 0.23 0.19
"SNW1" -0.05 -0.19 -0.05 0 -0.22 -0.19 -0.2 -0.06 -0.02 -0.14 -0.21 -0.04 -0.12 0 -0.07 0 -0.15 0 -0.04 0 -0.09
"CCT5" 0 0 0 0 -0.22 0 0 -0.13 0 0 0 0 0 0 -0.19 0 0 0 -0.1 -0.05 -0.03
"PTGR1" 0 0 0 0 0 0 0 0.04 0 0 0.05 0 0 0 0.15 0 0 0 0 0 0.01
"NINL" 0 0 0 0 0 0 0 0 0 0 0.1 0 0 0 0.09 0 0 0 0 0.09 0.01
"GOLGA8A" -0.62 -0.91 -0.78 -0.56 -1.03 -0.6 -0.69 -1.04 -0.82 -0.81 -0.44 -1.09 -1.02 -0.86 -0.64 -0.58 -0.67 -0.55 -0.79 -0.7 -0.76
"SNRNP200" 0 -0.31 -0.08 -0.04 -0.29 0 -0.25 -0.25 -0.19 -0.22 -0.13 -0.22 -0.19 -0.06 -0.17 -0.13 -0.02 -0.21 -0.07 -0.32 -0.16
"TMCC1" 0 0.28 0 0.22 0 0.2 0 0.54 0.17 0.29 0.17 0.11 0.32 0.33 0.11 0.25 0 0.08 0.52 0.14 0.19
"MYO16" 0 0.24 0 0 0.23 0 0 0.05 0.01 0.15 0 0.26 0.01 0 0 0.12 0 0 0 0.16 0.06
"WAPL" 0 0.23 0.03 0 0.11 0.33 0.17 0.16 0.16 0.04 0 0 0.17 0.19 0 0.21 0.04 0 0.18 0 0.1
"CAND2" 0 0 0 0 0 -0.04 0 0 0 0 0 0 -0.08 -0.03 0 0 0 0 0 -0.05 -0.01
"PEG10" -0.44 -0.64 -0.71 -0.83 -0.74 -0.65 -0.63 -0.5 -0.54 -0.73 -0.61 -1.02 -0.42 -0.6 -0.62 -0.67 -0.43 -0.77 -0.88 -0.76 -0.66
"ZC3H13" -0.13 -0.29 -0.18 -0.17 -0.24 0 -0.41 -0.12 -0.01 -0.31 -0.16 -0.5 -0.4 -0.35 -0.19 -0.33 0 0 -0.56 -0.14 -0.23
"KIF1B" -0.99 -0.38 -0.58 -1.26 -0.4 0 -0.36 -0.54 -0.35 -0.21 -0.31 -0.8 -0.28 -0.63 -0.54 -0.39 -0.12 -0.55 -0.04 -0.41 -0.46
"SARM1" -0.01 0 0 0 0 0 0 0 0 0 0 0 0 0 0 0 -0.02 0 0 0 0
"TBC1D2B" 0 0 0 0 0 0 -0.06 0 0 0 0 -0.03 -0.13 0 0 0 0 0 0 0 -0.01
"MRPS27" 0 0 0 0 0 0 0 0 0 0 0 0 0 0 0 0 0 0 0 0 0
"SPART" 0 0 0 0 0 0 0 0 0 0 0 0 0 0 0 0 0 0 0 0.08 0
"TNRC6B" 0.4 0.57 0.24 0.04 1.26 0.33 0.7 0.95 0.38 0.85 0.16 0 0.42 1.48 0.24 0.4 0 0 0.76 0.28 0.47
"CLASP2" 0.57 0 0.19 0 0 0 0.13 0 0 0 0 0.22 0 0 0 0 0 0.05 0.08 0 0.06
"POGZ" 0.83 0.96 1.27 1.12 0.82 0.6 0.69 0.8 1.2 0.96 0.94 0.98 0.71 1.15 0.82 1.14 1.09 1.15 0.91 0.9 0.95
"MAST2" 0 0 0 0 0 0 0 0 0 0 0 0 0 0 0 0 0 0.28 0 0 0.01
"LRCH1" 0.28 0.62 0.46 0.5 0.53 0.47 0.75 0.43 0.55 0.5 0.16 0.29 0.5 0.58 0.57 0.13 0.58 0.1 0.54 0.52 0.45
"NCDN" 0 0 0 0 0 -0.13 0 0 0 0 0 0 0 -0.08 0 0 0 0 0 0 -0.01
"NUP205" 0 0 0 0 0 -0.02 0 0 0 0 0 0 0 0 0 0 0 0 0 0 0
"RTF1" 0 -0.1 -0.06 0 0 0 0 -0.03 0 -0.12 0 0 -0.09 0 0 0 0 0 0 -0.23 -0.03
"SLC35D1" 0.36 0.09 0.45 0.09 0.36 0.25 0.21 0.21 0.46 0.38 0.64 0.62 0.1 0.3 0.51 0.15 0.27 0.36 0.25 0.18 0.31
"DIP2A" 0 0 -0.13 0 0 -0.2 0 0 0 0 0 0 0 -0.32 0 0 0 0 -0.13 0 -0.04
"FAF2" 0 0 0 0 0 0 0 0 0 0 0 0.11 0 0 0 0 0 0 0.12 0 0.01
"SULF1" 0 0 0 0 0.06 0 0 0 0 0 0 0 0 0 0 0 0 0 0 0 0
"ZFR2" -0.58 -0.6 -0.23 -0.6 -0.47 -0.31 -0.86 -0.45 -0.64 -0.65 -0.55 -0.6 -0.71 -0.36 -0.56 -0.47 -0.55 -0.61 -0.78 -0.49 -0.56
"SEL1L3" -0.21 0 -0.09 -0.05 0 -0.05 -0.08 0 -0.08 -0.07 0 -0.07 -0.07 0 -0.19 -0.06 -0.02 -0.08 0 -0.23 -0.07
"OTUD3" 0 0 0 0 0.2 0 0 0 0 0 0 0 0 0 0 0 0 0 0 0.07 0.01
"ANKRD12" 0 0 0 -0.04 0 0 0 0 0 0 0 0 0 0 0 0 0 0 0 0 0
"SCFD1" -0.09 0 0 0 0 0 -0.11 0 0 0 0 0 0 0 0 0 -0.23 0 0 0 -0.02
"CAMTA1" 0 0 0 0.01 0 0 0 0 0 0 0 0 0 0 0.24 0 0 0 0 0 0.01
"MGA" 0.42 0 0.54 0.12 0.1 0.36 0.66 0 0.47 0.29 0.45 0.37 0.28 0.67 0.23 0.8 0.11 0.17 0.32 0.36 0.34
"NUP160" 0 0 0 0 -0.01 0 0 0 0 0 0 0 0 0 0 0 0 0 0 0 0
"KIF13B" 0 -0.04 0 -0.02 -0.21 -0.17 -0.16 -0.08 0 0 -0.05 0 0 0 -0.04 0 0 0 0 -0.18 -0.05
"TRIM2" 1.05 0.22 0.86 0.85 0 1.38 0.43 0 0.49 0.94 1.36 0.72 1.1 0.64 1.18 1.13 1.4 0.72 1.12 0.91 0.83
"WASHC4" 0 0 0 0 0 0 0 0 0 0 0 0 0 0 0 0 0 0 0 0 0
"JADE2" 0 -0.11 0 0 0 0 -0.01 0 0 0 0 0 0 -0.01 0 -0.1 0 0 0 0 -0.01
"SYNE1" 0 0 0 0 0 0 0 0.01 0 0 0 0 0 0 0 0 0 0 0 0 0
"SUN1" 0.12 0 0.1 0.09 0.13 0 0.14 0.01 0 0 0 0.36 0 0 0.19 0 0.02 0 0 0 0.06
"VPS8" -0.8 -0.36 -0.48 -0.18 -0.56 -0.58 -0.89 -0.62 -0.77 -0.58 -0.55 -1.04 -0.55 -0.41 -0.6 -0.51 -0.44 -0.66 -0.44 -0.51 -0.58
"LARS2" 0 0 0 0 0.09 0 0 0.11 0 0 0 0.04 0 0 0 0 0.01 0.3 0 0 0.03
"ITGB3BP" -0.09 -0.02 0 -0.13 -0.09 -0.26 -0.25 -0.15 -0.33 -0.36 -0.18 0 -0.2 -0.34 -0.01 -0.24 -0.33 -0.4 0 -0.27 -0.18
"RHOQ" 0 0 0 0 0 0 0 0 0 0 0 0 0 0 0 0 0 0 0.04 0 0
"SLC44A1" 0 0 0 0 0 0 0 0 0 0 0 0 0 0 -0.05 0 0 0 0 0 0
"NPTXR" 0 0 0 0 0 0 0 0 0 0 0 0 0 0 0 0 0 0 0 0 0
"LEPROTL1" 0 -0.05 0 0 -0.07 0 0 -0.04 0 0 0 -0.07 0 0 -0.01 0 0 0 0 -0.04 -0.01
"CBX7" 0 0.06 0.25 0.1 0.29 0.06 0.47 0.09 0 0.14 0.13 0.38 0.2 0 0.05 0 0 0.36 0.07 0.25 0.15
"BICRAL" 0.26 0.51 0.42 0.34 0.56 0.26 0.06 0.46 1.02 0.47 0.6 0.95 0.22 0.04 0.76 0.21 0.23 0.08 0.47 0.39 0.42
"R3HDM1" -0.78 -0.18 -0.6 -0.44 -0.4 -0.81 -0.96 -0.25 -0.45 -0.54 -0.48 -0.06 -0.73 -0.48 -0.81 -0.36 -1.31 -0.66 0 -0.9 -0.56
"SRRM2" 0 0.12 0 0 0.1 0.08 0 0.21 0.04 0 0.04 0 0.07 0 0 0 0 0 0 0 0.03
"ACAP2" 0 0 0 0 0 0 0 0 0 0 0 0.3 0 0 0 0 0 0.05 0 0 0.02
"PISD" 0 0 -0.07 0 0 0 0 0 0 0 0 0 0 0 0 0 0 0 0 -0.04 -0.01
"FLRT3" 0 0 0 0 0 0 0 0 0 0 0 0.26 0 0 0.07 0 0 0 0 0.07 0.02
"BRD1" 0 -0.06 0 -0.31 -0.21 0 -0.21 -0.18 -0.15 -0.1 0 0 0 -0.04 -0.03 -0.02 0 0 0 -0.1 -0.07
"KIAA1549L" 0 0 -0.1 0 0 0 0 -0.09 0 0 0 0 0 -0.02 0 0 0 0 -0.27 0 -0.02
"MPC2" 0 0 0 0 0 0 0 0 0 0 0 0.05 0 0 0 0 0 0 0 0 0
"LETMD1" 0 0 0 0 0 0 0.08 0 0 0 0 0 0 0 0 0 0 0 0.01 0 0
"CNRIP1" 0 0 0 0 0.13 0 0 0 0 0 0 0 0 0 0 0 0 0 0 0.1 0.01
"GEMIN5" 0 -0.03 0 0 -0.06 0 0 -0.16 0 0 -0.14 0 -0.06 0 -0.05 0 0 0 -0.04 0 -0.03
"NSL1" 0.08 0 0 0.49 0.05 0.05 0.35 0 0.23 0.29 0.01 0.37 0.51 0 0.32 0.35 0 0.07 0.25 0.26 0.18
"HEATR5A" 0 0 0 0 0 0 0 0 0 0 0 0 0 0 -0.01 0 0 0 0 0 0
"ZNF385A" 0 0 0.21 0.14 0.31 0 0.32 0.22 0 0.26 0 0.12 0.15 0.22 0.31 0.21 0 0.12 0.12 0.26 0.15
"C2CD2" 0 0 0 0 0.12 0 0 0 0 0.05 0 0 0.04 0 0.04 0 0 0 0 0.14 0.02
"SH2B1" 0 0 0 0 0 0 0 0 0 0 0 0.04 0 0 0 0 0 0.01 0 0 0
"SNED1" 0 0 0 0 0 -0.11 0 -0.07 0 -0.08 -0.02 -0.08 0 0 -0.08 0 -0.09 -0.14 -0.18 -0.12 -0.05
"TENM4" 0 0 0 0 0 -0.14 0 0 -0.07 0 0 0 0 0 0 0 0 0 0 0 -0.01
"SIPA1L1" 0 0.99 0.79 0 0.86 0 0 0.93 0.28 0 0 0.07 0.2 0.09 0 0 0.35 0 0 0.59 0.26
"CHD5" -0.41 0 0 0 0 0 -0.24 0 0 0 -0.36 -0.1 0 0 -0.42 0 0 -0.16 0 -0.18 -0.09
"DNM3" 0 0 0 0 0 0 0 0 0 0 0 0 0 0 0 0 0 -0.07 0 0 0
"GIGYF2" 0 0 0 0 0 0 0 0 0 0 0 0 0 0 0 0 0 -0.04 0 0 0
"HERC4" 0 0 0 0 0 0 0 0 0 0 0 0 0 0 0 0 0 0 0 -0.13 -0.01
"TOR1AIP1" 0 0 0 0 0 0 0.01 0 0 0 0 0 0 0 0 0 0 0 0 0.01 0
"WSB1" 0.21 0.06 0 0 0 0 0 0 0.32 0.03 0 0.34 0.5 0.13 0 0.05 0.16 0 0.06 0 0.09
"IL1RAPL2" 0 0 0 0 0 0 0 0 0 0 0 0.03 0 0 0 0 0 0 0 0 0
"FAM162A" 0 0 0 0 0 0 0 0 0 0 0 0 0 0 0 0 0 0 0 0.15 0.01
"DAZAP1" 0 0.09 0 0 0.21 0 0 0.14 0.02 0 0 0 0 0 0 0 0 0 0 0 0.02
"AATF" 0 0 0 0 0 0 0 0 0 0 0 0 0 0 0 -0.04 0 0 0 0 0
"BSCL2" 0 0 0 0 0 0 0 0 0 0 0 -0.17 0 0 0 0 0 0 0 0 -0.01
"HBP1" 0 0.06 0 0 0 0 0 0.11 0 0 0 0 0 0 0 0 0 0 0 0 0.01
"SEC22A" 0 0 -0.03 0 0 0 0 0 0 0 0 0 0 -0.01 0 0 0 0 0 0 0
"ATP2C1" 0 0 0 0 -0.33 0 0 0 0 0 0 0 0 0 0 0 0 0 0 0 -0.02
"SND1" 0 0 0.18 0.09 0.23 0 0 0 0.27 0 0 0 0.07 0 0 0 0 0 0.24 0.26 0.07
"B3GAT1" 0 0 0 0 0 0 0 0 0 0.08 0 0.34 0.05 0 0 0 0 0.09 0.26 0 0.04
"DKK2" -0.14 -0.13 -0.12 -0.2 -0.14 0 -0.14 0 -0.06 -0.01 0 -0.06 0 0 -0.03 -0.07 -0.17 -0.09 -0.08 -0.05 -0.07
"FAM184B" 0 0 0 0 -0.02 -0.09 -0.01 0 0 0 -0.17 -0.02 -0.08 0 0 0 -0.05 -0.1 -0.03 0 -0.03
"INTU" 0.1 0 0 0 0 0 0 0 0 0 0 0.01 0 0 0.01 0 0 0 0 0.14 0.01
"TUBG2" 0 0 -0.13 -0.08 -0.03 -0.23 -0.16 -0.08 -0.26 -0.12 -0.1 0 -0.25 0 -0.25 0 -0.06 0 -0.03 -0.11 -0.09
"DISC1" -0.36 -0.36 -0.37 -0.36 -0.46 -0.2 -0.27 -0.34 -0.44 -0.38 -0.48 -0.4 -0.29 -0.48 -0.62 -0.22 -0.24 -0.32 -0.42 -0.42 -0.37
"KLHL20" 0 0 0 0 0 0 0 0 0 0 0 0 0 0 0 0 0 0 0 -0.04 0
"PCDH17" 0 0 0 0 0 0 0 0 0 0 0 0 0 -0.03 0 0 0 0 0 0 0
"TNRC6A" 1.65 1.59 1.55 0.98 1.21 0.33 2.14 2.06 1 1.51 1.92 0.8 2.23 1 2.84 2.28 1.35 1.57 1.71 1.82 1.58
"GOLIM4" 0.1 0.07 0.11 0 0 0 0 0.04 0 0 0.01 0 0 0 0.17 0.01 0 0 0 0 0.03
"PRPF19" 0.05 0 0 0 0 0 0 0.04 0.06 0 0 0 0 0 0 0 0 0 0 0 0.01
"PCLO" 0 0 0 -0.48 -0.32 0 -0.62 0 0 0 0 -0.58 0 0 0 0 0 -0.62 0 0 -0.13
"CDH20" 0 0 0 0 -0.02 0 0 0 0 0 0 0 -0.1 0 0 0 0 0 0 -0.13 -0.01
"SLC27A6" -0.53 -0.4 -0.24 -0.36 -0.26 -0.41 -0.28 -0.34 -0.36 -0.41 -0.45 -0.41 -0.35 -0.36 -0.4 -0.26 -0.29 -0.45 -0.39 -0.24 -0.36
"BZW2" 0 0 0 0 -0.06 0 0 -0.04 0 0 0 0 0 0 0 0 0 0 -0.01 0 -0.01
"SSU72" 0 0 0 0 0 0 0.02 0 0 0 0 0 0.06 0 0 0 0 0 0.1 0 0.01
"SNX8" 0 0.01 0.08 0.21 0.06 0 0.28 0.11 0.12 0.09 0 0 0 0 0.07 0 0 0 0 0.09 0.06
"EEF2K" 0 0.06 0 0 0.14 0 0.03 0 0 0 0 0 0 0 0 0 0 0.07 0 0 0.02
"PNMA3" 0 0 0 0 0 0 0 0 0 0 0 0 0 0.02 0 0 0 0 0 0 0
"SH3KBP1" -0.38 -0.86 -0.64 -1.08 -0.84 -0.15 -0.47 -0.65 -1.19 -0.72 -0.47 -0.83 -0.83 -0.25 -0.71 -0.42 -0.24 -0.96 -1.08 -0.54 -0.67
"HUNK" 0 0 0 0 0 0 0 0 0 0 0 -0.03 0 0 0 0 0 0 0 0 0
"KCNIP2" 0 0.12 0.12 0.26 0.22 0 0 0.07 0.07 0.26 0.12 0.16 0.41 0 0.1 0.05 0.17 0.06 0.07 0.15 0.12
"SMARCAL1" 0 0 0.02 0 0 0 0 0 0 0 0 0 0 0 0 0 0 0 0 0 0
"ITSN2" 0.37 0 0.47 0.39 0.27 0.33 0.41 0 0.21 0.26 0.17 0.38 0.32 0.67 0.28 0.46 0.23 0.23 0.37 0.05 0.29
"ARHGEF4" 0 0 0 0 0 0 -0.09 0 0 0 0 0 0 0 0 0 0 0 0 -0.06 -0.01
"MYEF2" 0.34 0.51 0.21 0.76 0.72 0.69 0.41 0.71 1 0.43 0.78 0.29 0.67 0.95 0.55 0.59 0.14 0 0.68 0.5 0.55
"NTM" 0 0 0 0 0 0 0 0 0 0 0 0 0 0 -0.13 0 0 0 0 0 -0.01
"GOLT1B" -0.1 -0.33 -0.3 -0.28 -0.19 -0.04 -0.34 -0.35 -0.05 -0.25 -0.39 0 -0.36 -0.04 -0.42 0 -0.29 -0.36 -0.13 -0.48 -0.23
"PHF20L1" 0 0 0 0 0 0 -0.07 0 0 0 0 0 0 0 0 0 0 0 0 0 0
"SAR1B" 0 0 0 0 -0.06 0 0 -0.09 0 -0.14 -0.04 0 0 -0.08 0 0 0 0 -0.06 0 -0.02
"RSL24D1" -0.02 -0.09 -0.2 -0.13 -0.38 -0.01 -0.24 -0.32 0 -0.2 -0.25 0 -0.04 -0.23 -0.18 -0.16 -0.13 0 -0.14 -0.22 -0.15
"IPO11" -0.18 -0.32 -0.06 -0.16 -0.17 -0.28 -0.33 -0.29 -0.34 -0.23 -0.37 -0.08 -0.29 -0.24 -0.32 -0.13 -0.37 -0.36 -0.38 -0.22 -0.26
"NIN" 0 0 0 0 0 0 0 0 0 0 0 0 0 0 0 0 0 -0.03 0 0 0
"REEP2" -0.49 -0.08 -0.19 -0.32 -0.17 -0.35 -0.44 -0.13 -0.32 -0.28 -0.24 -0.17 0 -0.05 -0.5 -0.09 -0.14 -0.13 0 -0.41 -0.23
"RSRC1" 0 0 0 0 0 0.07 0.18 0 0 0 0 0 0 0 0 0 0 0 0 0 0.01
"ARL17A" -0.81 -0.64 -0.8 -0.36 -0.67 -0.63 -0.47 -0.73 -0.2 -0.5 -0.29 -0.38 -0.45 -0.62 -0.49 -0.37 -0.84 -0.47 -0.52 -0.43 -0.53
"CDC40" -0.22 -0.01 -0.06 0 -0.07 -0.13 -0.04 0 -0.06 -0.01 -0.24 0 -0.18 -0.01 -0.19 0 0 0 0 -0.11 -0.07
"CRLF3" 0 0 0 0 0 0 0 0.2 0.1 0 0 0 0 0 0 0 0 0 0 0 0.02
"FAM8A1" 0 0 0 0 0 0 0.14 0 0 0 0 0 0 0 0 0 0 0 0 0 0.01
"RNF138" 0 0 0 -0.09 0 0 0 0 0 0 0 0 0 0 0 0 0 0 0 0 0
"LIMA1" 0 0 0 0 0 0 0.11 0 0 0 0 0 0 0 0 0 0 0 0 0 0.01
"PCF11" 0 0.03 0 0 0 0 0 0.06 0 0 0 0 0 0 0 0 0 0 0 0 0
"ATP6V1H" 0.19 0.58 0.51 1.08 0.86 0.74 1.29 0.66 0.76 1.04 1.04 0.75 1.11 0.76 1.15 0.88 0.95 0.78 1.1 1.12 0.87
"GPRC5B" 0 0 0 0 0 0 0.01 0 0 0 0 0 0 0 0 0 0 0 0 0 0
"CMPK1" 0 0 0 0 0 0 0 0 0 0 0 0 0 0 0 0 0 0 0 0 0
"WWOX" 0.18 0.74 0.48 0.81 0.48 0.7 0.39 0.26 0.99 0.67 0.24 0.19 0.62 0.51 0.22 0.92 0.08 0.38 0.44 0.59 0.5
"PCBP3" 0.17 0 0.07 0.14 0 0.26 0 0 0.09 0.39 0.2 0.43 0.16 0.14 0.27 0.03 0.1 0.36 0.01 0.23 0.15
"FBXO42" 0.13 0.13 0.06 0 0.01 0 0.05 0.14 0 0.06 0.26 0.34 0 0 0.1 0 0 0.03 0.17 0 0.07
"XRN1" 0.48 0.24 0.16 0.29 0.56 0 0.06 0.11 0.06 0.14 0 0 0 0.01 0 0 0 0 0.03 0.19 0.12
"WDR44" 0.36 0 0.09 0 0 0 0.12 0 0 0.06 0 0 0.16 0.25 0 0.45 0.39 0 0.11 0.22 0.11
"USP53" -0.28 -0.16 -0.45 -0.19 -0.2 -0.08 -0.21 -0.21 -0.2 -0.43 -0.38 -0.21 -0.34 -0.07 -0.29 -0.23 -0.09 -0.03 -0.39 -0.22 -0.23
"EGLN1" 0 0 0 0 0 0 0 0 0 0 0 0.03 0 0 0 0 0 0 0 0 0
"INO80" 0 -0.07 -0.29 0 -0.34 0 -0.27 -0.37 -0.05 -0.22 -0.14 -0.15 -0.3 -0.17 0 0 0 0 -0.17 0 -0.13
"MINDY2" 0.3 0.26 0.56 0.42 0.5 0.58 0.25 0.61 0.27 0.32 0.19 0.16 0.24 0.14 0.11 0.06 0.05 0.46 0.49 0.44 0.32
"LRRN3" 0 0 -0.04 -0.03 0 0 0 0 0 0 -0.03 0 0 -0.05 -0.08 -0.23 0 0 0 0 -0.02
"ZRANB1" 0 0 0 0 0 0 0 0 0 0 0 0.12 0 0 0 0 0 0 0 0 0.01
"TRIM44" 0 0 0 0 -0.04 0 0 0 0 0 -0.13 0 0 0 0 0 0 0 0 0 -0.01
"MBTD1" 0 0 -0.04 0 0 -0.03 0 -0.03 0 0 -0.07 -0.04 0 0 0 0 0 0 0 0 -0.01
"AHI1" -2.06 -1.91 -3.75 -2.75 -2.5 -2.74 -2.66 -2.51 -2.28 -2.73 -1.71 -1.63 -2.66 -3.12 -2.24 -2.68 -2.26 -1.67 -2.32 -3.14 -2.47
"ZNF586" -0.12 -0.01 0 0 -0.21 0 -0.19 0 -0.08 -0.19 0 0 -0.07 -0.04 -0.22 0 -0.16 0 -0.06 -0.15 -0.07
"GATAD2A" 0 0 0 0 0 -0.07 0 0 0 0 0 0 0 -0.04 0 0 0 0 0 0 -0.01
"ZNF280D" 0 0 0 0 0.05 0.14 0 0 0 0.05 0 0 0 0.37 0 0 0 0 0.23 0.6 0.07
"SYTL2" 0 0 0.01 0 0.12 0 0 0.02 0 0 0 0 0 0 0 0 0 0 0 0 0.01
"GON4L" -0.08 0 -0.01 0 0 -0.04 0 -0.09 0 0 -0.05 0 0 0 -0.19 0 0 -0.05 0 -0.16 -0.03
"FNBP1L" 0 0 0 0 0.21 0.06 0.19 0 0 0 0 0.68 0.06 0.01 0 0 0.38 0.22 0 0 0.09
"CNTLN" 0.24 0 0 0.02 0 0.06 0 0 0.02 0 0 0.02 0.02 0 0 0 0.08 0.16 0 0 0.03
"NSUN2" 0 0 0.24 0 0 0.19 0 0 0 0.13 0 0.21 0.26 0.1 0 0.25 0.02 0 0.07 0 0.07
"INO80D" -0.1 0 0 -0.02 -0.1 0 -0.11 -0.06 -0.07 -0.1 -0.21 0 -0.1 0 -0.2 0 0 0 -0.16 -0.25 -0.07
"NSD3" 0.46 0 0.26 0.39 0.29 0.12 0 0.68 0 0.27 0 0 0 0 0.78 0 0.24 0 0.45 0.42 0.22
"TMEM260" 0 0 0 0 0 0 -0.04 0 0 0 0 0 0 0 0 0 0 0 0 0 0
"CHCHD3" 0 0 0 0 0 0 0 0 0 0 0.06 0 0.06 0 0.26 0 0.03 0 0.26 0.09 0.04
"ULK4" -0.11 0 0 0 -0.07 -0.02 0 -0.06 0 0 0 0 0 0 0 0 -0.09 0 0 0 -0.02
"BSDC1" 0 0.48 0.2 0.2 0.4 0.18 0.13 0.36 0.14 0.25 0 0.15 0.38 0.19 0 0 0.09 0.14 0.36 0.22 0.19
"ASXL2" 0 0 0 0 0.08 0 0 0.14 0 0 0 0 0 0 0 0 0 0 0 0 0.01
"WDR41" 0 0 -0.13 -0.35 -0.25 -0.11 -0.18 -0.08 -0.02 -0.01 -0.12 -0.39 -0.24 -0.04 -0.03 0 -0.07 0 -0.08 -0.15 -0.11
"PHF10" 0 0 0 0.08 0 0 0 0 0.06 0 0 0.17 0.02 0 0 0 0 0 0 0 0.02
"FGGY" 0 0 0 0 0 0.03 0.09 0 0 0 0 0 0.09 0 0 0 0.11 0 0 0 0.02
"PPP6R3" 0 0 0 0 0 0 0.15 0 0 0 0 0 0 0 0 0.12 0 0.02 0 0 0.01
"STK32B" -0.07 0 -0.06 -0.16 -0.06 -0.16 -0.15 0 -0.02 -0.12 -0.16 0 -0.22 -0.11 -0.09 0 -0.21 -0.04 -0.09 0 -0.09
"STRADB" -0.18 -0.27 -0.39 -0.3 -0.18 -0.2 -0.21 -0.19 -0.22 -0.23 -0.2 -0.39 -0.19 -0.12 -0.15 -0.26 -0.36 -0.15 -0.4 -0.4 -0.25
"NDUFAF7" 0 0 0 0 0 -0.17 -0.01 0 0 0 -0.14 0 -0.11 0 0 0 0 0 -0.12 0 -0.03
"SLC30A10" -0.1 -0.11 0 -0.4 -0.22 -0.26 -0.36 -0.01 -0.17 -0.24 -0.32 -0.43 -0.02 -0.38 -0.14 -0.37 -0.34 -0.34 -0.23 -0.18 -0.23
"KIF27" -0.04 0 -0.04 0 -0.18 0 -0.02 -0.17 -0.17 0 -0.06 0 0 -0.18 0 -0.21 0 0 0 0 -0.05
"CARMIL1" -0.16 -0.21 0 0 -0.16 0 -0.26 -0.07 -0.11 -0.04 0 -0.18 -0.05 -0.21 -0.04 -0.14 -0.33 -0.31 -0.07 -0.13 -0.12
"VPS50" 0 0 0 0 -0.03 0 -0.04 0 0 0 0 0 0 0 0 -0.03 0 0 0 0 0
"AMBRA1" 0 0 0 0 0 0 0 0 0 0 0.29 0 0 0 0 0 0 0 0 0 0.01
"KRBOX4" 0 0 0 0 0 0 0 0 0.03 0 0 0 0 0.02 0 0 0 0 0 0 0
"SYBU" 0 0 0 0.19 0 0 0.48 0 0.41 0.3 0 0 0.21 0 0.08 0 0 0 0.19 0.2 0.1
"DENND4C" 0 0 0 0 0 0 0.17 0 0 0 0 0 0 0 0.03 0 0 0 0 0 0.01
"IARS2" 0 0 0 0 0 0 0 0 0 0 0 0 0 0 0 0 0 0 0 -0.06 0
"POLR3B" 0 0 0 0 0 0 0 0 0 0 0 -0.04 0 0 0 0 0 0 0 0 0
"BTBD7" -0.42 0 -0.19 -0.03 0 0 0 -0.1 -0.23 -0.23 -0.3 0 -0.25 0 -0.03 0 0 -0.09 -0.11 0 -0.1
"WDR12" 0 0 0 0 0 0 0 -0.04 0 0 0 0 0 0 0 0 0 0 0 0 0
"IFT122" 0 0 0 0 0.28 0.02 0 0.07 0.15 0.05 0 0.06 0.13 0 0.11 0 0 0 0.06 0.1 0.05
"NGLY1" 0.51 0.38 0.21 0.13 0.5 0.27 0.62 0.14 0.61 0.5 0.37 0.52 0.66 0.2 0.1 0.24 0.57 0.37 0.5 0.25 0.38
"DCP1A" -0.23 -0.29 -0.26 -0.07 -0.31 -0.5 -0.36 -0.24 -0.18 -0.22 -0.06 -0.06 -0.29 -0.45 -0.2 -0.43 -0.29 -0.2 -0.26 -0.19 -0.26
"LRP2BP" 0 0 0 0 0 0 0 0 0 0 -0.03 0 0 0 -0.02 0 0 0 0 0 0
"BDP1" 0 -0.04 -0.27 -0.04 0 0 0 -0.03 -0.3 0 0 -0.21 0 0 0 -0.23 0 -0.03 -0.1 0 -0.06
"DOK5" 0 0 0 0 0 0 0.05 0 0 0 0 0 0.04 0 0 0 0.02 0 0 0 0.01
"KDM3A" 0.15 0.6 0.3 0.42 0.49 0.45 0.5 0.39 0.45 0.37 0.53 0.41 0.38 0.57 0.41 0.52 0.33 0.36 0.6 0.25 0.42
"WWC3" 0.05 0.11 0.04 0 0.36 0.01 0.23 0.13 0.05 0.02 0.1 0.24 0 0 0.08 0 0 0 0.13 0 0.08
"LANCL2" 0 0 0 0 0 0 0 0 0 0 0 -0.16 -0.16 -0.07 0 -0.34 0 -0.03 0 0 -0.04
"BCAP29" 0 0.37 0.36 0.08 0.34 0.43 0.13 0.41 0.21 0.13 0 0.08 0.07 0.29 0 0.12 0.17 0 0.2 0.21 0.18
"YLPM1" 0 0 0 0 0 0 -0.06 0 0 0 0 -0.16 0 0 0 0 0 -0.04 0 0 -0.01
"FMN2" 0 -0.16 0 -0.08 -0.04 0 0 0 0 0 0 -0.53 0 0 0 0 -0.35 0 0 -0.01 -0.06
"CELF4" 0 0 0.1 0 0 0 0 0 0 0 0 0 0 0 0 0 0 0 0 0 0.01
"C1GALT1" 0 0 0.01 0 0.01 0 0 0 0 0.09 0 0.19 0.02 0.04 0 0.18 0 0.04 0 0.12 0.04
"SMYD2" 0 0 0 0 0 0 0 0 0 0 0 0 0 0 0 0 0 0 0 0 0
"POGLUT1" 0 0 0 0 0 0 -0.05 0 -0.04 0 0 0 0 0 0 0 0 0 -0.05 0 -0.01
"CDC42SE2" 0 0 0 0 0.07 0 0.12 0 0 0.03 0 0 0 0 0 0 0.33 0 0 0 0.03
"CHPT1" 0 0.44 0.1 0 0.54 0.14 0.41 0.25 0.17 0.3 0.16 0.56 0.22 0.02 0.34 0 0.02 0.4 0.09 0 0.21
"RSRP1" 0.45 0.19 0.26 0.23 0.26 0.33 0.21 0.23 0 0.09 0.25 0.24 0.14 0 0.31 0.26 0.8 0.2 0.12 0.43 0.25
"PARP11" 0 0 -0.06 0 0 0 -0.16 0 0 -0.11 0 0 -0.09 0 0 0 0 0 -0.16 -0.13 -0.04
"CAMK1D" 0 0 0 0 0 0 0.08 0 0.37 0 0 0 0.14 0 0 0 0 0 0.4 0 0.05
"GOPC" -0.21 -0.04 0 -0.08 -0.06 0 0 -0.2 0 -0.08 0 0 0 -0.11 0 0 0 0 -0.22 0 -0.05
"PAK5" 0 -0.05 0 -0.25 0 0 -0.29 -0.44 0 0 0 0 -0.15 -0.04 0 0 -0.06 0 0 -0.28 -0.08
"SLC39A10" 0 0 0 0 0 0 0 -0.01 0 0 0 0 0 0 0 0 0 0 0 0 0
"ATP10D" 0 0 0 0 0.13 0.17 0.01 0 0 0 0 0.12 0 0 0 0 0 0.06 0.03 0.09 0.03
"CEMIP" -0.01 -0.14 0 -0.09 -0.1 -0.06 0 -0.03 0 0 0 0 -0.11 -0.15 0 -0.12 -0.09 0 -0.22 -0.05 -0.06
"ERGIC1" 0 0 0 0 -0.03 0 0 0 0 0 0 0 0 0 0 0 0 0 0 0 0
"SLC4A10" 0 0 0 0 0 0 0 0 -0.12 0 0 -0.78 0 0 -0.15 0 0 -0.01 0 -0.46 -0.08
"BIRC6" 0 0 0 0 0 0 0 0 0 0 0 0.12 0 0 0 0 0 0 0 0 0.01
"TENM2" 0 0 0 0 0 -0.28 0 0 0 0 0 0 0 0 0 0 -0.46 0 0 0 -0.04
"CNOT6" 0 0 0 -0.05 0 0 0 0 0 0 0 0 0 0 0 0 0 0 0 -0.12 -0.01
"NLN" 0.13 0.4 0.02 0.22 0.4 0.18 0.11 0.47 0.21 0.18 0.13 0 0.23 0.11 0.25 0 0.07 0 0.43 0.4 0.2
"ESYT2" 0 0 0 0 0 0.16 0.17 0 0.11 0 0.21 0 0 0.06 0 0 0.2 0 0 0 0.05
"RIMKLB" 0 0 0.09 0 0 0 0 0 0 0 0 0 0 0 0 0 0 0 0 0 0
"NWD2" 0 0 0 0 -0.03 0 0 0 0 0 0 0 0 0 0 0 0 0 0 0 0
"MAVS" 0 0 0 0 0 0 0 0.01 0 0 0 0 0 0 0 0 0 0 0 0 0
"RPTOR" 0 0 0 0 0 0 0 0 0 0 0 0 0 0 0 0 0 0 0 0.01 0
"KCTD16" 0.49 0.34 0.41 0.98 0.78 0.72 0.65 0.62 0.51 0.68 0.74 0.75 0.61 0.35 0.86 0.23 0.2 0.52 0.68 0.71 0.59
"NUFIP2" 0 0 0 0 0 0 0.47 0 0 0 0 0 0 0 0.31 0 0 0 0 0.18 0.05
"MIB1" -0.72 -1.17 -0.82 -1.07 -1.06 -0.8 -1.08 -1.04 -1.08 -0.87 -0.83 -0.75 -1.07 -0.71 -0.69 -0.7 -0.85 -0.54 -1.35 -0.62 -0.89
"KIAA1328" 0 0.07 0.1 0 0.26 0.01 0.27 0.12 0.07 0.16 0 0 0.31 0 0.12 0 0.09 0 0.2 0.24 0.1
"NCEH1" -0.44 -0.25 -0.14 -0.37 -0.64 -0.19 -0.06 -0.29 -0.28 -0.18 -0.01 0 -0.2 -0.2 -0.09 -0.14 -0.25 0 -0.16 -0.2 -0.2
"TMEM181" 0 0 0 0 0 0 0 0 0 0 0 0 0 0 0 -0.06 0 0 0 0 0
"RELCH" 0 0 0 0 0 -0.15 0 0 0 0 0 0 0 0 0 0 -0.07 0 0 -0.09 -0.02
"ARHGAP23" -0.02 0 0 0 0 0 0 0 0 0 0 0 0 0 -0.01 0 0 0 0 0 0
"EPB41L5" 0 0 0 0 0 0 0 0 0 0 0 0 0 0 0 0.02 0 0 0 0 0
"VAT1L" 0.17 0.03 0.01 0 0.2 0 0.04 0.18 0 0.05 0.07 0.06 0 0 0.09 0 0.2 0.16 0.09 0.19 0.08
"ZSWIM6" -0.44 -0.48 -0.62 -0.64 -0.85 -0.1 -0.23 -0.76 -0.28 -0.53 -0.77 0 -0.69 -0.36 -0.69 -0.72 -0.29 -0.29 -0.48 -0.07 -0.46
"GPR107" 0 0 0 0 0.1 0 0 0 0 0 0 0 0.02 0 0 0 0 0 0 0 0.01
"ABHD17C" -0.22 -0.5 -0.3 -0.3 -0.39 -0.4 -0.43 -0.33 -0.33 -0.42 -0.08 -0.04 -0.36 -0.36 -0.17 -0.49 -0.27 -0.06 -0.4 -0.4 -0.31
"ARHGAP22" -0.14 0 -0.22 0 -0.09 -0.1 -0.24 0 -0.1 -0.23 -0.24 0 -0.1 -0.11 -0.33 -0.18 -0.13 -0.06 -0.15 -0.41 -0.14
"AFAP1" 0 0 0 0 0 0 0 0 0 0.02 0 0 0 0 0 0 0 0 0 0.08 0.01
"ELOVL5" 0 0 0 0 0 0 0 0 0 0 0 0 0 0 0 0 0 0 0 0 0
"MRPS35" 0 0 -0.03 0 0 0 0 0 -0.04 0 0 0 0 0 0 0 0 0 0 0 0
"HPSE2" 0 0 0 0 0 0 -0.05 0 0 0 0 0 0 0 0 0 0 0 -0.02 0 0
"ZFAND3" 0 0 0 0 0 -0.25 0 -0.04 0 0 0 0 0 0 0 0 0 0 0 0 -0.01
"SLC22A23" 0 0 0 0 -0.09 -0.06 -0.24 0 0 -0.01 0 0 -0.27 0 0 -0.08 -0.15 0 -0.31 -0.17 -0.07
"PIEZO2" 0 0 0.12 0 0 0 0 0 0 0.08 0.02 0 0.14 0.06 0.07 0 0 0 0.01 0 0.03
"NSUN3" 0 0 0 0 -0.19 0 0 -0.03 0 0 0 0 0 0 0 0 0 0 0 0 -0.01
"XPNPEP3" 0 0 0 0 0 0 0 0 0 0 0 -0.03 0 0 0 0 0 0 0 0 0
"LHPP" 0 0 0 0 0 0 0 0 0 0 0 0.14 0 0 0 0 0 0.04 0 0 0.01
"CLSTN2" 0 -0.16 -0.22 -0.36 -0.24 -0.17 -0.04 0 -0.03 -0.12 -0.05 -0.33 -0.35 -0.28 -0.2 -0.19 0 -0.18 -0.19 -0.2 -0.17
"EPB41L4A" 0 0 0.05 0.01 0 0 0 0 0 0 0 0 0 0.03 0 0.01 0 0 0.04 0.04 0.01
"SUSD1" 0 0 0 0 0 0 0 0 0 0 0 -0.15 0 0 0 0 0 0 0 0 -0.01
"ACTR6" -0.07 -0.33 -0.15 -0.14 -0.22 -0.18 -0.27 -0.18 -0.25 -0.09 -0.01 -0.28 -0.4 -0.13 -0.08 0 -0.3 -0.3 -0.3 -0.24 -0.2
"CCDC136" 0 0 0 0 0 0 0 0 -0.14 0 0 0 0 0 0 -0.01 0 0 0 0 -0.01
"SMYD3" 1.02 1.08 0.65 0.54 0.59 0.85 0.68 0.99 0.87 0.76 1.04 0.39 0.58 1.12 0.44 0.93 1.04 1.26 0.61 0.14 0.78
"S100PBP" 0 0 0.03 0 0.09 0 0.11 0 0 0.03 0 0 0 0 0 0 0 0.05 0.11 0.06 0.02
"LMF1" 0 0 0 0 0 0 0 0 0 0 0 -0.07 0 0 0 0 0 0 0 0 0
"RANBP17" 0 0 0 0 0 0 0 0 0 0 0 -0.29 0 -0.07 -0.08 -0.04 0 -0.22 0 0 -0.03
"NBEAL1" 0 0 0 0 0 0 0 0 0 0 0 0 0 0 0 0 0 0.19 0 0 0.01
"TRAK2" 0 0 0 0 0 0 0 0 0 0 -0.05 -0.03 0 0 0 0 0 -0.07 0 0 -0.01
"MRPL57" 0 -0.16 0 -0.05 -0.29 -0.2 -0.09 -0.18 0 -0.14 -0.12 0 0 -0.06 -0.05 0 0 0 -0.03 0 -0.07
"GDAP1L1" 0 0 0 0 0 0 0 0 0 0 0 0 0 0 0 0 0 0 0 0 0
"TMEM38A" -0.32 -0.12 -0.14 -0.36 -0.19 0 -0.2 -0.28 -0.13 -0.15 -0.09 0 -0.16 0 -0.3 0 -0.17 0 -0.29 -0.1 -0.15
"METTL16" 0 0 0 0 0 0 0 0 0 0 0 0 0 -0.04 0 0 0 0 0 0 0
"FTO" 0 0 0 0 0 0 0 0 0 0 0.01 0.06 0 0 0 0 0 0 0.22 0 0.01
"MAPKAP1" 0 0 0 0 0 0 0 0 0 0 0 0 0 0 0 0 0 0 -0.01 0 0
"RIPOR1" 0 0.23 0.12 0.16 0.26 0 0.19 0.31 0.18 0.31 0.08 0.04 0.34 0.21 0.18 0.05 0.07 0.2 0.18 0.19 0.17
"MAIP1" 0 0 -0.09 0 0 0 0 0 0 0 -0.07 0 0 0 -0.13 0 0 0 0 0 -0.01
"HMBOX1" 0 0 0 0 0 0 0 0 0 0 0 0 0 0 0 0 0 0.05 0 0 0
"ARHGAP10" 0 0 0 0 0 0 0 0 0 0 0 0 0 0 -0.02 0 0 0 0 0 0
"ZMAT4" 0 0 0 0 0 0 0 0 0.04 0 0 0.6 0 0 0 0 0 0 0 0 0.03
"GTDC1" -0.13 0 -0.16 0 -0.12 0 -0.03 -0.25 0 0 -0.21 0 0 0 -0.28 0 0 0 0 0 -0.06
"CCDC7" 0 0 0 0 0 0.04 0 0 0.02 0 0 0.27 0 0 0 0 0.07 0.61 0 0 0.05
"ZFAND1" 0 0 -0.29 0 -0.22 -0.01 -0.31 -0.17 -0.15 -0.22 -0.31 -0.41 -0.09 -0.23 -0.21 -0.08 0 -0.2 -0.28 -0.25 -0.17
"TXNDC15" 0 0 0 0 0 0 0 0 0 0 0 0 0 0 0 0 0 0 0 0 0
"MCTP1" 0 0 -0.03 0 0 0 -0.1 0 0 0 0 0 0 0 0 0 0 0 0 0 -0.01
"GSTCD" 0 0 0 0 0 0 -0.09 0 0 0 0 0 0 0 -0.04 0 0 0 0 0 -0.01
"TTC21B" 0 0 0.25 0 0 0.06 0.1 0 0.07 0 0 0.24 0 0.25 0 0 0 0 0.19 0 0.06
"CPSF7" 0 0 0 0 0 0 0 0 0 0 0 0.02 0 0 0 0 0 0 0 0 0
"TCEAL4" 0 0 0 0 0 -0.1 0 0 0 0 0 0 0 0 0 0 0 0 0 0 0
"DNAJB14" 0 0.07 0 0 0.42 0 0 0.15 0 0 0.27 0.08 0 0 0.02 0 0 0 0 0 0.05
"TTC26" 0 0 0 0 0 0 0 0 0 0 0.09 0 0.03 0 0 0 0 0 0 0.03 0.01
"MINDY3" 0 0 0 0 0 0 -0.12 0 0 0 0 0 0 0 0 0 0 0 0 0 -0.01
"CSRNP3" 2.18 1.18 1.55 0.93 1.37 1.51 1.43 1.09 1.15 1.66 1.31 2.14 1.42 1.52 1.67 0.86 2.32 1.91 1.48 2.15 1.54
"BICC1" 0 0 0 0 0 0 0 0 0 0 0 0.2 0 0 0 0 0 0 0 0 0.01
"ABHD18" 0 0 0 0 0 0.21 0 0 0.02 0 0 0 0 0.03 0 0.1 0 0 0 0 0.02
"FBXO11" 0 0 0 0 -0.26 0 0 0 0 0 0 0 0 0 0 0 0 0 0 0 -0.01
"CHD9" 0 0 0.03 0 0 0.29 0 0 0 0 0 0.36 0.05 0 0.44 0 0 0.26 0 0 0.07
"PAAF1" 0 0 0 0 0 0 0.14 0 0 0 0 0 0 0 0 0 0 0 0 0 0.01
"WDR26" 0 0 0 0 0 0 0.14 0 0 0 0 0.05 0 0 0 0 0 0.02 0 0 0.01
"SPHKAP" 0 0 0 0 0 0 0 0 0 0 0 0 0 0 0 0 0 0.14 0 0 0.01
"TSGA10" 0 0 0 0 0 0 -0.14 0 0 0 0 0 0 0 0 0 0 0 0 0 -0.01
"DDHD1" 0.21 0.54 0.91 0.8 1.1 0.7 0.93 0.85 0.93 0.89 0.9 1.09 0.7 0.5 0.73 0.4 0.6 0.82 0.9 1.06 0.78
"ILKAP" 0 0 0 0 0 -0.02 0 0 0 0 0 0 0 0 0 0 0 0 0 -0.01 0
"STMN4" 0 0 0 0 0 0 0 0 0 0 0 0 0 0 0 0 0 0 0 0.02 0
"LBH" 0.2 0.32 0.22 0.32 0.51 0.4 0.32 0.39 0.42 0.45 0.23 0.18 0.24 0.31 0.38 0.43 0.29 0.31 0.19 0.6 0.34
"CAB39L" 0 0 0 0 0 0 0 0 0 0 0 0 0 0 0 0 0 0 0 0 0
"VMP1" -0.05 0 0 0 0 0 0 0 0 0 0 -0.42 0 0 0 0 0 -0.02 0 0 -0.02
"NETO2" 0 0 -0.14 0 -0.37 -0.24 -0.17 -0.21 0 -0.05 -0.3 0 0 -0.28 -0.2 -0.15 -0.03 -0.01 -0.02 -0.12 -0.11
"SLC25A28" 0 0 0 0 0 0 0 0 0 0 0 0 0 0 0 0 0 0.02 0 0 0
"PUS7L" 0.02 0.56 0.06 0.43 0.48 0.22 0.42 0.41 0.05 0.23 0 0.2 0.26 0 0.07 0 0.4 0.12 0.14 0.18 0.21
"C19orf12" 0 0 0 -0.02 0 -0.06 -0.1 0 0 0 -0.27 0 0 -0.26 -0.12 -0.11 -0.06 0 0 -0.04 -0.05
"ATG10" -0.14 0 -0.04 0 0 -0.05 0 0 0 -0.04 0 -0.13 0 -0.02 -0.02 0 0 -0.1 0 -0.01 -0.03
"TTTY14" 0 0 0 0 0 0 0 0.05 0 0 0 0 0 0 0 0 0 0 0 0 0
"IMMP2L" 0.85 0.77 0.84 0.43 0.69 0.47 0.88 0.73 0.6 0.57 0.67 0.12 0.59 0.4 0.55 0.55 0.74 0.59 0.75 0.44 0.61
"DTNBP1" 0 0.21 0.33 0.32 0.1 0.09 0.23 0.03 0.09 0.16 0 0.18 0.06 0.15 0 0.2 0.16 0.25 0.27 0 0.14
"QRICH2" 0 0.28 0 0 0.04 0 0.12 0.19 0.11 0.06 0 0.14 0.07 0.04 0 0 0 0.23 0.03 0.03 0.07
"PCGF6" 0 0 -0.01 0 0 0 -0.08 0 0 0 0 0 0 0 -0.01 0 0 0 -0.01 0 -0.01
"ARID5B" 0 0 0 0 -0.17 0 0 0 0 0 0 0 0 0 0 0 0 0 0 0 -0.01
"METTL25" 0 0 0 -0.12 0 0 0 0 0 -0.01 0 -0.08 0 -0.15 0 0 0 0 -0.2 -0.01 -0.03
"UTP23" 0 0 0 0 0.19 0.02 0 0 0.04 0 0 0 0 0 0 0 0 0.05 0 0.01 0.02
"CMSS1" 0 0 0 0 0 0 0 0 0 0 0 0 0 0 0 0 0 0.06 0 0 0
"PCGF5" 0 0 0.13 0.19 0 0.3 0 0.1 0.03 0 0.18 0 0 0.01 0 0.02 0 0 0.01 0.03 0.05
"ARFGAP2" 0 0 0 0 0 0 0 0 0 0 0 0 0 -0.11 0 0 0 0 0 0 -0.01
"ADGRA1" 0 0.25 0.23 0.07 0.61 0.42 0.64 0.36 0.14 0.23 0.35 0 0.34 0.36 0.28 0.1 0.3 0.03 0.37 0.36 0.27
"MSANTD4" 0 0 0 0 0 0 0 0 0 0 0 0 0 0 0 0.01 0 0 0 0.15 0.01
"FRMPD3" 0 0 0 0 0 0 0 0 0 0 0 -0.03 0 0 0 0 0 0 0 0 0
"PHYHIPL" 0 0 0 0 0 0 0 0 0 0 0 0.28 0 0 0 0 0 0 0 0 0.01
"DCTN5" 0 0 0 0 0 0 0 0 0 0 0 0 0 0 0 0 0 0 0 -0.06 0
"ZC3H8" 0 0 -0.35 -0.26 0 -0.36 -0.03 0 -0.02 -0.14 -0.25 -0.24 -0.39 -0.15 -0.17 -0.21 -0.14 -0.03 -0.09 -0.18 -0.15
"SRRM4" -0.15 0 0 -0.01 -0.2 -0.24 0 0 0 0 0 0 -0.37 0 -0.02 0 0 0 -0.05 0 -0.05
"DPY30" 0 0 0 0 0 0 0 0 0 0 0 0 0 0 0.04 0 0 0 0 0.05 0
"SLC9A7" 0 -0.1 -0.14 0 -0.08 -0.03 -0.24 -0.22 -0.34 0 0 0 -0.12 -0.03 -0.23 -0.18 0 -0.08 -0.16 -0.28 -0.11
"CAPS2" 0 0 0 0.04 0 0.09 0 0 0 0 0 0 0 0 0 0 0 0 0 0 0.01
"CEP89" 0 0 0 0 0 0 0.12 0 0 0 0 0 0 0 0 0 0 0 0 0 0.01
"NUDCD1" 0.13 0 0 0 0 0 0.1 0 0 0 0.06 0.04 0 0 0 0 0 0 0 0 0.02
"USP45" 0 0 0 0 0 0 0.13 0 0 0 0 0 0 0 0 0 0 0 0 0 0.01
"REPS1" 0 0 0 0 0 0 0 0 0 0 0 0 0 0 0 0 0 0 0.09 0 0
"RGS8" 0 0 0 0 0 0 0 0 0 0 0 0 0 0 0 0 0 0 0.01 0 0
"TANC1" 0.08 0.01 0.02 0.24 0.12 0.21 0.14 0.16 0.23 0.16 0.05 0.08 0.22 0 0.18 0 0.1 0.01 0.3 0.37 0.13
"NAV2" 0 0 0 0 0 0 0 0 0 0 0 0 0 0 0 0 0 0 0 -0.15 -0.01
"UNC5A" 0.02 0 0.04 0 0 0 0 0 0 0 0.05 0 0.1 0 0 0 0 0.04 0.22 0 0.02
"FAM110B" 0.01 0 0.41 0.54 0 0 0.26 0.09 0.1 0.3 0 0.62 0.02 0 0 0.07 0.11 0.7 0.56 0 0.19
"CERS5" 0 0 0 0 0 0 0 0 0 0 0 0 0 0 0 0 0 0.01 0 0 0
"CCDC149" -0.38 -0.44 -0.54 -0.43 -0.73 -0.26 -0.51 -0.4 -0.66 -0.5 -0.3 -0.55 -0.53 -0.31 -0.41 -0.62 -0.36 -0.44 -0.6 -0.46 -0.47
"SESTD1" 0.33 0 0.33 0 0 0 0 0.07 0.15 0.14 0.17 0.33 0 0.26 0.3 0 0 0.06 0 0.32 0.12
"RNF185" 0.22 0 0.04 0 0.01 0.21 0.22 0 0 0.01 0 0.23 0.02 0 0 0 0.03 0.16 0.06 0.05 0.06
"ACBD5" 0 0 0 0 0 0 0 0 0 0 0 0 0 0 -0.25 0 0 0 0 0 -0.01
"ANKRD44" 0 0 0 0 0 0 0.15 0 0.16 0 0 0 0 0 0 0 0 0 0 0.18 0.02
"MFSD4B" -0.03 0 0 0 0 0 0 0 0 0 0 0 0 0 0 0 0 0 0 0 0
"ZNF804A" 0 0 0 0 -0.01 0 0 0 0 0 0 0 0 0 0 0 0 0 0 -0.16 -0.01
"INTS4" 0 0 0.06 0 0.01 0 0.05 0 0 0.02 0 0 0 0 0 0 0 0.06 0.03 0 0.01
"DSEL" 0 0 0 0 0 0 0.03 0 0 0 0 0.07 0 0 0 0 0 0 0 0 0.01
"TMEM132C" 0 0 0 0 0 -0.02 0 -0.08 0 0 0 0 0 -0.06 0 0 0 0 -0.02 0 -0.01
"NAF1" 0 0 0 0 -0.04 0 0 0 0 0 0 0 0 0 0 0 0 0 0 0 0
"PXYLP1" 0 0 0 0 0 0 0 0 0 0 0.01 0 0 0 0.13 0 0 0 0 0 0.01
"ADAMTSL1" 0 0 0 0 0 0 0 0 0 0 0 0 0 0 0 0 0 0 0 0 0
"OLFM2" 0 0 -0.08 -0.12 0 0 -0.09 0 -0.2 -0.21 -0.04 -0.18 -0.11 -0.11 -0.08 0 -0.14 -0.1 -0.22 0 -0.08
"ARHGAP12" 0 0.01 0.12 0.02 0.24 0 0.11 0 0.19 0 0 0 0 0 0.01 0 0 0 0 0 0.04
"LARP4" 0 0 0 0 0 0 0 0 0 0 0 -0.07 0 0 0 0 0 0 0 0 0
"SMIM12" 0 0 0 0 0.25 0 0 0 0 0 0 0 0 0 0 0 0 0 0 0 0.01
"TMEM132B" -0.04 0 0 0 0 0 0 0 0 0 0 0 0 -0.02 0 0 0 0 0 0 0
"C1QTNF4" 0 0 0 -0.2 0 -0.18 -0.26 0 -0.15 0 0 -0.25 -0.13 -0.1 0 0 0 -0.26 -0.03 -0.22 -0.09
"FBXO32" 0 0 0 0 0.2 0 0.06 0 0 0 0 0.28 0 0 0 0 0 0 0 0 0.03
"SLC25A26" 0 -0.02 0 0 -0.08 0 0 -0.02 0 0 0 0 0 0 0 0 0 0 0 0 -0.01
"PCMTD1" 0 0 0 0 0 0 0 0 0 0 0 0 0 -0.01 0 0 0 0 -0.07 0 0
"UHRF2" 0 0 0 -0.05 -0.05 -0.28 -0.06 0 -0.29 -0.13 -0.03 0 -0.24 -0.05 -0.36 0 -0.06 0 -0.01 -0.11 -0.09
"DIS3L" 0 0 0 0 0 0 0 0 0 0 0 0 0 0 0 0 0 0 0 -0.03 0
"WDR17" 0.17 0 0 0 0 0 0 0 0 0.02 0 0 0.15 0 0 0 0 0 0 0 0.02
"DACH2" 0 0 0.09 0 0 0 0 0 0 0.09 0 0.09 0 0 0 0 0 0.08 0 0 0.02
"SSX2IP" 0 0 0 0 0 0 0 0 0 0 0 0 0 0 0 -0.07 0 0 0 0 0
"DNAJC24" 0 0 0 0 0 0 0 0 0 -0.02 0 0 -0.06 0 0 0 0 0 0 0 0
"TRAPPC6B" 0 0.13 0 0 0.24 0 0 0.09 0 0 0 0 0 0 0 0 0 0 0 0 0.02
"KLHDC1" 0 0 0 0 0 0 0.05 0 0 0 0 0.1 0 0 0 0 0 0 0 0.21 0.02
"GABPB2" 0 0 0 0 0 0 0 0 0 0 0 0 0 0 0 0 0 0 0.16 0 0.01
"DIS3L2" 0 0.08 0 0 0.38 0 0 0.13 0 0 0 0 0 0 0 0 0 0 0 0 0.03
"MBOAT2" -0.4 0 -0.03 -0.32 -0.11 0 -0.33 -0.41 -0.49 -0.39 -0.12 -0.8 -0.29 -0.34 -0.3 -0.14 0 -0.19 -0.1 -0.05 -0.24
"MTERF4" 0 0 -0.11 -0.26 -0.24 -0.21 -0.28 0 -0.06 -0.1 0 -0.29 -0.24 -0.05 -0.08 -0.08 -0.18 -0.09 -0.28 -0.44 -0.15
"CRYBG3" -0.02 -0.32 0 0 -0.34 -0.06 -0.14 -0.19 -0.18 -0.1 -0.16 0 -0.27 -0.14 -0.1 -0.19 -0.15 -0.04 -0.15 -0.24 -0.14
"GNPDA2" 0 0 0 0 0.03 0 0.02 0 0 0 0 0 0 0 0 0 0 0 0 0 0
"NADK2" 0 0 0 0 0 0 0 0 0 0 0 0 0 0 0 0 0 -0.09 0 0 0
"PACRG" 0 0 0 0 0 0 0 0.01 0.07 0 0.06 0 0 0 0.02 0 0 0.24 0 0 0.02
"UBXN2B" 0 0 0 0 0.05 0 0.04 0.03 0 0 0 0 0 0 0 0 0 0.03 0 0 0.01
"PXDNL" 0.01 0.22 0.17 0.1 0.27 0.28 0.24 0.3 0.29 0.22 0.34 0.26 0.26 0.04 0.23 0.07 0.06 0.05 0.1 0.13 0.18
"PTPDC1" 0 0 0.05 0 0 0 0.07 0 0 0.03 0 0.1 0 0 0.08 0 0 0.14 0 0.06 0.03
"FAM199X" 0 0 0 0 -0.03 0 0 0 0 0 0 0 0 0 0 0 0 0 0 0 0
"ASB8" 0 0 0 0 0 0.1 0 0.04 0 0.08 0 0 0 0 0 0 0.03 0 0 0 0.01
"MYO3B" -0.05 0 0 0 0 0 0 0 0 0 0 -0.02 0 0 0 0 0 0 0 0 0
"SLC32A1" 0 0 0 0 -0.03 0 -0.18 0 -0.03 0 0 0 0 0 0 0 0 0 0 -0.01 -0.01
"RIMS4" 0 0 0 0 0 0 0 0 0 0 0 0 0 0 0 0 0 0.14 0 0 0.01
"XRRA1" 0.35 0.29 0 0.03 0.09 0.05 0 0 0.02 0.34 0.16 0 0.3 0.24 0.14 0 0 0.48 0.39 0 0.14
"ARHGAP42" 0 0 0 0 0 0 0 0 0 0 0 0 0 -0.03 0 0 0 0 0 0 0
"CWF19L2" 0 -0.38 0 -0.28 -0.4 -0.49 -0.4 -0.38 -0.4 -0.4 -0.65 -0.34 -0.5 -0.29 -0.57 -0.41 -0.06 -0.21 -0.45 -0.41 -0.35
"PLEKHA7" 0 0 0 0 0 0 0 0 0 0 0 0 0.02 0 0 0.16 0 0 0 0.15 0.02
"PRICKLE1" 0 -0.04 -0.13 0 -0.47 0 -0.48 -0.17 -0.21 -0.13 -0.25 0 0 0 -0.26 0 -0.16 0 -0.23 0 -0.13
"LRFN5" 0 0 0 0.04 0.12 0 0 0 0 0 0 0.09 0 0 0 0 0 0 0 0 0.01
"TTBK2" 0.44 0 0.66 0.82 0.19 0.4 0.35 0 0.38 0.49 0.09 0.37 0.34 0.4 0.21 0.01 0.46 0 0.81 0 0.32
"ZFP90" 0 0 0 0 0 0 0 0 0 0 0 -0.21 0 0 0 0 0 -0.01 0 0 -0.01
"MGAT5B" -0.41 -0.11 -0.21 -0.1 -0.09 -0.25 -0.16 -0.14 -0.05 -0.22 -0.07 0 -0.16 -0.18 -0.19 -0.2 -0.1 0 -0.12 -0.27 -0.15
"ANKRD29" 0.03 0 0.16 0 0.01 0 0 0 0 0 0 0 0 0.1 0.01 0 0 0.4 0.2 0 0.05
"ZNF420" -0.01 0 0 0 0 0 0 0 0 0 0 0 -0.03 0 0 0 0 0 0 0 0
"SLC35F3" -0.04 0 0 -0.11 0 0 0 0 -0.12 -0.01 0 0 0 0 0 -0.16 0 0 -0.13 -0.01 -0.03
"GLIS1" 0 0 0.01 0 0 0 0 0 0 0 0 0 0.14 0 0 0 0 0 0 0 0.01
"TTL" -0.07 0 -0.08 0 -0.27 0 -0.07 -0.14 0 0 0 -0.08 -0.06 0 0 0 0 0 0 -0.17 -0.05
"RMDN2" 0 0 0 0 0 0 0 0 0 0 0 0 0 0 0 0 0 0 0 0 0
"TTC14" 0.17 0.17 0.46 0.03 0.23 0.28 0.43 0.31 0.14 0.44 0.3 0.28 0 0.1 0 0 0.09 0.02 0.24 0 0.18
"PAQR3" 0 0 0 0 0 0 0 0 0 0 0 0 0 0 0 0 0 0 0 0 0
"SCFD2" 0 0 -0.02 0 0 0 0 0 0 0 0 -0.26 -0.07 0 0 0 0 0 0 -0.06 -0.02
"RASGEF1B" -0.02 -0.18 -0.25 -0.2 -0.43 0 -0.2 -0.32 -0.05 -0.06 0 -0.12 -0.36 0 -0.07 -0.03 -0.06 -0.02 0 -0.27 -0.13
"SRFBP1" 0 0 0 0 0 0 0 0 0 0 0 0 0 0 0 0 0 0 0 0.03 0
"VKORC1L1" 0 0 0 0 0 0 0 0 0 0 0 -0.2 0 0 0 0 0 0 0 0 -0.01
"ERICH1" 0 0 0 0 0 0 0 -0.04 0 0 -0.05 0 0 0 0 -0.12 0 0 0 0 -0.01
"FAM120AOS" 0 0 0 0 0 0 0 0 0 0 0 0 0 0 -0.02 0 -0.04 0 0 0 0
"ZNF791" 0 0 0 0 0 0 0 0 0 0 0 0 0 0 0 0 0 0 0.03 0 0
"NIM1K" -0.12 0 0 0 0 0 0 0 0 0 0 0 0 0 0 0 0 0 0 0 -0.01
"ARX" 0 0 0 0 0 0 0 0 0 0 0 0 0 0 0 0 0 0 0 0 0
"ZNF431" 0 -0.01 0 0 0 0 -0.07 -0.07 0 0 0 0 0 0 0 0 0 0 0 -0.08 -0.01
"ADAMTS19" 0 0 0 0 0 0 -0.09 -0.01 -0.01 0 0 -0.09 0 0 0 -0.04 0 -0.18 -0.07 0 -0.02
"ASXL1" 0 0 0 0 0 0 0 0 0 0 0 0 0 0 0 0.03 0 0 0 0 0
"METTL15" 0 0 0.09 0 0 0 0.01 0 0.02 0 0.21 0.08 0 0.15 0 0 0.01 0.11 0 0.24 0.05
"IMMP1L" 0 0 0 0.03 0 0 0 0 0 0 0 0 0 0 0 0.1 0 0.15 0 0 0.01
"AMN1" 0 0 0 0 0.1 0 0 0.02 0 0 0 0 0 0 0 0 0 0 0 0.13 0.01
"ARID2" 0 0.04 0 0 0.16 0 0.14 0.23 0 0 0 0.1 0.1 0 0 0 0 0 0 0 0.04
"TET3" -0.04 0 0 -0.08 0 0 0 0 0 0 0 0 0 0 0 0 0 -0.04 0 -0.14 -0.01
"SPRED2" 0.01 0.28 0.41 0.28 0.54 0.15 0.29 0.45 0.11 0.36 0.26 0.62 0.25 0.05 0.38 0.22 0.25 0.54 0.39 0.39 0.31
"TSNARE1" 0 0 0 0 -0.03 0 0 0 0 0 0 0 0 0 0 0 0 0 0 0 0
"FAM219A" 0.06 0.4 0 0 0.09 0 0.05 0.06 0.12 0 0 0.18 0.04 0 0.01 0 0.09 0 0.07 0.08 0.06
"AMER2" 0 0 0 0 0 0 0 0 0 0 -0.06 0 0 0 -0.11 0 0 0 -0.02 0 -0.01
"USP12" 0 -0.12 -0.22 -0.03 -0.13 -0.24 0 -0.17 0 -0.1 0 0 -0.1 0 -0.11 0 -0.07 0 -0.3 -0.18 -0.09
"MTIF3" 0 0 0 0.1 0 0 0.1 0 0 0 0 0.13 0 0 0 0 0 0 0 0 0.02
"CCNY" 0 -0.06 0 -0.11 -0.45 0 -0.45 0 0 -0.17 0 -0.61 -0.65 0 -0.31 -0.05 0 -0.4 -0.45 0 -0.19
"TPCN2" 0 0 0 0 0 0 0 0 0 0 0 0 -0.05 0 0 0 -0.01 0 -0.08 -0.07 -0.01
"DOK6" -0.48 -0.86 -0.44 -0.39 -1.48 -0.36 -1.13 -0.86 -0.89 -0.49 -0.11 -0.56 -0.2 -0.51 -0.02 0 -0.48 -0.57 -0.42 -0.8 -0.55
"BEND6" 0.29 0.52 0.12 0.2 0.73 0.2 0.27 0.85 0 0.5 0.13 0.11 0.56 0.15 0.56 0.27 0.25 0 0.35 0.48 0.33
"KIF6" 0 0 0 0 0 0 0 0 0 0 0 0 0.01 0 0 0 0 0 0 0 0
"JAZF1" 0 0.62 0 1.29 0.8 0.2 0.49 0.45 0.27 0.54 0.16 0.78 0.47 0.64 0.27 0.42 0.62 0.37 0.93 0.59 0.5
"FAM185A" 0 0 0 0 0 -0.01 0 0 0 0 0 0 0 -0.04 0 0 -0.02 0 0 0 0
"ATXN7L1" 0 0 0 0 0 0 0 0 0 0 0 0 0 0 0 0 -0.07 0 0 0 0
"SLC29A4" 0 0 0 0 0.03 0 0 0 0.09 0 0.02 0.23 0.08 0 0.06 0 0 0.01 0 0.09 0.03
"TMEM9" 0 0 0 0 0 0 0 0 0 0 -0.02 0 0 0 0 0 0 0 0 0 0
"EPHX4" -0.3 -0.52 -0.45 -0.35 -0.51 -0.48 -0.6 -0.71 -0.42 -0.52 -0.61 -0.55 -0.47 -0.5 -0.62 -0.43 -0.42 -0.69 -0.48 -0.69 -0.52
"RICTOR" 0 0 0.12 0 0 0 0 0.14 0 0 0 0 0.08 0 0 0 0 0 0.02 0 0.02
"SNX32" 0 0 -0.03 0 0 0 -0.04 -0.17 0 0 0 0 -0.04 0 0 0 0 0 0 0 -0.01
"RNF169" -0.17 -0.03 0 -0.12 0 -0.08 0 -0.02 -0.18 -0.12 0 0 0 -0.06 -0.01 -0.36 -0.11 0 0 -0.11 -0.07
"VXN" 0 0 0 0 0 0 0 0 0 0 0 0 0 0 0 0 0 0 0 0 0
"TCERG1L" 0 0 0 0.19 0.07 0 0.11 0.07 0.08 0.19 0.09 0 0.07 0.17 0.17 0 0.11 0 0 0.19 0.08
"NEGR1" 0 0 0 0.02 0 0 0 0 0 0 0 0 0.14 0.25 0 0 0 0 0.17 0 0.03
"SHPRH" 0.05 0.42 0 0 0 0 0 0 0 0 0 0 0 0.08 0.13 0.21 0 0 0 0.02 0.05
"HSPA12A" 0.29 0 0 0 0 0 0 0 0 0 0 0 0 0 0 0 0 0.05 0 0 0.02
"TIPRL" 0 -0.09 -0.03 0 -0.17 -0.36 -0.12 -0.33 -0.25 -0.12 0 -0.12 -0.22 -0.05 -0.08 -0.09 -0.02 -0.23 -0.18 -0.15 -0.13
"DPY19L2" 0.08 0 0.12 0 0 0.11 0 0.18 0.38 0.04 0.08 0.59 0 0 0.14 0 0 0.01 0.05 0.58 0.12
"C12orf40" 0 -0.29 0 -0.44 -0.38 -0.49 -0.4 -0.16 -0.2 -0.21 -0.09 -0.26 -0.06 -0.12 -0.33 -0.07 -0.1 -0.08 -0.03 -0.17 -0.19
"TMED8" 0 0 0 0 0 0 0 0 0 0 0 0 0 0 0 0 0 0 0.05 0.04 0
"PGP" 0 0 0 0 0 0 0 0 0 0 0 0 0 0 0 0 0 0 0 0.09 0
"KANSL1" 0 0 0 0 0 0 0.39 0 0 0 0 0 0 0.03 0 0 0 0 0.17 0.16 0.04
"ZNF326" 0 0 0 -0.01 -0.15 0 -0.15 0 -0.01 0 0 0 0 0 0 -0.19 0 0 0 0 -0.03
"FRYL" 0 0 0 0 0 0 0 0 0 0 0 0 0 0 0 0 0 0 0 0 0
"STPG2" 0 -0.06 -0.05 -0.26 -0.14 -0.49 -0.25 -0.14 -0.21 -0.23 -0.18 -0.13 -0.39 -0.24 -0.31 -0.07 -0.15 -0.07 -0.36 -0.3 -0.2
"FAM153A" 0 0 0 0 -0.04 0 0 0 0 0 0 0 0 0 0 0 0 0 0 0 0
"ARL10" 0 0 0 0 0 0 -0.03 0 0 0 0 0 0 0 0 0 0 0 0 0 0
"XKR6" 0.14 0.65 0.08 0 0.85 0.21 0 0.63 0.54 0.28 0 0 0 0 0.13 0 0.05 0 0 0 0.18
"SCAI" 0 -0.51 -0.97 -0.66 -0.84 -0.59 -0.47 -0.61 -0.37 -0.24 -0.16 0 -0.56 -0.43 -0.03 0 -0.31 0 -0.39 -0.15 -0.37
"RAB37" 0 0 0.1 0 0 0 0.12 0 0 0 0 0.16 0 0 0 0 0 0.05 0 0.01 0.02
"ANKRD13D" 0 -0.14 0 0 -0.11 -0.07 -0.03 -0.32 0 -0.02 -0.03 0 -0.06 -0.03 -0.11 0 0 0 -0.03 -0.2 -0.06
"ZNF678" -0.01 0 0 0 0 -0.04 -0.03 -0.03 0 0 -0.05 -0.07 0 0 -0.05 0 -0.21 -0.09 0 0 -0.03
"GPR149" 0 0 0 -0.06 -0.13 0 0 0 0 0 0 -0.19 0 -0.06 0 0 0 0 0 0 -0.02
"MTX3" 0 0 0 0 0 0 0 0 0 0 0 0 0 0 0 0 0 0 0 0.08 0
"SKA2" 0 0 0 0 0 0 0 0 0 0 0 -0.01 -0.11 0 0 0 0 0 0 0 -0.01
"HCN1" -0.26 0 0 0 0 0 -0.28 0 0 0 0 0 0 0 0 0 0 -0.66 0 0 -0.06
"NMNAT3" 0 0 -0.06 -0.14 0 0 -0.05 0 -0.01 -0.11 -0.03 -0.19 -0.15 0 0 -0.03 -0.09 0 0 -0.11 -0.05
"LRRC37A3" 0 0 0 0 0 -0.06 0 0 0 0 0 0 0 0 0 0 0 0 0 0 0
"ANKRD30B" 0.1 0 0.32 0.2 0.1 0.25 0.5 0 0.47 0.3 0.26 0 0.31 0.42 0.33 0.22 0.07 0.06 0.24 0.36 0.23
"SIMC1" 0 0 0 0 0 0 0 -0.09 0 0 0 0 -0.17 0 0 0 0 0 -0.19 0 -0.02
"VWC2" 0 0 0 0 -0.04 0 0 0 0 0 0 0 0 0 0 0 0 0 0 0 0
"CA13" 0 0 0 0.13 0 0.03 0.17 0 0 0.1 0 0.23 0 0 0.13 0.07 0.16 0.29 0.11 0.16 0.08
"NHLRC3" -0.13 0 0 0 -0.07 -0.04 -0.06 -0.18 -0.04 0 0 0 0 -0.03 0 0 -0.2 0 0 0 -0.04
"SHISA6" 0 0 0 0 0 0 0 0 0 0 0 0 0 0 0 0 0 0 0 -0.07 0
"GLIDR" 0 0 0 0 0 0 0 0 0 0 0 0 0 0 0 0 0 0 0 0.03 0
"ZNF793" 0 0.19 0 0.03 0.39 0 0.04 0.19 0.1 0.07 0.06 0 0.23 0 0.03 0 0 0 0.05 0.01 0.07
"FAM174B" 0 0 0 0 -0.09 0 0 0 0 0 0 0 0 0 0 0 0 0 0 0 0
"EML6" 0 0 0 0 0 0 -0.01 0 0 0 0 0 0 0 0 0 0 0 0 -0.09 0
"MXRA7" 0 0 0 0.04 0 0 0 0 0 0 0 0 0 0 0 0 0 0 0 0 0
"GOLGA8B" 0 0 0 0 0 0 0 0 0 0 0 0 0 0 0 0 0 0 0 -0.12 -0.01
"MTHFD2L" 0 -0.01 0 0 -0.24 0 0 0 0 0 0 0 0 0 0 0 0 0 0 0 -0.01
"OOEP" 0 0 0 0 0.17 0 0.31 0 0 0.25 0 0 0 0.02 0 0 0.07 0 0.12 0 0.05
"LRRC37A2" 0 0 0 0 0 0 0 -0.2 0 0 0 0 0 0 0 0 0 0 0 0 -0.01
"IGIP" 0 0 0 0 0 0 0 0 0 0 0 0.01 0 0 0 0 0 0 0 0 0
"CISD2" -0.05 0 0 0 0 0 0 0 0 -0.02 -0.25 -0.12 0 0 -0.06 0 0 0 0 0 -0.02
"NBDY" 0 0 -0.06 0 0 0 0 0 0 0 0 0 0 0 0 -0.05 0 0 0 -0.05 -0.01
"JPX" 0 0 0 0 0 0 0 -0.06 0 0 0 0 0 0 0 0 0 0 0 0 0
"ANKRD30BL" 0.64 0 0.31 0.55 0.16 0.33 0.62 0.26 0.41 0.46 0.35 0.92 0.34 0.38 0.24 0.14 0.47 0.52 0.41 0 0.38
"SPANXA2-OT1" 0 0 0 0 0 -0.15 0 0 0 0 0 0 0 0 0 0 0 0 0 0 -0.01
"SRGAP2B" 0.11 0.41 0.53 0.65 0.4 0.42 0.51 0.42 0.78 0.55 0.18 1.02 0.46 0.03 0.4 0.11 0.4 0.66 0.56 0.81 0.47
"ZDHHC11B" -0.22 -0.08 -0.12 -0.08 -0.29 -0.23 -0.43 -0.2 -0.01 -0.23 -0.19 0 0 -0.03 -0.21 -0.07 -0.04 0 -0.34 -0.13 -0.14
"PRB2" 0 0 0 0 0 -0.1 0 0 0 0 0 0 0 -0.1 0 0 0 0 0 0 -0.01
"ZNF814" 0.07 0.09 0 0 0.06 0 0 0.23 0.06 0.21 0.09 0 0.24 0.14 0.17 0.09 0 0.04 0.07 0.17 0.09
"TVP23A" -0.38 -0.35 -0.47 -0.39 -0.5 -0.1 -0.45 -0.4 -0.42 -0.41 -0.6 -0.3 -0.32 -0.09 -0.54 -0.23 -0.26 -0.33 -0.69 -0.38 -0.38
"FAM66B" 0 0 0.14 0 0 0.06 0 0.01 0 0 0 0 0 0 0 0 0 0 0 0 0.01
"INSYN2B" 0 0 0 0 0 0 0 0 0 0 0 -0.03 0 0 0 0 0 0 -0.12 0 -0.01
"NPIPB5" 0 0 0 0 -0.12 0 0 0 0 0 0 -0.25 0 0 0 0 0 0 0 -0.06 -0.02
"TIMM23B" -0.56 -0.32 0 0 -0.03 -0.04 -0.03 -0.21 -0.17 -0.16 -0.16 -0.06 -0.18 -0.22 0 -0.39 -0.38 -0.03 -0.34 -0.04 -0.17
"CYP51A1" 0 0 0 -0.34 0 -0.17 0 -0.11 -0.3 -0.09 -0.43 0 -0.39 -0.07 -0.28 -0.22 -0.25 0 0 -0.36 -0.15
"NPIPA1" 0 0 0.12 0 0 0 0 0 0 0.02 0 0 0 0 0 0 0 0 0 0 0.01
"YAE1" 0 -0.1 0 0 0 0 0 -0.07 0 0 0 0 -0.01 0 -0.02 0 0 0 -0.07 0 -0.01
"ZNF528" 0 0 -0.09 0 0 0 0 0 0 0 0 0 0 0 0 0 0 0 0 0 0
"PLPP7" 0 0 0 0 -0.12 -0.03 0 0 0 -0.01 0 0 -0.01 0 0 0 0 0 0 -0.1 -0.01
"PHF1" 0 0 0.1 0 0.14 0 0 0 0.23 0 0 0.04 0 0 0 0 0 0 0 0 0.02
"STAT2" 0 0 -0.39 0 0 0 0 0 0 -0.41 -0.46 0 0 0 -0.47 0 0 0 0 -0.32 -0.1
"AGAP4" 0 0 0 0 0 -0.15 -0.19 0 0 0 0 0 0 -0.12 0 -0.01 -0.15 -0.01 0 -0.1 -0.04
"WDR73" 0 0 0 0 0 0 0 0 -0.19 -0.03 0 0 -0.08 0 0 -0.1 0 0 -0.1 0 -0.03
"RPS6KL1" 0 0 0 0 0 0 0 0 0 0 0 0 0 0 0 -0.08 0 0 0 -0.1 -0.01
"SCML1" 0 0 0 0 0 0 0 0 0 0 0 0 0 0 0 0 0 0 0 -0.02 0
