"seed_1" "seed_2" "seed_3" "seed_4" "seed_5" "seed_6" "seed_7" "seed_8" "seed_9" "seed_10" "seed_11" "seed_12" "seed_13" "seed_14" "seed_15" "seed_16" "seed_17" "seed_18" "seed_19" "seed_20" "mean"
"ABCB7" 0 0 0 0 0 -0.17 0 -0.09 0 0 0 -0.05 -0.2 0 0 0 0 0 0 0 -0.03
"ABL2" 0 0 0 0 0 0 0 0 0 0 0 0 0 0 0 0.39 0 0 0 0 0.02
"ACACA" 0 0 0 0.04 0 0.68 0 0 0 0 0 0 0.53 0 0 0 0 0 0.65 0 0.1
"ACADL" 0.24 0 0 0 0 0 0.02 0 0 0 0.01 0 0 0 0.24 0 0 0.28 0 0 0.04
"ACYP1" 0.03 0 0 0.14 0 0 0 0 0 0.04 0 0 0 0.12 0 0 0 0 0.01 0 0.02
"ADCY3" 0 0 0 0 0 0 0 0 0 0 0 0.16 0.14 0 0 0 0 0 0 0 0.02
"ADCY5" 0 0 0 -0.2 0 0 0 -0.13 0 0 -0.27 -0.53 -0.23 0 0 0 0 0 -0.18 0 -0.08
"ADD2" -0.07 0 0 0 0 0 -0.03 0 -0.08 0 0 -0.06 -0.26 0 0 0 -0.08 -0.4 0 0 -0.05
"AP2A2" 0 -0.19 0 0 0 -0.28 -0.15 -0.56 0 -0.04 -0.1 0 -0.23 -0.04 0 0 0 -0.02 0 -0.19 -0.09
"APBA2" 0 0 0 0 0 0 0 0 0 0 0.4 0.23 0.87 0 0 0 0 0 0.18 0 0.08
"APP" 0 0 0 -0.53 0 -0.72 0 -0.22 -0.8 0 -0.68 -0.15 -0.5 -0.39 0 -0.4 -1.09 -0.06 -0.56 0 -0.3
"ARSB" 0 0 0 0 0 0 0 0 0 0 0 0 0 0 0 -0.29 0 0 0 0 -0.01
"ASTN1" 0 0 0 0.52 0 0 0 0 0 0 0 0 0 0 0 0.09 0 0.51 0 0 0.06
"ATP5F1C" 0 0 0 0 0 -0.15 0 -0.1 0 0 0 0 -0.51 0 0 0 0 0 0 0 -0.04
"ATP6V1A" 0 0 -0.85 -0.06 0 0 -0.48 -0.75 -0.06 0 0 -0.3 0 -0.37 0 0 -0.13 -0.35 -0.23 0 -0.18
"ATP6V0C" 0 0 0 0 0 0 0 0 0 0 0 0 0 0 0 0 0 0 -0.05 0 0
"ATP6V0A1" 0 0 0 0 -0.53 0 0 0 0 0 0 0 0 0 0 0 -0.38 -0.57 0 -0.03 -0.08
"BCL6" 0 0 0 0 0 0.05 0 0 0 0 0 0 0 0 0 0 0 0 0 0 0
"BCL9" 0 0 0 0 0 -0.16 0 0 0 0 0 -0.05 0 0 0 -0.03 0 0 -0.04 0 -0.01
"BID" 0 0 0 0 0 -0.04 0 0 0 0 0 0 0 0 0 0 0 0 0 0 0
"BTD" 0 0 0 -0.04 0 0 0 0 0 0 0 0 0 0 0 0 0 -0.01 0 0 0
"LDLRAD4" 0.66 0 0.04 0.67 0.01 0 0 0 0.58 0.71 0.64 0 0.66 0.65 0 0.33 0.44 0.42 0.25 0.51 0.33
"CA3" 0 0 0 0 0 0 0 0 0 0 0.1 0 0 0 0 0.06 0 0.06 0 0 0.01
"CA8" 0.01 0 0 0 0 0.11 0 0.28 0.02 0 0.16 0.22 0.1 0 0.07 0.04 0.3 0.13 0.03 0.02 0.07
"CACNB2" 0 0 0.47 0.39 0 0.69 0.71 0.77 0.38 0 1.35 0.27 0.25 0.84 0.54 1.05 0 1.36 1.01 0.66 0.54
"CALB2" 0 0 0 0 0 0 0 0 0 -0.05 0 0 0 0 0 0 0 0 0 0 0
"CALU" 0 0 0 -0.25 0 -0.22 0 0 0 0 0 -0.26 -0.42 -0.22 0 0 0 0 -0.17 0 -0.08
"RUNX2" 0 0.07 0.2 0 0 0 0 0 0.13 0.1 0.06 0.05 0 0.08 0 0.05 0 0 0.29 0 0.05
"CD81" -0.43 0 0 0 -0.18 -0.06 -0.14 0 0 0 0 -0.18 0 -0.07 0 0 0 -0.01 0 0 -0.05
"LRBA" 0 0 0 0 0 0 0.13 0 0 0 0 0 0 0 0 0 0 0 0 0.1 0.01
"CDH8" 0 0 0 0 0 0 -0.03 0 0 0 0 0 0 0 0 0 0 0 0 0 0
"CDKN1B" 0 0 0.13 0.14 0 0.3 0 0.17 0.14 0 0 0.22 0.33 0 0 0 0 0 0 0 0.07
"CENPC" 0 0 0 0 0 0 0 0 0 0 0 0 0 0 0 0 0 0 0.08 0.14 0.01
"CHD3" -0.07 0 -0.15 0 0 0 0 0 0 0 0 0 -0.25 -0.11 0 0 0 0 0 0 -0.03
"LYST" 0.12 0.14 1.15 1.41 0 0.94 0.52 0.59 0.23 0.52 1.11 0.92 1.24 0.35 0.23 0.42 0.96 0.06 1.34 0 0.61
"ERCC8" 0 0 0 0 0 0 0 0 -0.04 0 0 0 0 0 0 0 -0.01 0 0 0 0
"CLU" 0 0 0 0 0 0 0 -0.45 0 0 0 0 -0.12 0 0 0 -0.29 0 0 -0.12 -0.05
"COPB1" 0 0 0 0 0 0 0 0 0 0 0 -0.21 0 0 0 0 0 0 0 0 -0.01
"CPD" 0 0 0 0 0 0 0 -0.29 0 0 0 0 -0.09 0 0 0 0 0 0 0 -0.02
"CRH" 0 0 0 -0.16 0 -0.07 -0.22 -0.29 -0.12 -0.09 -0.17 0 -0.3 -0.12 -0.14 -0.01 -0.01 -0.04 -0.06 0 -0.09
"CRHBP" -0.28 0 -0.16 0 -0.08 -0.28 0 0 0 -0.11 -0.36 0 0 -0.13 -0.03 0 -0.02 0 -0.14 -0.2 -0.09
"CRMP1" 0 0 0 0 0 0 0 0 0 0 -0.34 0 0 0 0 0 0 0 0 -0.22 -0.03
"CRY2" -0.29 -0.14 -0.15 -0.66 -0.06 -0.47 -0.42 -0.27 -0.23 -0.3 -0.55 -0.39 -0.19 -0.26 -0.18 -0.51 -0.17 -0.43 -0.29 -0.4 -0.32
"CS" 0 0 0 0 0 0 0 0 0 0 0 0 0 -0.13 0 0 -0.12 0 0 0 -0.01
"CSTF3" 0 0 0 0 0 0 0 -0.05 0 0 0 0 0 0 0 0 0 0 0 0 0
"CYP51A1" 0 -0.17 0 -0.33 0 0 0 -0.12 -0.04 0 0 0 0 0 -0.11 -0.4 -0.19 -0.58 0 0 -0.1
"DBT" 0 0 0 0 0 -0.02 0 -0.22 0 0 0 0 -0.2 0 0 -0.04 0 0 0 0 -0.02
"DDB1" 0 0 0 0 0 0 0 0 0 0 0 0 0 0 0 0 0 0 -0.05 0 0
"DHX9" 0 0 0 0.03 0 0 0 0.16 0 0 0 0 0 0 0 0 0 0 0 0 0.01
"DHFR" 0 0 0 0 0 -0.05 0 0 0 0 0 -0.14 0 0 0 0 0 -0.06 0 0 -0.01
"DNAH6" 0 0 0 0 0 0 0 0 0 0 0 0 0.05 0 0 0 0 0 0 0 0
"DYNC1I1" 0 0 0 0 0 0 0 0 0 0.77 0 0.41 0 0 0 0 0 0 0 0 0.06
"DNMT3A" 0 0 0 0 0 0 0 0 0 0 0 0 0 0 0 0 0 0 -0.14 0 -0.01
"ATN1" 0 0 0 0 0 0.1 0 0 0 0 0 0 0 0 0 0 0 0 0 0 0.01
"ECE1" 0 0 -0.07 0 0 0 0 0 0 0 0 0 0 0 0 0 0 0 0 0 0
"EEF1A1" 0 0 0.13 0.27 0 0.46 0 0.07 0 0 0 0.19 0.48 0.05 0 0 0 0 0 0 0.08
"EFNB2" 0 0 0 0 0 0 0 0 0 0 0 -0.11 -0.07 0 0 0 0 0 0 0 -0.01
"EPHB2" 0 0 0 0 0 0 0 0 0 0 0 0 -0.02 0 0 0 0 0 0 0 0
"EPHB6" 0 0 0 0 0 0 0 0 0 0 -0.04 0 0 0 0 0 0 0 0 0 0
"ETS1" 0 0 0 0 0 0.2 0.16 0 0 0 0 0 0 0 0 0 0 0 0 0 0.02
"EXT2" 0.13 0 0.12 0.84 0 0.42 0.08 0.34 0 0 0.43 0.41 0.86 0.47 0.06 0.34 0.43 0 0.47 0 0.27
"ACSL4" 0 0 0 0 0 0 0 0 0 0 0 -0.1 0 0 0 0 0 0 0 0 0
"BPTF" 0 0 0 0 0 0 0 0 0 0 0 0 0 0 0 0 0 0 0 -0.5 -0.03
"FBN1" 0 0 0 0 0 0 0 0 0 0 0 0 -0.29 0 0 0 0 0 0 0 -0.01
"FKBP3" 0 0 0.14 0 0 0 0 0.13 0 0 0 0.11 0 0.07 0 0 0 0.12 0.11 0.08 0.04
"FOXO1" 0 0 0 0 0 0 0.12 0 0 0 0 0 0 0 0 0 0.2 0 0 0.06 0.02
"FOXO3" 0 0 0 0.13 0 0 0 0 0 0 0.25 0.12 1.21 0.32 0.18 0.52 0.07 0 0 0 0.14
"MTOR" 0 0 0 0 0 0 0 0 0 0 0 0 -0.06 0 0 0 0 0 0 0 0
"GABRA4" 0 0 0.04 0.52 0.32 0.6 0.65 0.72 0 0.72 0.41 0.34 0.77 0.24 0.15 0.7 0.15 1.26 0 0.65 0.41
"GABRB3" 0 0 0 0 0 -1.3 0 -0.14 0 0 0 0 0 -0.21 0 0 -0.96 0 0 0 -0.13
"GFPT1" 0 0 0 0.02 0 0 0 0 0 0 0 0 0 0 0 0 0 0 0 0 0
"GLG1" 0 -0.36 0 -0.18 0 -0.65 0 -0.38 0 -0.78 0 -0.22 -0.37 -0.35 -0.2 -0.99 0 -0.44 0 0 -0.25
"GLO1" 0 0 0 0 0 0.28 0 0 0 0 0 0.37 0.39 0 0 0 0 0 0 0 0.05
"GLS" 0 0 0 0 0 0 0 0 0 0 0 0.02 0 0.13 0 0 0 0 0 0 0.01
"GNAI3" 0 0 0 0.08 0 0 0 0 0 0 0 0 0 0 0 0.09 0 0 0 0 0.01
"GNAQ" 0 0 0 -0.25 0 -0.22 0 0 0 0 0 0 -0.35 0 0 -0.51 0 0 0 0 -0.07
"GNG3" 0 0 0 0 0 -0.32 0 0 0 0 0 0 0 0 0 0 0 0 0 0 -0.02
"GNG4" 0 0 0 0 0 0.07 0 0 0 0 0 0 0 0.06 0 0 0 0 0 0 0.01
"GOLGA2" -0.12 0 0 -0.23 -0.06 0 -0.05 0 -0.19 -0.01 -0.01 0 0 0 0 -0.16 0 0 0 0 -0.04
"GOLGB1" -0.16 0 0 -0.04 0 -0.17 0 0 0 -0.13 0 0 0 0 0 -0.46 0 0 -0.01 0 -0.05
"GPD2" 0 0 0 0 0 0 0 0 0 0 0 0 0 0 0 0 0 0 0 0 0
"GPM6A" 0 0 0 0 0 -0.15 0 0 0 0 0 0 0 0 0 0 0 0 0 0 -0.01
"GRIA1" -0.18 0 0 -0.27 -0.37 -0.27 -0.01 0 0 0 -0.85 0 0 -0.73 -0.44 -0.93 -0.54 -0.42 -0.85 0 -0.29
"GRIA4" 0.53 0.13 0.08 0 0 0 0 0 0 0 0 0 0 0 0 0 0.24 0 0 0 0.05
"GRIN1" 0 0 0 0 0 -0.36 0 0 0 0 0 0 0 0 0 0 0 0 0 -0.05 -0.02
"GSK3B" 0 0 0 0 0 0 0 0.05 0 0 0 0 0 0 0 0 0 0.02 0 0 0
"GTF2H3" 0 0 0 0 0 0 0 0 0.03 0 0 0 0 0 0 0 0 0 0 0 0
"GTF3C1" 0 0 0 0 0 -0.03 0 -0.2 0 0 0 0 0 0 0 0 0 0 0 0 -0.01
"HADH" -0.22 0 0 0 0 0 0 0 0 -0.09 0 0 0 -0.04 0 0 -0.2 0 0 0 -0.03
"HLCS" 0 0 0 -0.36 0 0 0 -0.54 0 0 0 -0.6 -0.33 -0.23 0 -0.57 -0.28 -0.19 -0.4 0 -0.17
"HMOX2" 0 0 0 0 0 0 0 0 0 0 0 0 -0.04 0 0 0 0 0 0 0 0
"HNRNPH1" 0 0 0 0.02 0 0 0 0 0 0 0 0 0 0 0 0 0 0 0 0 0
"HSPA9" 0 0 0 0 0 -0.27 0 0 0 0 0 0 0 0 -0.06 0 0 -0.32 0 0 -0.03
"IGSF3" 0 0 -0.15 0 0 0 0 0 0 -0.12 -0.27 0 -0.21 0 0 -0.23 0 -0.01 0 -0.1 -0.05
"HSP90AB1" 0 0 0 0 0 0 -0.16 0 0 0 0 0 0 0 0 0 0 0 0 0 -0.01
"HUS1" 0 0 0 0 0 0 0 0 0 0 0 0.1 0 0 0 0 0 0 0 0 0.01
"IFNAR1" 0 0 0 0 0 -0.02 0 0 0 0 0 0 0 0 0 0 0 0 0 0 0
"ILK" 0 0 0 0 0 0 0 0 0 0 0 0 0 0 0 0 0 0 -0.15 0 -0.01
"INPP5B" 0 0 0.01 0.25 0 0 0 0.03 0.17 0 0.48 0 0 0 0 0 0.13 0 0.1 0.11 0.06
"INSR" 0 0 0.55 1.1 0 1.58 0.73 0.36 0.45 0.6 0.92 1.04 0.98 0.63 0.83 0.22 1.26 0.41 1.53 0.06 0.66
"ITPK1" 0 0 0 0 0 0 0 -0.03 0 0 0 0 0 0 0 0 0 0 0 0 0
"IVD" 0 0 0 -0.16 0 0 0 0 0 0 0 0 0 -0.2 0 0 0 0 0 0 -0.02
"JARID2" 0 0 0 0 0 0 0 0 0 0 0 0 -0.2 0 0 0 0 0 0 0 -0.01
"KCNJ3" 0 0 0 0 0 0.14 0 0 0 0.8 0 0 0 0 0 0 0 0 0 0 0.05
"KCNJ6" 0 0 0 -0.08 0 0 0 0 0 0 0 0 0 0 0 0 0 0 0 0 0
"KCNN3" 0 0 0.21 0 0 0.06 0 0.07 0.19 0.31 0 0.22 0 0 0.28 0 0 0 0 0 0.07
"KPNA4" 0 0 0 0 0 0 0 -0.01 0 0 0 0 0 0 0 0 0 0 0 0 0
"IPO5" 0.21 0.26 0.1 0.54 0.78 0.07 0.61 0.51 0.39 0.6 0 0 0.48 0.47 0.51 0.56 0.31 0.15 0.16 0.29 0.35
"LEPR" 0 0.19 0 0 0 0.09 0.34 0 0.19 0.05 0.03 0.04 0 0 0.02 0 0.4 0 0 0.25 0.08
"LGALS8" 0 0 0 0 0 0.03 0 0 0 0 0 0 0 0 0 0 0 0 0 0 0
"LIFR" 0 0 0 0 0 0 0 0 0 0 0 0 0 0 0 0 0 0 0 0 0
"LIPA" 0 0 -0.06 0 0 0 0 0 0 0 0 0 0 0 0 0 0 0 0 0 0
"LMO7" 0 0 0 0 0 0 0 0 0 0 0 0 -0.07 0 0 0 -0.11 0 -0.28 -0.21 -0.03
"LY6H" 0 0 0 0 0 -0.05 -0.13 0 0 0 0 -0.02 0 0 -0.15 0 0 0 0 0 -0.02
"MARCKS" -0.24 0 -0.29 0 -0.16 0 0 0 0 -0.07 0 -0.28 0 0 -0.02 -0.03 -0.17 0 0 -0.13 -0.07
"SMAD2" 0 0 0 -0.49 0 -0.26 0 -0.1 0 0 0 0 0 -0.04 0 0 0 -0.41 -0.06 -0.23 -0.08
"MAN1A1" 0 -0.09 -0.2 -0.13 0 0 -0.16 0 0 -0.23 0 0 -0.03 0 0 -0.07 -0.07 0 -0.13 0 -0.06
"MAN2A2" 0 0 0 0 0 0 0 0 0 0 0 0 0 0 0 0.09 0 0 0 0 0
"MAPT" 0 0 -0.38 0 0 0 0 0 0 0 0 0 0 -0.37 0 0 -0.55 0 0 0 -0.07
"MATN2" -0.1 0 0 -0.26 0 -0.13 0 -0.08 0 -0.22 -0.05 -0.07 0 0 0 -0.07 0 -0.16 -0.11 0 -0.06
"ADAM11" 0 0 0 0 0 0.07 0 0 0 0 0 0 0 0 0 0 0 0 0 0 0
"MEST" 0 -0.04 0 0 0 0 0 0 0 -0.06 0 0 -0.07 0 0 0 0 0 0 0 -0.01
"MIPEP" 0 0 0 0 0 0 0 -0.19 0 0 0 -0.05 0 0 0 0 0 0 0 0 -0.01
"MITF" 0 0 0.02 0 0 0 0 0 0 0 0.14 0 0 0 0 0.08 0.06 0.09 0 0 0.02
"MNAT1" 0 0 0 -0.39 0 -0.54 -0.4 -0.83 0 0 -0.62 -0.2 -0.81 -0.49 -0.11 -0.74 -0.04 0 0 0 -0.26
"MRE11" 0 0 0 -0.06 0 0 0 0 0 0 0 0 0 0 0 0 0 0 0 0 0
"MXI1" 0.04 0 0 0.36 0 0.15 0.31 0.77 0.28 0 0.06 0.35 0 0.19 0 0 0.13 0.14 0.84 0 0.18
"PPP1R12A" 0 0 0 0 0 0 0 0 0 0 0 0 0.44 0 0 0 0 0 0 0 0.02
"NCAM1" -1.35 -0.72 -2.13 -2.02 -1.52 -2.33 -1.7 -2.31 -2.57 -2.45 -0.6 -1.65 -1.83 -1.12 -1.73 -1.57 -1.14 -1.6 -1.3 -0.8 -1.62
"NCBP1" 0 0 0 0 0 0 0 0 0 0 0 0 0 0 0 0 0 0 0 0 0
"NCL" 0 0 0 0 0 0 0 0 0 0 -0.08 0 0 0 0 -0.05 0 0 0 0 -0.01
"NDUFA10" 0 0 0 0 0 0 0 0 0 0 0 0 0 0 0 -0.15 0 0 0 0 -0.01
"NDUFB6" 0 0 0 0 0 0 0 0 0 0 0 0 0 0 0 0 0 -0.03 0 0 0
"NFIA" 0.32 0 0 0 0.06 0 0 0 0 0 0 0 0 0 0 0 0 0 0.29 0.22 0.04
"NRDC" 0 0 0 0 0 0 0 0 0 0 0 0 0 0 0 0 0 -0.1 0 0 0
"NSF" 0 0 0 -0.05 0 0 0 0 0 0 0 0 0 0 0 0 0 0 0 0 0
"OGDH" 0 0 0 0 0 0 0 0 0 0 0 0 0 0 0 0 0 0 0 0 0
"OPRM1" 0 -0.06 0 -0.01 0 -0.14 -0.12 0 0 0 0 -0.16 0 0 0 0 0 0 -0.1 0 -0.03
"OSBP" 0 0 0 0 0 0 0 0 0 0 0 0 0 0 0 0 0 0 -0.06 0 0
"PAM" 0 0 0 0 0 0.43 0 0.08 0 0 0 0 0 0 0 0 0 0 0 0 0.03
"PBX1" 0 0 0.45 0 0 0 0 0 0 0 0 0 0.2 0.23 0.44 0 0.85 0 0.37 0 0.13
"PBX3" 0 0 0 0 0 0.02 0 0 0 0 0 0 0 0 0 0 0 0 0 0 0
"CDK17" 0 -0.06 0 0 0 -0.22 -0.14 0 -0.24 0 -0.02 -0.68 -0.12 -0.22 -0.32 0 0 -0.14 0 0 -0.11
"PDE1A" -0.36 0 0 0 0 0 0 0 0 0 0 0 0 0 0 0 0 0 0 0 -0.02
"PDE2A" 0 0 -0.26 0 0 0 0 0 0 0 0 0 0 0 0 0 0 0 0 0 -0.01
"PDK1" 0 0 0 0 0 0.2 0 0 0 0 0.28 0 0 0 0 0 0 0 0 0 0.02
"PEX1" 0 0 0 -0.13 0 -0.05 0 0 0 0 -0.01 0 -0.29 -0.14 -0.12 0 0 0 0 0 -0.04
"PHF2" 0 0 0 0 0 0 0 0 0 0 0 0 0 0 0 0 0 0 -0.06 0 0
"PIK3CA" 0 0 0 0 0 0 0 0 0 0 0 0 0 0.1 0 0 0 0 0 0 0
"PKNOX1" 0 0 0 0 0 0 0 -0.06 0 0 0 0 0 0 0 0 0 0 0 0 0
"PNOC" 0 -0.16 0 -0.09 0 0 -0.08 0 0 0 0 0 0 0 -0.03 -0.2 -0.05 -0.21 0 0 -0.04
"PMS1" 0.17 0 0 0.2 0 0 0 0.68 0.31 0 0.35 0 0 0 0 0 0 0.6 0.05 0 0.12
"EXOSC10" 0 0 0 -0.05 0 0 0 0 0 0 0 0 0 0 0 0 0 0 0 0 0
"UBL3" 0.12 0 0.2 0.45 0 0.47 0 0.27 0 0 0.35 0 0 0.64 0 0 0 0 0.73 0.1 0.17
"PPARA" 0 0 0 0 0 0.07 0 0.14 0 0 0 0 0 0 0 0.08 0 0.27 0 0 0.03
"PPP1R7" 0 0 0 -0.01 -0.16 0 0 -0.06 0 0 0 0 0 0 0 -0.19 0 0 -0.1 0 -0.03
"PPP2R2A" 0 0 0 0 0 0 0 0 -0.28 0 0 0 -0.28 0 0 -0.11 0 0 -0.01 -0.05 -0.04
"PPP2R2B" 0 0 0 0 0 0 0 0 0 0 0 0 0 0 0 0 0 -0.95 0 0 -0.05
"PTPA" 0 0 0 0 0 0 0 0 0 0 0 0 0 0 0 0 -0.3 0 0 0 -0.02
"PPP5C" 0 0 0 0 0 0 0 0 0 0 0 0 0 0 0 0.6 0 0 0 0 0.03
"PRKAA2" 1.77 0.37 1.15 1.45 0.81 0.32 1.2 1.07 1.61 0.68 1.69 1.31 1.02 1.38 1.42 2.1 1.3 1.25 0.82 1.22 1.2
"PRKACB" 0 0 0 0 0 0 0 0.27 0 0 0 0.48 0.49 0 0 0 0.76 0 0 0 0.1
"PRKDC" -0.04 -0.24 -0.29 -0.54 0 -0.1 -0.32 -0.85 -0.71 -0.19 0 -0.45 -0.97 -0.59 -0.63 -0.45 -0.29 0 -0.18 -0.06 -0.34
"MAPK3" 0 0 0 0 0 0 0 0 0 0 -0.02 0 0 0 0 0 0 0 0 0 0
"MAP2K6" 0 0 0 0 0 0 0 0 0 0 0 0 -0.1 0 0 0 0 0 0 0 -0.01
"PROX1" 0 0 0 0 0 0.08 0 0 0 0 0 0 0 0 0 0 0 0 0 0 0
"PRPS1" 0 0 0 0 0 0 0 0 0 0 0 0 0.04 0 0 0 0 0 0 0 0
"PSMD1" 0 0 0 0 0 -0.71 0 0 0 0 0 0 0 0 0 0 0 -0.11 -0.36 0 -0.06
"PTMS" 0 0 0 0 0 -0.03 0 0 0 -0.07 -0.02 0 0 0 0 0 0 0 0 -0.08 -0.01
"PTPN1" 0 0 0 0 0 0 0 0.01 0 0 0 0 0 0 0.04 0 0 0 0.04 0 0
"PTPRM" 0 0 0.26 0.02 0 0 0 0 0 0 0 0 0 0 0 0 0 0 0.04 0 0.02
"PTPRN" 0 0 0 0 0 0 0 0 0 0 0 0 0 -0.04 0 0 0 0 0 0 0
"PVT1" -0.54 -0.1 -0.19 -0.28 0 -0.17 -0.47 -0.38 0 -0.12 -0.28 -0.15 -0.18 -0.19 -0.34 -0.38 -0.35 -0.24 -0.24 -0.12 -0.24
"RAB27B" 0 0 0 0 0 0 0 0 0 0 -0.01 0 0 0 0 0 0 0 0 0 0
"RANGAP1" -0.13 0 0 -0.11 0 0 -0.06 -0.24 0 0 -0.04 -0.26 0 -0.18 -0.25 0 0 -0.5 0 0 -0.09
"RARB" 0 0 0.44 0.27 0 0.04 0 0.07 0 0 0 0.02 0.26 0.12 0 0 0 0.13 0 0 0.07
"KDM5A" -0.01 0 0 0 0 0 0 0 0 0 0 0 0 0 0 -0.05 0 0 0 0 0
"REV3L" 0 0 0 0 0.03 0.07 0 0 0 0.76 0.04 0 0 0.13 0.35 0.51 0.48 0 0 0.24 0.13
"RFC3" -0.22 -0.25 -0.14 0 0 0 -0.34 -0.09 -0.13 -0.31 -0.05 -0.1 -0.22 0 -0.26 0 -0.18 0 -0.11 -0.24 -0.13
"RORA" 0 0 0 0 0 0 0 0 0 0 0.21 0 0 0 0 0 0 0 0 0 0.01
"RPL22" 0 0 0 0 0 -0.4 -0.11 0 0 0 0 0 -0.26 0 0 0 0 -0.3 0 0 -0.05
"RPS3A" 0 0 0 -0.07 0 0 0 0 0 0 -0.14 0 0 -0.26 -0.05 0 -0.18 -0.34 -0.19 0 -0.06
"RPS6KB1" 0 0 0 0 0 0 0 0.17 0 0 0 0 0 0 0 0 0 0 0 0 0.01
"RPS18" 0 0 0 0 0 -0.16 0 0 0 0 0 0 -0.19 0 0 0 0 0 0 0 -0.02
"RPS20" -0.33 0 0 -0.22 0 -0.42 0 -0.05 -0.01 -0.1 -0.01 -0.06 -0.4 0 0 -0.22 0 -0.09 0 -0.34 -0.11
"RPS28" 0 0 0 -0.4 0 0 0 -0.2 0 -0.3 0 -0.16 -0.48 -0.18 -0.1 0 0 -0.04 0 0 -0.09
"SAT1" 0 0 0 0.05 0 0 0.36 0.57 0.04 0 0 0.76 0.47 0 0 0.1 0 0 0 0.2 0.13
"CX3CL1" 0 -0.18 0 0 -0.15 0 -0.15 -0.52 0 0 0 -0.13 -0.15 -0.01 -0.03 0 -0.05 -0.16 0 0 -0.08
"SDC2" 0 0 0 0.3 0 0.12 0 0.03 0.3 0 0 0.29 0.15 0 0 0.07 0 0 0 0.13 0.07
"SDHB" 0 0 0 0 0 0 0 0 0 0 0 -0.17 0 0 0 0 0 0 0 0 -0.01
"SFRP1" 0 0 0 0.31 0 0 0.01 0 0 0 0 0 0.33 0.03 0 0 0 0 0 0 0.03
"SRSF5" 0 0.08 0.72 0.31 0 0.46 0.42 0.02 0.11 0 0.4 0.37 0 0.86 0.5 0 0.64 0.36 0.38 0.39 0.3
"SGK1" 0 0.09 0 0 0 0 0 0 0 0 0 0.14 0 0.07 0 0 0 0 0 0.02 0.02
"ST6GAL1" 0.14 0.11 0.11 0.4 0.1 0.27 0.32 0.31 0 0.2 0 0.4 0.48 0.26 0.54 0.61 0.32 0.17 0 0.2 0.25
"ST8SIA1" 0.43 0 0.22 0 0 0.45 0 0 0 0.06 0.03 0 0 0.25 0 0 0 0 0.56 0 0.1
"SLC1A2" -0.74 -0.32 -0.1 -0.21 -0.17 0 -0.34 0 -0.24 -0.11 -0.17 -0.1 -0.19 0 -0.27 0 0 0 0 -0.39 -0.17
"SLC3A2" 0 0 -0.18 0 0 0 0 0 0 0 0 0 0 0 0 0 0 0 0 0 -0.01
"SLC6A6" 0 0 0 0 0 -0.19 0 0 0 0 0 0 0 0 0 0 0 0 0 0 -0.01
"SLC8A2" 0 0 -0.09 -0.2 0 0 0 -0.23 0 -0.14 0 -0.2 0 0 0 0 -0.03 0 0 0 -0.04
"SLC12A2" 0 0 0 -0.11 0 0 0 0 0 0 0 0 -0.22 0 0 -0.02 0 0 0 0 -0.02
"SMARCA1" 0 0 0 0 0 0 0 0 0 0 0 0 0 0 0 0 0 0 0 -0.1 -0.01
"SNAPC3" 0.33 0 0 0 0.34 0 0.06 0 0 0 0 0 0 0 0 0 0 0 0 0 0.04
"SNCB" 0 0 -0.04 -0.34 0 -0.07 -0.46 -0.18 -0.44 -0.02 -0.06 -0.52 -0.03 -0.48 0 -0.31 -0.14 -0.51 -0.75 0 -0.22
"SNCA" 0 0 -0.18 0 0 0 0 0 0 0 0 0 0 0 0 0 -0.02 0 0 0 -0.01
"SNRPF" 0 0 0 -0.21 0 0 0 0 0 0 0 0 0 0 0 0 0 0 0 0 -0.01
"SPTBN2" 0 0 0 0 0 -0.02 0 0 0 0 -0.15 0 0 -0.14 -0.05 0 -0.15 0 -0.37 0 -0.04
"SST" -0.01 -0.14 -0.02 -0.09 -0.01 -0.3 -0.27 -0.23 0 -0.12 0 -0.02 0 -0.12 -0.04 -0.28 -0.12 -0.07 0 -0.18 -0.1
"SS18" 0 0 0.31 0 0 0.5 0 0 0 0 0 0 0 0.24 0 0.4 0.17 0.21 0.7 0.32 0.14
"STAT1" 0 -0.18 -0.15 -0.48 -0.28 -0.26 0 0 -0.03 -0.01 -0.12 -0.29 -0.16 -0.48 -0.33 -0.17 -0.06 -0.41 -0.36 -0.51 -0.21
"HSPA13" 0 0 0 -0.18 0 -0.36 0 0 0 0 -0.12 0 0 0 0 0 0 0 0 0 -0.03
"STK4" 0 0 -0.06 0 0 0 0 0 0 0 0 0 0 0 0 0 0 0 0 0 0
"STXBP3" 0 0 0.04 0.1 0 0 0 0 0.16 0 0 0 0 0 0 0.15 0 0.14 0.13 0 0.04
"ABCC8" 0 0 0 0 0 0 0 0 0 0 0 0 0 0 0 0 0 0 0.44 0 0.02
"SYT4" 0 -0.2 0 0 0 0 0 0 0 0 0 0 0 0 0 0 0 0 0 0 -0.01
"TAC1" 0 0 0 0 0 0 0 0 0 0 0 0 -0.13 0 0 0 0 0 0 0 -0.01
"TJP1" 0 0 0 0 0 0 0 0 0 0.42 0 0.06 0 0 0 0 0 0 0 0 0.02
"TRAPPC10" 0 0 0 0 0 0 0 0 0 0 0 0 0 0 0 -0.12 0 0 0 0 -0.01
"TMF1" 0 0 0 -0.14 0 0 0 0 0 0 0 0 0 0 0 -0.07 0 -0.02 0 0 -0.01
"TMOD1" 0.21 0.24 0.2 0 0 0.34 0 0 0.44 0.36 0.11 0.52 0.24 0.73 0.37 0.35 0 0.11 0.07 0 0.22
"TOP1" 0 0 0 0 0 0 0 0 0 0 0 0 0.14 0 0 0 0 0 0 0 0.01
"TRIO" 0 0 0 0.55 0 0 0 0.17 0 0 0 0 0.79 0 0 1.59 0 0 0 0 0.16
"TRPC1" 0 0 0 0 0 0 0 0 0 0 0 0 0 0 0 0 0.01 0 0 0 0
"TSN" 0 0 0 0 0 -0.14 0 -0.22 0 0 0 0 0 -0.06 0 0 0 0 0 0 -0.02
"UBE2B" 0 0 0 0 0 0 0 0 0 0 0 0 0 0 0 0.11 0 0 0.14 0 0.01
"UBE2D1" 0 0 0 0 0 0.04 0.02 0.07 0 0 0 0 0 0 0 0 0 0 0 0 0.01
"UBE2G1" 0 0 0 0.3 0 0.38 0.17 0 0 0 0 0.09 0.79 0 0 0.08 0 0 0 0 0.09
"UBE2G2" 0 0 0 0.01 0 0 0 0 0 0 0 0 0 0 0 0 0 0 0 0 0
"UBE2L3" 0 0 0 0 0 0 0 0 0 0 0 0 0.11 0 0 0.33 0 0 0 0 0.02
"UCHL3" 0 0 0 0 0 0 -0.15 -0.2 -0.27 0 0 0 0 0 0 0 0 -0.03 0 0 -0.03
"VGF" 0 0 0 0 0 0 0 0 0 0 0 0 -0.06 0 0 0 0 0 0 0 0
"NELFA" 0 0.3 0.01 0.72 0 0.12 0.48 0.18 0.74 0.48 0 0.38 0.14 0.32 0.18 0.52 0.57 0.43 0.09 0.54 0.31
"ZNF75D" 0 0 0 0 0 -0.2 0 0 0 0 -0.1 0 0 0 0 0 0 0 0 0 -0.02
"ZNF84" 0 0 0.18 0.2 0 0.24 0 0 0 0 0.36 0.1 0.31 0.23 0 0 0.08 0.01 0.24 0 0.1
"TRIM26" 0 0 0 0 0 0 0 0 0 0 0 0 0 -0.08 0 0 0 0 0 0 0
"ZNF195" 0 0 0.05 0 0 0 0 0 0 0 0.11 0 0.02 0 0 0.12 0 0.26 0.02 0 0.03
"EVI5" 0.04 0 0 0 0 0 0 0 0 0 0 0 0 0 0 0 0 0 0 0 0
"ADAM12" 0 0 0 -0.06 0 -0.09 -0.24 -0.09 0 -0.01 -0.02 0 -0.06 -0.02 0 0 -0.07 0 0 0 -0.03
"PTP4A2" 0 0 0 0 0 0.04 0 0 0 0 0 0 0 0 0 0 0 0 0 0 0
"PABPN1" 0.04 0 0.08 0 0 0 0 0 0.08 0 0 0.01 0.29 0.01 0 0 0 0.2 0 0 0.04
"NCOA3" 0 0.19 0 0 0 0 0 0 0 0 0 0 0 0 0 0 0 0 0 0 0.01
"PICALM" 0 0 0 0 0 0 0 0 0.38 0 0 0 0 0.05 0 0 0 0 0 0 0.02
"ACOX3" 0 0 0 0 0 0.04 0 0 0 0 0 0 0.01 0 0 0 0 0 0.12 0 0.01
"STX7" 0 0 0 0 0 0 0 0 0 0 0 0 0.04 0 0 0 0 0 0 0 0
"CUL2" 0 0 0 -0.1 0 0 0 0 0 0 0 0 -0.08 0 -0.05 -0.06 0 0 0 0 -0.01
"PARG" 0 0 0 -0.24 0 0 0 0 0 0 0 0 0 0 0 0 0 0 0 0 -0.01
"ENC1" -0.85 -0.91 -1.52 -0.54 -0.92 -0.93 -0.78 -1.05 -0.94 -0.83 -1.17 -1.02 -1.03 -0.67 -0.77 -0.96 -0.99 -0.93 -0.71 -1.09 -0.93
"NIPSNAP1" 0 0 0 0 0 0 0 0 0 0 -0.07 0 0 0 0 0 0 0 0 0 0
"DGKZ" 0 0 0 0 0 0 0 0 -0.34 0 0 0 0 0 -0.03 0 0 0 0 0 -0.02
"API5" 0 0 0 0 0 0.25 0 0 0 0 0 0 0 0 0 0 0.01 0 0 0 0.01
"LMO4" 0 0 0 0 0 0 -0.06 0 0 0 0 -0.14 0 0 0 0 0 0 0 0 -0.01
"PIR" 0 0 0 -0.19 0 0 -0.04 0 -0.2 0 0 0 0 0 0 0 0 -0.01 -0.03 0 -0.02
"CGGBP1" 0 0 0 0 0 0 0 0.02 0 0 0 0 0 0 0 0 0 0 0 0 0
"MAPKAPK5" 0 0 0 0 0 -0.07 0 0 0 0 0 0 0 0 0 0 0 0 0 0 0
"CDC14B" 0 0 0 0 0 0 0 0 0.08 0 0 0.3 0 0 0 0 0 0 0 0 0.02
"PLA2G4C" 0 0 0 0 0 0 0 0 0 0 0.03 0.36 0 0 0 0 0 0 0.17 0 0.03
"PLPP1" 0 0 0 0 0 0 0 0 0 0 0 0 0 0 0 0.05 0 0 0 0 0
"PEA15" 0 0 0 0 0 0 0 -0.1 0 0 0 0 0 0 0 0 0 0 0 -0.2 -0.02
"EED" 0 0 0 0 0 0 0 0.06 0.4 0 0 0 0.05 0 0.08 0 0 0.01 0.3 0 0.05
"ADAM9" -0.09 0 -0.04 0 0 -0.28 0 0 0 0 0 0 0 0 0 0 -0.02 0 0 0 -0.02
"SUCLA2" 0 -0.62 0 0 -0.06 -0.18 0 -0.13 -0.29 -0.32 0 -0.25 0 0 0 -0.61 -0.11 -0.16 0 0 -0.14
"DPM1" 0 0 0 0 0 -0.01 0 0 0 0 0 0 -0.04 0 0 -0.2 0 0 0 0 -0.01
"SYNGAP1" 0 -0.28 -0.23 -0.27 -0.29 -0.85 -0.47 0 -0.36 -0.23 -0.18 -0.44 -0.56 -0.58 -0.77 -0.49 -0.18 -0.22 -0.03 -0.12 -0.33
"CFLAR" 0 0 0 0 0 0 0 0 0.08 0 0 0 0 0 0 0 0 0 0 0 0
"KSR1" 0 0 0 0 0 0 0 0 0 0 0.05 0 0.1 0 0 0 0 0 0 0 0.01
"ST3GAL5" 0.24 0 0.07 0.65 0.04 0.05 0 0.56 0.18 0.55 0 0.43 0.18 0.73 0.35 0.06 0.3 0.67 0.39 0.38 0.29
"SGCE" 0 0 0 0 0 0 0 0 0 0 0 0 0 0 0 -0.05 0 0 0 0 0
"CACNA1I" 0 0 0 0 0 0 0 0 0 0 0 0 0 0 0 0 0 0.09 0 0 0
"CACNA1G" -0.04 0 0 -0.01 0 0 -0.1 -0.07 -0.15 0 0 0 0 0 0 -0.01 0 -0.03 0 0 -0.02
"WASF1" -0.08 0 -0.25 0 0 -0.32 0 0 0 0 -0.21 0 0 0 0 0 0 0 0 0 -0.04
"BTRC" 0 0.19 0 0 0 0.11 0 0 0.15 0 0.19 0 0 0.3 0 0 0 0 0 0 0.05
"WASL" 0 0 0 0 0 0.07 0 0.03 0 0 0 0.2 0.44 0.23 0 0 0 0 0 0 0.05
"SLC7A6" 0 0 0 0 0 0 0 0 0 -0.02 0 0 0 0 0 0 0 0 0 0 0
"PAPSS1" 0 -0.4 -0.49 -0.2 0 -0.35 -0.49 -0.58 -0.46 0 -0.04 -0.07 -0.22 -0.19 -0.49 -0.35 -0.03 -0.09 -0.3 0 -0.24
"ASH2L" 0 0 0 0 0 0.06 0 0 0 0 0 0.23 0.27 0 0 0 0 0 0 0 0.03
"USP14" 0 0 -0.05 -0.29 0 -0.21 -0.34 -0.03 -0.21 -0.25 0 -0.27 -0.19 0 -0.21 -0.26 -0.16 0 0 -0.32 -0.14
"MAP3K13" 0 0 0 0 0 0 0 0 0 0 0 0.01 0 0 0 0 0 0 0 0 0
"REPS2" 0 0 0 0 0 0 0 0 0 0 0 0 0 0 0 0 0 0.03 0 0 0
"LGI1" 0 0 0 0 0 0 0 0 0 0 0 0 0 -0.14 0 0 0 0 0 0 -0.01
"NPIPA1" 0 0 0 0 0 0 0.03 0.04 0 0 0 0 0 0 0 0 0 0 0 0 0
"ZNF235" 0 0 0 0 0 -0.07 0 0 0 0 0 0 0 0 0 0 0 0 0 0 0
"COPS2" 0 0 0 0 0 0.06 0 0 0.06 0.05 0 0.48 0 0 0.3 0.19 0 0 0 0 0.06
"TRIP11" 0 0 0 0 0 0 0 0 0 0 0 0 0.07 0 0 0 0 0 0 0 0
"B4GALT6" 0 0 0.05 0 0 0 0 0 0 0 0 0 0 0 0 0 0 0 0 0 0
"NDST3" 0 0 0 0 0 0 0 0 0 0 0 0 0 0 0 -0.15 0 0 0 0 -0.01
"CIAO1" -0.07 -0.06 -0.05 -0.26 -0.12 0 0 0 -0.12 0 0 -0.11 0 0 0 -0.11 0 -0.12 0 0 -0.05
"SELENOF" 0 0 0 0 0 0.02 0 0 0 0 0 0 0.11 0 0 0 0 0 0 0 0.01
"CYP7B1" 0 0 0 0 0 0 0 0 -0.08 0 0 0 0 0 0 0 0 0 0 0 0
"MED27" -0.26 -0.19 -0.04 -0.32 0 -0.09 -0.19 -0.07 -0.72 -0.1 0 -0.53 0 0 -0.54 -0.25 0 -0.5 -0.28 -0.56 -0.23
"ARHGEF6" 0 0.17 0 0 0 0 0.31 0 0 0 0 0 0.32 0 0 0.04 0 0 0 0 0.04
"STX8" 0 0 0 0 0 0 0 0 0 0 0 0 -0.13 0 0 0 0 -0.13 0 0 -0.01
"NPEPPS" 0 0 0 0 0 0 0 0 0 0 0 0 0 0 0 0 0 -0.09 0 0 0
"ZNF254" 0 0 0 0 0 0 0 0 0 0 0 0 0 0 0.04 0 0 0 0 0 0
"GABBR2" -0.55 -0.66 -0.46 -0.51 -0.48 -0.59 -0.98 -1.4 -0.82 -1.88 -1.5 -0.35 -1.25 -0.9 -1.04 -1.22 -0.77 -0.28 -1.25 -1.32 -0.91
"CLOCK" 0 0 0 0 0 0 0 0 0 0 0 0.11 0 0 0 0 0 0 0 0 0.01
"GDA" 0 0 0 0 0 0 0 0 0 0 0 0 0 0 0 0 0 0 -0.09 0 0
"SH3PXD2A" 0 0 0 0 0 0 0 0 0 0 0 0 -0.17 0 0 0 0 0 0 0 -0.01
"MICAL2" 0 0 0 -0.26 0 0 -0.24 0 -0.02 0 0 0 0 0 0 0 0 -0.03 0 -0.17 -0.04
"GCC2" 0 0 0 -0.04 0 0 -0.01 0 -0.34 0 -0.26 0 0 -0.08 -0.56 0 0 -0.48 0 0 -0.09
"RAPGEF2" 0 0 0.19 0.17 0 0.22 0 0 0.19 0 0.27 0 0.16 0 0 0 0 0.79 0 0 0.1
"RIMS2" 0 0 -0.18 -0.33 0 0 0 0 0 0 -0.49 0 0 0 0 0 0 0 0 0 -0.05
"AQR" 0 0 0 0 0 0 0 0 0 0 0 0 0 0 0 0 0 0 0.19 0 0.01
"SECISBP2L" 0 0 0 0 0 0 0.06 0 0 0 0 0 0.21 0 0 0 0 0 0 0 0.01
"DOCK4" 0 0 0 0 0 0 0 0 0 0 0 0 0 0 0 -0.07 0 0 0 0 0
"CCP110" 0 0 0 0 0 0 0 0 0 0 0 0 0.17 0 0 0 0 0 0 0 0.01
"CLSTN3" 0 0 0 0 0 -0.16 0 0 0 0 0 0 0 0 0 0 0 0 0 0 -0.01
"TCAF1" -0.51 0 0 -0.79 -0.67 0 -0.16 0 0 0 -0.05 -0.24 -0.19 -0.42 0 -0.46 0 0 -0.51 -0.58 -0.23
"SLK" 0 0 0 0 0 0 0 0 0 -0.27 0 0 0 0 0 0 0 0 0 0 -0.01
"RIPOR2" 0 0 0.3 0.12 0 0.68 0 0.13 0.05 0 0.22 0.14 0 0.44 0.23 0 0 0.16 0.44 0.26 0.16
"LZTS3" 0 0 0 -0.09 0 0 0 0 0 0 0 0 0 0 0 0 0 0 0 0 0
"IST1" 0 0 0 0 0 0 0.02 0 0 0 0 0 0 0.23 0 0 0 0 0 0 0.01
"RB1CC1" 0 0 -0.09 -0.24 0 -0.3 -0.55 -0.75 -0.02 -0.29 -1.02 0 -0.84 0 0 -0.49 -0.01 0 -0.43 -0.27 -0.26
"C2CD5" 0 0.03 0 0 0 0 0 0.49 0.13 0 0.02 0 0 0.21 0 0 0 0 0 0 0.04
"ZNF518A" 0 0.3 0 0 0 0.52 0 0 0 0 0.19 0 0.31 0.42 0 0 0 0 0.09 0 0.09
"CEP170" 0 0 0 0 0 0 0 0 -0.01 -0.03 0 0 0 0 0 0 0 0 0 0 0
"FCHSD2" 0 0 0 0 0 0 0 0.42 0 0 0 0 0.45 0 0 0 0 0 0.2 0 0.05
"DDX46" 0 0 -0.03 0 0 0 0 0 0 0 0 0 0 0 0 0 0 0 -0.05 0 0
"SRGAP3" 0 0 0 0 0 0 0 0 0 0 0 0 0 0 0 0 0 0 -0.42 0 -0.02
"SLC23A2" 0 0 0 0 0 0 0 0 0 0 0 -0.25 0 0 0 0 0 0 0 0 -0.01
"NR1D2" 0 0 0 0 0 0 0 0 0 0 0 0 0 0 0 0 0 0 0.09 0 0
"DOP1B" 0 0 0 0 0 0.03 0 0.08 0 0 0 0 0 0 0 0 0 0 0 0 0.01
"EDIL3" 0 0 0 -0.06 0 0 0 0 0 0 0 0 0 0 0 0 0 -0.01 0 0 0
"FRY" 0 0 0 0 0 0 0 0 0 0 0 0 0 0 0.01 0 0 0.04 0 0 0
"PDIA6" 0 0 0 0 0 0 0 0 0 0 0 0 0 0 0 -0.13 0 0 0 0 -0.01
"BCAP31" 0 0 0 0 0 0 0 0 -0.1 0 0 -0.06 0 0 0 0 0 0 0 0 -0.01
"PLXNC1" 0 0 0 0.61 0 0.19 0.03 0 0 0 0.01 0 0 0.07 0 0.03 0 0 0 0 0.05
"SLC25A13" 0 0.04 0.32 0.28 0.19 0.22 0.6 0 0.36 0.09 0 0.68 0.3 0.36 0.5 0.74 0.32 0.34 0 0.52 0.29
"RBM5" 0 0 0 0 0 0 0 0 0 0 0 0 0 0 0 0 0 0 -0.01 0 0
"TRIM13" 0 0 0 -0.02 0 -0.07 0 0 0 0 0 0 -0.1 -0.18 0 -0.08 0 -0.46 0 0 -0.05
"PATJ" 0 0 0 0 0 0 0 0 0 0 0 0 0.05 0 0 0.24 0 0 0 0 0.01
"USPL1" 0 0 0 0.19 0 0.31 0.05 0.04 0 0 0.23 0.2 0.21 0.28 0 0.29 0.14 0 0.04 0 0.1
"SRRM1" 0 0 0 0 0 0.22 0 0 0 0 0 0 0 0 0 0 0 0 0 0 0.01
"DENND4A" 0 0.07 0 0.21 0 0.65 0 0 0.26 0 0.3 0 0.11 0 0.14 0 0 0.46 0.25 0.32 0.14
"RAMP1" 0 0 0 0 0 0.35 0 0 0 0 0 0 0 0 0 0 0 0 0.06 0 0.02
"CWC27" 0 0 1.1 0 0 0.38 0 0.26 0 0 0 0.36 0.13 0 0.35 0.39 0.04 0 0 0.13 0.16
"MAEA" 0 0 0 0.24 0 0 0 0 0 0 0 0 0 0 0 0.13 0 0.13 0 0 0.02
"LANCL1" 0 0 0 0 0 0.06 0 0 0 0 0 0 0 0 0 0 0 0 0 0 0
"NPM2" 0 0 0 0.03 0 0.23 0 0 0 0 0 0 0 0 0 0 0 0 0 0 0.01
"CORO2B" 0 0 0 0 0 -0.38 0 0 0 0 0 0 -0.15 0 0 0 0 0 0 0 -0.03
"ARIH2" 0 0 0 0.14 0 0.52 0 0 0 0 0 0.5 0 0.2 0.01 0.3 0 0.39 0 0 0.1
"OLFM1" 0 0 0 -0.3 0 0 0 0 0 0 0 -0.09 -0.15 0 0 -0.31 0 0 0 -0.49 -0.07
"VAV3" 0 0 0 0 0 0 0 0 0 0 0 0 0 0 0 0 0 0 0 0 0
"UBE2E3" 0 -0.12 -0.12 -0.68 0 -0.48 -0.11 -0.28 -0.36 -0.26 -0.32 -0.62 0 -0.26 -0.32 -0.34 0 -0.44 0 -0.2 -0.25
"ENOX2" 0 0 0 0 0 0.17 0 0 0 0 0 0 0 0 0 0 0 0 0 0 0.01
"SEMA6B" -0.55 -0.33 0 -0.07 -0.29 -0.03 -0.14 -0.06 -0.09 -0.43 -0.07 -0.26 -0.47 -0.27 -0.3 -0.25 -0.41 -0.15 -0.17 -0.42 -0.24
"DDX17" 0 0.22 0 0 0 0.43 0 0 0 0 0 0.74 0 0.14 0 0 0 0.99 0.99 0 0.18
"SPTLC1" 0 0 0 -0.13 0 0 0 0 0 0 0 0 0 0 -0.03 0 0 0 0 0 -0.01
"ARFGEF2" 0 0.73 0 0.95 0.17 0.62 0.13 0 0.42 0.67 0.2 0.05 0.75 0.15 0.6 1.23 0.72 1.19 0.98 0.52 0.5
"IGF2BP3" 0.12 0.05 0.44 0.14 0 0.35 0 0.27 0.16 0.49 0.09 0.3 0.27 0.26 0 0 0.11 0.26 0.5 0.12 0.2
"SPINT2" 0 0 0 0 0 0 0 -0.06 0 0 0 0 0 0 0 0 0 0 0 0 0
"CELF2" 0 0 0 -0.25 0 -0.45 -0.33 0 0 0 0 -0.34 -0.44 0 -0.41 -0.18 0 0 0 -0.51 -0.15
"CHL1" 0 0 0 0 0 -0.04 0 0 0 0 0 0 0 0 0 0 0 0 0 0 0
"ZMYND11" 0 0 0 0.06 0 0 0 0 0 0 0 0 0 0 0 0 0 0 0 0 0
"ARPP21" 0 -0.06 0 0 0 0 0 0 0 0 0 0 -0.07 0 0 0 0 -0.17 -0.21 -0.01 -0.03
"SEC24A" 0 0 0 0 0 0 0 0 0 0 0 0 0 0 0 0 0 -0.02 0 0 0
"WASF3" 0 0 0 0 0 0.35 0 0 0 0 0 0.11 0 0.11 0 0 0.25 0 0 0 0.04
"PDE10A" 0 0 0 0 0 0.24 0 0 0 0 0 0 0 0 0 0 0 0 0 0 0.01
"PAPOLA" 0 0 0 0 0.21 0 0 0.56 0 0 0 0 0 0 0.22 0.71 0 0.4 0 0 0.11
"SPIN1" 0.08 0 0 0.18 0 0 0.01 0 0.81 0 0 0 0.01 0 0 0 0 0 0.21 0 0.06
"OS9" 0 0 0 0 0 0 0 0 0 0 0 0 -0.14 0 0 0 0 0 0 0 -0.01
"OGFR" 0 0 0 -0.17 0 0 -0.04 0 -0.05 0 -0.12 -0.02 0 -0.15 -0.04 -0.02 -0.18 -0.15 -0.2 0 -0.06
"WWP2" 0 0 0 0 0 0 0 0 0 0 0 0 0 0 0 -0.02 0 0 0 0 0
"CDC37" 0 0 0 0 0 0 0 0 0 0 0 0 0 0 0 0 0 0 0 -0.11 -0.01
"GLMN" 0 0 0 0 0 0 0 0 0 -0.08 0 0 0 0 0 0 0 0 0 0 0
"STRAP" 0 0 0 0 0 0 0 0 0 0 0 0 -0.07 0 0 0 0 0 0 0 0
"ADAMTS6" 0 0 0 0 0 0 0 0 0 0 0 0 0 0 0 0.33 0 0 0 0 0.02
"ABCB8" 0 0 0 0 0 0.07 0 0 0 0 0 0 0 0 0 0 0 0 0 0 0
"GPR176" 0 0.01 0 0 0 0 0 0 0 0 0 0 0 0 0 0 0.05 0 0 0 0
"VPS45" 0.2 0 0 0 0 0 0.28 0 0 0 0 0.06 0 0 0 0 0 0 0 0 0.03
"CBX3" 0 0 0 0.03 0 0 0 0 0 0 0 0.13 0 0 0 0 0 0 0.04 0 0.01
"CHSY1" 0 0 0 0.01 0 0 0 0.24 0 0 0.05 0 0 0 0 0 0 0.03 0 0 0.02
"FASTKD2" 0 0 0 0 0 0 0 0 0 0 0 0 0 0 0 -0.11 0 0 0 0 -0.01
"INPP5F" 0 0 0.24 0.63 0 0 0 0 0 0 0.06 0 0.38 0 0 0.58 0 0.02 0.07 0 0.1
"KHDC4" 0 0 0 0 0 -0.02 0 0 0 0 0 0 -0.02 0 0 0 0 -0.2 0 0 -0.01
"ZBTB1" 0.09 0 0.05 0 0 0.17 0 0 0 0 0.42 0 0 0.21 0 0.03 0 0 0 0 0.05
"RAB18" 0 0 0 0.08 0 0.06 0 0 0 0 0 0.27 0 0 0 0 0 0 0.03 0 0.02
"SNW1" 0 0 0 0 0 0 0 0 0 0 0 -0.2 0 0 0 -0.04 0 0 0 0 -0.01
"CCT5" 0 0 0 0 0 0 0 0 0 0 0 0 0 -0.33 0 0 0 0 0 0 -0.02
"IGSF9B" 0 0 0 0 0 0 0 0 0 0 0 0 0 0 0 0 0 0 0 -0.03 0
"GOLGA8A" -0.17 -0.51 -0.78 -0.7 -0.13 -0.61 -0.36 0 -0.71 -0.23 -0.73 -0.84 -0.56 -0.44 0 -0.16 -0.69 -0.43 -0.17 -0.4 -0.43
"SNRNP200" 0 0 -0.07 0 -0.03 -0.06 0 0 0 0 0 -0.29 0 0 -0.08 0 -0.22 -0.18 -0.41 0 -0.07
"TMCC1" 0 0 0 0.49 0 0 0 0 0 0.22 0.12 0 0.12 0.24 0 0.15 0.12 0.29 0.69 0 0.12
"MYO16" 0 0.44 0 0 0 0 0 0 0 0 0 0.02 0 0.26 0 0.1 0 0 0 0 0.04
"WAPL" 0 0 0 0 0 0 0 0.07 0 0 0 0 0 0 0.28 0 0 0 0.13 0.18 0.03
"CAND2" 0 0 0 0 0 -0.1 0 0 0 0 0 0 0 0 0 0 0 -0.21 -0.04 0 -0.02
"PEG10" -0.22 -0.02 -0.49 -0.27 -0.17 -0.69 -0.44 -0.74 -0.49 -0.13 -0.26 -0.61 -1.13 -0.54 -0.21 -0.4 -0.4 -0.19 -0.6 0 -0.4
"ZC3H13" 0 -0.3 0 -0.21 0 -0.15 -0.47 -0.93 0 0 -0.09 0 0 -0.34 -0.13 0 0 0 -0.17 0 -0.14
"KIF1B" -0.03 0 0 0 0 0 0 0 0 0 -1.03 -0.46 0 0 -0.18 0 -0.58 0 0 0 -0.11
"TBC1D2B" 0 0 0 0 0 0 0 0 0 0 -0.19 -0.03 0 -0.41 -0.01 0 0 0 0 0 -0.03
"MRPS27" 0 0 0 0 0 0 0 0 0 0 0 0 -0.2 0 0 0 0 0 0 0 -0.01
"TNRC6B" 0.4 0.88 0 0.31 0 0.26 0 0.94 0 1.02 0 1.47 0.45 0.08 0 0 0.56 0.86 0.22 0.81 0.41
"CLASP2" 0.17 0.24 0 0 0 0 0 0.27 0 0 0 0 0 0.21 0.16 0 0.35 0 0 0 0.07
"POGZ" 0.06 0 1.32 1.06 0 0.84 0.45 0.28 0.78 0.09 0.66 1.66 0.69 0.13 0 0.86 0.18 0.65 0.41 0.55 0.53
"LRCH1" 0 0 0.79 0.27 0.26 0.54 0.02 0.56 0 0.96 0.69 0.44 0 0 0.09 1.14 0.34 0.1 0 0.69 0.34
"NCDN" 0 0 0 0 0 0 0 0 0 0 -0.24 0 0 0 0 0 0 0 0 0 -0.01
"RTF1" 0 -0.16 0 0 0 0 0 0 0 0 0 0 0 -0.08 0 0 0 0 0 0 -0.01
"SLC35D1" 0.17 0.04 0.11 0.06 0 0.03 0.38 0.1 0 0 0 0.28 0.15 0.19 0.54 0.28 0.11 0.38 0 0 0.14
"LPIN1" 0 0 0 0 0 0 0 0 0 0 0 0 0 0 0 0 0 -0.21 0 0 -0.01
"DIP2A" 0 0 0 -0.27 0 0 0 0 0 0 0 0 0 0 0 0 0 0 0 0 -0.01
"ZFR2" -0.39 -0.56 -0.63 -0.26 -0.52 -0.94 -0.09 -0.41 -0.15 -0.67 -0.04 -0.65 -0.03 -0.8 -0.24 -0.5 -0.15 0 -1.02 -0.29 -0.42
"SEL1L3" 0 0 0 0 0 -0.19 0 0 -0.06 -0.06 -0.09 0 -0.05 0 0 0 0 -0.1 0 0 -0.03
"OTUD3" 0 0 0 0 0 0 0 0 0 0 0 0 0 0 0 0 0 0.04 0 0 0
"ANKRD12" 0 0 -0.01 0 0 -0.22 0 0 -0.11 0 0 -0.02 0 -0.07 -0.13 0 0 0 0 0 -0.03
"CAMTA1" 0 0 0 0 0 0 0 0 0.42 0 0 0 0 0 0.49 0 0 0.17 0 0 0.05
"ZC3H7B" 0 0 0 0 0 0 0 0 0 0 0 0 0.12 0 0 0 0 0 0 0 0.01
"MGA" 0.73 0 0.3 0.32 0 0 0.09 0 0.14 0.1 0 0.4 0.81 0 0 0.45 0 0 0.41 0 0.19
"SMG6" 0 0 0 0 0 0 0 0 0 0 0.04 0 0 0 0 0 0 0 0 0 0
"KIF13B" 0 0 0 0 0 0 0 0 0 0 0 0 -0.14 0 0 0 0 0 -0.02 0 -0.01
"CUX2" 0 0 0 0 0 -0.15 0 0 0 0 0 0 0 0 0 0 0 0 0 0 -0.01
"TRIM2" 1.48 0.11 0.57 1.05 0.41 1.48 1.01 1.95 1.19 0.66 0.59 1.44 0.99 0.97 1.28 1.16 0.18 0.48 1.59 1.86 1.02
"WASHC4" 0 0 0 0 0 0 0 0 0 0 0 0 0.24 0 0 0 0 0 0 0 0.01
"JADE2" 0 0 0 0 0 0 0 0 0 0 0 -0.08 0 0 0 0 0 0 0 0 0
"SYNE1" 0 0 0 0 0 0.05 0 0 0 0 0 0 0 0.06 0 0 0 0 0 0 0.01
"SUN1" 0 0 0 0 0 0 0 0 0 0 0.39 0 0 0 0 0 0 0 0 0 0.02
"VPS8" 0 0 -0.31 -0.38 0 -0.26 0 0 -0.72 -0.42 -0.1 -0.66 0 -0.15 -0.21 -0.83 -0.13 -0.25 -0.05 -0.16 -0.23
"USP24" 0 0 0 0 0 0 0 0 0 0 0 0 0 0.3 0 0 0 0 0 0 0.02
"LARS2" 0 0 0 0 0 0 0 0.12 0 0 0 0.05 0 0 0 0 0 0 0 0 0.01
"ITGB3BP" 0 0 -0.34 0 0 -0.12 -0.1 0 0 0 0 -0.21 0 -0.19 -0.08 -0.23 -0.11 -0.04 -0.07 -0.16 -0.08
"GPR161" 0 0 0 0 0 0 0 0 -0.06 0 0 0 0 0 0 0 0 0 0 0 0
"SLC44A1" 0 0 0 0 0 0 0 0 0 0 0 0 -0.09 0 0 0 0 0 0 0 0
"NPTXR" 0 0 0 0 -0.16 0 0 0 0 0 0 0 0 -0.1 0 0 0 0 0 0 -0.01
"BRD4" 0 0 0 0 0 0 0 0 0 0 0 0 -0.34 0 0 0 0 0 0 0 -0.02
"LEPROTL1" 0 0 0 -0.04 0 0 0 0 0 0 0 0 0 0 0 0 0 0 0 0 0
"CBX7" 0 0 0 0 0 0 0 0 0 0 0 0 0.05 0 0 0.01 0 0 0 0 0
"BICRAL" 0 0 0 0.75 0 0.25 0 0 0 0.04 0 0.33 0 0.35 0 0 0 0 0.02 0 0.09
"R3HDM1" 0 0 0 -0.03 0 -0.02 0 -0.54 0 0 0 -0.23 -1.25 -0.51 0 -0.26 0 -0.78 -0.34 0 -0.2
"ACAP2" 0 0 0 0 0.63 0 0 0.04 0 0 0 0 0.41 0.45 0 0 0.13 0 0 0.08 0.09
"PISD" 0 0 -0.06 0 0 0 0 0 0 0 0 0 -0.16 0 0 0 0 0 0 0 -0.01
"BRD1" 0 0 0 0 0 -0.07 0 0 0 0 0 0 -0.36 0 -0.11 0 0 0 0 0 -0.03
"KIAA1549L" 0 0 0 0 0 0 0 0 0 0 0 -0.12 0 0 0 -0.26 0 0 0 0 -0.02
"LETMD1" 0 0 0 0 0 0 0 0 0 0 0 0 0 0 0 0 0 0.15 0 0 0.01
"GEMIN5" 0 0 0 0 0 0 0 0 0 0 0 -0.18 0 0 0 0 0 0 0 0 -0.01
"NSL1" 0 0 0 0.17 0 0.16 0 0 0 0 0 0.1 0.28 0 0 0.06 0 0 0 0.04 0.04
"ZNF385A" 0 0 0 0 0 0.17 0 0 0 0 0 0 0 0 0 0 0 0 0 0 0.01
"SNED1" 0 0 0 0 0 0 0 0 0 0 0 0 0 0 0 -0.29 0 0 0 0 -0.01
"OSBPL3" 0 0 0 0 0 0 0 0 0 0 0 0 -0.24 0 0 0 0 0 0 0 -0.01
"SIPA1L1" 0 0 0 0 0 0 0 0 0 0 0 0.3 0.28 0 0.42 0.18 0 0 0.22 0 0.07
"CHD5" 0 0 0 0 0 0 0 -0.06 0 0 -0.26 -0.05 -0.25 0 0 -0.29 0 0 -0.21 0 -0.06
"DNM3" 0 0 0 -0.16 0 0 0 0 0 0 0 0 0 0 0 0 0 0 0 0 -0.01
"SENP6" 0 0 0 0 0 0 0 0 0 0 0 0 0 0 0 0 0 0 0.12 0 0.01
"ERC2" 0 0 0 0 0 0 0 0 0 0 0 0 0 0 0 -0.16 0 0 0 0 -0.01
"WSB1" 0 0 0 0 0 0 0 0.52 0 0 0.15 0.11 0.2 0.3 0 0 0 0 0 0 0.06
"FAM162A" 0 0 0 0 0 0.08 0 0.08 0 0 0 0 0.2 0 0 0 0 0 0 0 0.02
"RGS17" 0 0 0 0 0 0 0 0 0 0 0 0 0 0 0 -0.05 0 0 0 0 0
"HBP1" 0 0 0 0 0 0 0 0 0 0 0 0.01 0 0 0 0 0 0 0.04 0 0
"SEC22A" 0 0 0 0 0 0 0 0 0 0 0 0 0 0 0 -0.07 0 0 0 0 0
"ATP2C1" 0 0 0 0 0 0 0 0 0 0 0 0 0 0 0 -0.28 0 0 0 0 -0.01
"SND1" 0 0 0 0.2 0 0 0 0 0.04 0 0 0 0 0 0 0 0 0 0 0 0.01
"B3GAT1" 0 0 0 0 0 0 0 0 0 0 0 0 0 0 0 0.38 0 0 0 0 0.02
"DKK2" 0 0 -0.18 0 -0.12 -0.18 0 0 0 0 -0.12 -0.05 0 0 -0.2 0 0 -0.04 -0.09 -0.45 -0.07
"FAM184B" 0 0 0 0 0 0 0 0 0 0 0 -0.22 0 0 0 -0.09 0 0 0 0 -0.02
"TUBG2" 0 0 0 -0.13 0 -0.01 0 0 0 0 0 -0.11 -0.3 0 0 0 0 0 0 0 -0.03
"DISC1" -0.17 -0.09 -0.21 -0.04 0 0 -0.32 -0.52 -0.45 -0.22 -0.44 -0.12 -0.36 -0.26 -0.32 -0.39 -0.36 -0.2 -0.37 -0.21 -0.25
"PCDH17" 0 0 0 0 0 0 0 0 0 0 0 0 0 0 0 0 0 0 -0.1 0 -0.01
"TNRC6A" 1.48 2.56 2.47 2.27 2.02 1.21 1.91 1.73 0.38 2.7 1.51 2.65 2.01 1.68 2.36 0.79 1.02 0.36 1.78 0.81 1.68
"GOLIM4" 0.02 0.04 0.12 0 0 0 0.01 0.13 0.18 0.06 0 0 0.14 0.1 0 0.12 0.09 0 0.36 0 0.07
"SLC27A6" -0.13 -0.34 -0.2 -0.41 -0.41 -0.26 -0.6 -0.64 -0.47 -0.44 -0.53 -0.29 -0.27 -0.33 -0.39 -0.28 -0.22 -0.5 -0.34 -0.47 -0.38
"MED4" 0 0 0 0 0 0 0 0 0 0 0 0 -0.03 0 0 0 0 0 0 0 0
"DROSHA" 0 0 0 0 0 0 0 0.05 0 0 0 0 0 0 0 0 0 0 0 0 0
"SNX8" 0 0 0 0 0 0 0 0 0 0 0 0 0 0.06 0 0 0.1 0 0 0 0.01
"EEF2K" 0 0 0 0 0 0 0 0 0 0 0 0.06 0 0 0 0 0 0 0 0 0
"PNMA3" 0 0 0 0 0 0 0 0 0 0 0 0 0 0 0 0.03 0 0 0 0 0
"NRBP1" 0 0 0 0 0 0 0 0 -0.04 0 0 0 -0.13 0 0 0 0 0 0 0 -0.01
"SH3KBP1" -0.56 -0.75 0 -0.87 -0.84 0 -1.03 -0.62 0 -0.81 -0.92 -0.2 0 0 -0.9 -0.99 0 0 -0.64 -0.35 -0.47
"KCNIP2" 0 0 0 0.06 0 0.48 0 0.22 0 0.01 0 0.1 0.44 0.13 0.25 0 0.18 0.45 0.19 0 0.12
"ITSN2" 0 0 0 0.6 0 0.03 0 0.09 0 0 0 0.7 0 0 0.11 0.34 0 0.13 0.26 0 0.11
"DCAF8" 0 0 0 0 0 0 0 0 0 0 -0.16 0 0 0 0 0 0 0 0 0 -0.01
"MYEF2" 0.04 0 0.34 0.27 0 0.26 0.6 0 0.18 0 0.09 1.11 0.17 0 0.03 0.37 0 0.7 0.23 0 0.22
"GOLT1B" 0 0 0 -0.01 0 -0.05 0 0 0 0 0 0 -0.18 0 0 0 0 0 0 0 -0.01
"APIP" 0 0 -0.03 0 0 0 0 0 0 0 0 0 0 0 0 0 0 0 0 0 0
"SAR1B" 0 0 0 0 0 0 0 0 0 0 0 0 0 0 0 0 0 0 -0.14 0 -0.01
"RSL24D1" 0 0 0 0 0 0 0 0 -0.54 0 0 -0.25 0 0 0 0 0 -0.28 0 0 -0.05
"IPO11" 0 0 -0.14 -0.15 -0.11 -0.76 -0.56 -0.31 -0.39 -0.29 -0.06 -0.41 -0.3 -0.4 0 -0.07 -0.54 0 -0.23 -0.19 -0.25
"NIN" 0 0 0 -0.14 0 0 0 0 0 0 0 0 0 0 0 0 0 0 0 0 -0.01
"CDKL3" -0.29 -0.08 0 0 -0.3 0 0 0 -0.04 -0.22 0 0 0 0 -0.03 0 -0.04 0 0 0 -0.05
"REEP2" -0.1 0 -0.02 0 0 -0.12 0 -0.2 -0.2 -0.12 0 -0.33 -0.14 -0.1 0 -0.17 0 0 -0.08 0 -0.08
"RSRC1" 0 0.4 0 0 0 0 0 0 0 0.5 0 0 0.07 0.1 0.13 0.16 0 0 0 0 0.07
"ARL17A" -0.32 -0.58 -0.67 -0.51 -0.47 -0.7 -0.47 -0.37 -0.4 -0.28 -0.45 -0.46 -0.49 -0.34 -0.53 -0.35 -0.54 -0.54 -0.43 -0.61 -0.48
"CDC40" 0 0 0 0 0 0 0 0 0 0 0 0 0 0 0 -0.13 -0.13 -0.12 0 0 -0.02
"COMMD10" 0 0 0 0.04 0 0 0 0 0 0 0 0 0 0.16 0.05 0 0 0 0 0 0.01
"FAM8A1" 0 0 0 0.06 0 0 0 0 0 0 0 0 0 0 0 0 0 0 0 0 0
"HPCAL4" 0 0 0 0 0 -0.11 0 0 0 0 0 -0.08 0 0 0 0 0 0 0 0 -0.01
"GULP1" 0 0 0 0 0 0 0 0 0 0 0 0 0 0 0 0 0 0 -0.01 0 0
"PCF11" 0 0 0 0 0 0 0 0.28 0 0.1 0 0 0 0.01 0.21 0 0 0 0 0 0.03
"ATP6V1H" 0 0.49 0.46 0.15 0 0.65 0 0 0.58 0 0.26 0.72 1 0.5 1.57 0.85 0.6 0.41 0.48 0.63 0.47
"GPRC5B" 0 0 0 0 0 0 0 0 0 0 0 0 0 0 0 0 0 0 0 0 0
"WWOX" 1.13 0.5 0.1 0.57 0.81 1.24 0.69 0.85 0.85 0 1.18 0.95 0.37 1.43 0.62 0.43 0.21 1.1 0 0.61 0.68
"PCBP3" 0 0 0 0.26 0 0 0 0.21 0 0 0 0.09 0.12 0 0.03 0.11 0 0 0 0.01 0.04
"FBXO42" 0.25 0.4 0 0 0 0.48 0 0.27 0 0.37 0 0 0 0 0.09 0.39 0 0 0 0 0.11
"XRN1" 0.09 0 0 0.21 0 0.12 0 0 0 0 0.16 0 0 0.42 0 0.05 0 0 0 0 0.05
"WDR44" 0 0 0 0.01 0 0 0 0 0.03 0 0.04 0.04 0.39 0.16 0 0.02 0 0 0 0.02 0.04
"USP53" 0 -0.38 -0.14 -0.01 0 -0.12 0 -0.33 -0.4 -0.33 -0.14 -0.18 -0.66 -0.17 0 -0.15 -0.27 -0.17 -0.44 0 -0.19
"SPATA6" 0 0 0.12 0 0 0 0 0 0 0 0 0 0 0.05 0 0 0 0 0 0 0.01
"NDFIP2" 0 0 0 0 0 0 0 0 0 0 0 -0.13 0 0 0 0 0 0 0 0 -0.01
"INO80" 0 0 0 -0.04 0 0 0 0 0 0 0 0 0 0 0 0 0 0 0 0 0
"MINDY2" 0.14 0 0.39 0.27 0 0.33 0.41 0.32 0 0.23 0 0.24 0.2 0.14 0 0.18 0.42 0 0 0.28 0.18
"LRRN3" 0 0 0 0 0 0 0 0 0 0 -0.07 0 0 0 0 0 0 0 0 0 0
"TRIM44" 0 0 0 0 0 0 0 -0.4 0 0 0 0 0 -0.44 0 0 0 0 -0.42 0 -0.06
"MBTD1" 0 0 0 0 0 0 0 0 0 0 0 0 0 0 0 0 0 0 0 -0.03 0
"CNNM2" 0 0 0.11 0 0 0 0 0.08 0 0 0 0 0 0 0 0 0 0 0 0.12 0.02
"AHI1" -1.61 -2.44 -1.88 -2.3 -1.45 -1.97 -2.5 -2.57 -1.05 -1.56 -1.74 -3.35 -2.8 -1.8 -2.12 -2.01 -0.88 -1.62 -2.05 -1.41 -1.96
"ZNF586" 0 0 0 -0.05 0 0 0 0 0 0 0 0 0 0 0 -0.19 0 0 0 0 -0.01
"ZNF280D" 0 0 0 0.2 0 0 0.4 0 0 0 0 0 0 0 0 0 0 0 0 0 0.03
"SWT1" 0 0 0.06 0 0 0 0 0 0 0 0 0 0 0 0 0 0 0 0 0 0
"SYTL2" 0 0 0 0 0 0 0 0 0 0 0 0 0.05 0 0 0 0 0 0 0 0
"FNBP1L" 0 0 0.1 0.38 0 0 0.09 0 0 0 0 0 0.43 0 0.15 0 0.75 0 0 0 0.09
"CNTLN" 0 0 0 0.1 0 0 0 0 0 0 0 0 0 0 0.19 0 0 0 0 0 0.01
"NSUN2" 0 0 0.01 0.16 0 0 0.08 0 0.03 0 0.14 0 0 0 0 0.31 0.01 0.49 0 0 0.06
"INO80D" 0 0 0 0 0 -0.12 0 0 0 0 0 0 0 0 0 0 0 0 0 0 -0.01
"NSD3" 0 0 0.83 0 0 0 0.26 0.37 0 0 0 0.96 0.15 0 0 0 0 0 0.17 0 0.14
"CHCHD3" 0 0 0 0 0 0 0 0 0 0 0 0.09 0.39 0 0 0 0 0 0 0 0.02
"ULK4" 0 0 0 0 0 0 0 0 0 0 0 0 0 0 0 -0.32 0 0 0 0 -0.02
"KIF26B" -0.01 0 0 0 0 0 0 0 0 0 0 0 0 0 0 0 0 0 0 0 0
"BSDC1" 0 0 0 0 0 0 0 0.35 0 0 0 0 0 0 0 0 0 0 0 0 0.02
"SLC6A15" 0 0 0 0 0 0 0 0 0 0 0 0 0.09 0 0 0 0 0 0 0 0
"ARMC1" 0 0 0 0.05 0 0 0 0 0 0 0 0 0 0 0 0 0 0 0 0 0
"VPS13D" 0 0 0 0 0 0 0 0 0 0 0 0 0.29 0 0 0 0 0 0 0 0.01
"ZNF532" 0 0 0 0 0 0 0 0 0 0 0 0.2 0 0 0 0 0 0 0 0 0.01
"ASXL2" 0 0 0 0 0 0 0 0 0 0 0 0 0.2 0 0 0 0 0 0 0 0.01
"WDR41" 0 0 0 -0.23 0 0 0 -0.02 0 0 0 0 -0.17 0 0 0 0 0 -0.14 0 -0.03
"PHF10" 0 0 0 0.31 0 0 0 0 0 0 0 0 0 0.11 0 0 0 0 0 0 0.02
"FGGY" 0 0 0 0 0 0 0 0.06 0 0 0 0 0.01 0 0 0 0 0.09 0.03 0 0.01
"PPP6R3" 0 0 0 0 0.35 0 0 0 0 0 0 0 0 0 0 0.12 0 0 0 0 0.02
"STK32B" -0.09 0 -0.2 -0.14 -0.11 0 -0.12 0 -0.23 0 -0.09 -0.04 0 0 -0.01 0 -0.12 -0.18 -0.41 -0.33 -0.1
"TMEM63B" 0 0 0 0 0 0 0 0 0 0 0 0 0.22 0 0 0 0 0 0 0 0.01
"STRADB" 0 0 -0.21 -0.18 -0.27 -0.38 -0.09 -0.21 0 -0.03 0 -0.07 -0.04 -0.33 -0.23 -0.02 -0.07 0 -0.18 -0.49 -0.14
"NDUFAF7" 0 0 0 0 0 0 0 0 0 0 -0.09 -0.06 0 0 0 0 0 0 0 0 -0.01
"SLC30A10" -0.22 0 -0.16 -0.24 0 -0.09 0 -0.35 -0.01 -0.19 -0.15 -0.42 -0.29 -0.16 -0.05 -0.27 0 -0.22 0 -0.12 -0.15
"KIF27" 0 0 0 0 0 -0.08 -0.03 0 0 0 0 0 0 0 -0.02 0 0 -0.07 0 -0.08 -0.01
"CARMIL1" 0 0 -0.25 0 -0.06 0 -0.26 0 -0.17 0 -0.27 -0.28 -0.06 0 -0.2 0 0 -0.15 0 0 -0.09
"ANKRD10" 0 0 0 0 0 0 0 0 0 0 0 0 0 0 0 0 0 0.02 0 0 0
"AMBRA1" 0 0 0 0 0 0 0 0 0 0 0 0 0 0 0 0 0 0 0.65 0 0.03
"KRBOX4" 0 0 0 0 0 0 0 0 0.07 0 0 0 0 0 0 0 0 0 0 0 0
"SYBU" 0 0 0 0 0 0 0 0 0.04 0 0 0 0 0 0 0 0 0 0 0 0
"TMEM127" 0 0 0 0 0 0 0 0 0 0 0 0 -0.09 0 0 0 0 0 0 0 0
"PRPF40A" 0 0 0 0 0 0 0 0 0 0 0 0 0 0 0 0 0 -0.05 0 0 0
"DENND4C" 0 0 0 0 0 0 0 0 0 0 0 0 0.34 0 0 0 0 0 0 0 0.02
"RUFY2" 0 0 0 0 0 0.02 0 0 0 0 0 0 0 0 0 0 0 0 0 0 0
"IARS2" 0 0 0 0 0 0 0 0 0 0 -0.12 0 0 -0.05 0 -0.14 0 0 0 0 -0.02
"POLR3B" 0 0 0 0 0 0 0 0 0 0 -0.09 0 0 0 0 0 0 0 -0.25 0 -0.02
"BTBD7" 0 0 0 0 0 0 -0.18 -0.2 0 0 -0.27 0 0 -0.02 -0.12 0 0 0 0 0 -0.04
"CCAR1" 0 0 0 0 0 0 0 0 0 0 0 0 0.31 0 0 0 0 0 0 0 0.02
"WDR12" 0 0 -0.07 0 0 0 0 0 0 0 0 0 0 0 0 0 0 -0.06 0 0 -0.01
"IFT122" 0 0 0 0 0 0 0 0 0 0 0 0 0.36 0 0 0 0 0 0 0 0.02
"NGLY1" 0 0 0 0 0 0.06 0.03 0.39 0 0 0.22 0 0.09 0.13 0 0.09 0.19 0.46 0.35 0 0.1
"DCP1A" 0 0 0 -0.57 0 -0.29 0 0 0 0 0 -0.38 0 -0.64 0 -0.11 0 -0.36 0 0 -0.12
"LRP2BP" 0 0 0 0 0 0 0 0 0 0 0 -0.02 0 0 0 0 0 0 0 0 0
"BDP1" 0 -0.15 0 -0.08 0 0 0 0 0 0 0 -0.01 -0.03 0 -0.24 0 0 -0.13 0 -0.52 -0.06
"DOK5" 0 0 0 0 0 0 0 0 0 0 0 0 0.06 0 0 0 0 0 0 0 0
"KDM3A" 0.27 0.25 0.62 0.77 0 0.23 0.19 0.36 0.34 0.37 0.37 0.39 0.55 0.52 0.28 0.41 0.45 0.46 0.3 0.3 0.37
"PAG1" 0 0 0 0 0.04 0.02 0 0 0 0 0 0 0 0 0 0 0 0 0 0 0
"WWC3" 0 0 0 0 0 0.03 0 0 0 0 0 0.13 0 0.13 0 0 0 0 0 0 0.01
"PPP2R2D" 0 0 0 0 0 0 0 0 0 0 0 0 0 0 0 -0.13 0 0 0 0 -0.01
"LANCL2" 0 -0.31 0 -0.01 0 0 0 0 0 -0.02 -0.02 0 -0.15 0 -0.1 0 0 0 -0.21 0 -0.04
"BCAP29" 0.33 0.08 0 0.42 0 0.4 0.39 0 0.22 0.38 0.36 0 0.06 0.29 0 0.12 0 0.34 0 0 0.17
"KLHL7" 0 0 0 0 0 0 0 0 0 0 0 0 0 0 0 0 0.26 0 0 0 0.01
"ANKH" 0 0 0 0 0 0 0 0 0 0 0 0 0 0.13 0 0 0 0 0 0 0.01
"ZNF253" 0 0 0 0 0 0 0 0 0 0 0 0 0 0.05 0 0 0 0 0 0 0
"KCNK12" 0 0 0 0 0 0 0 0 0 0 0 0 -0.29 0 0 0 0 0 0 0 -0.01
"FMN2" 0 0 0 0 0 -0.52 0 0 0 0 0 0 0 0 0 0 0 0 0 0 -0.03
"C1GALT1" 0 0 0 0 0 0 0 0 0 0 0 0 0 0.02 0 0 0 0 0.09 0 0.01
"SMYD2" 0 0 0 0 0 0 0 0 0 0 0 0 0 0 0 0.21 0 0 0 0 0.01
"POGLUT1" 0 0 0 0 0 0 0 0 0 0 0 0 -0.08 0 0 0 0 0 0 0 0
"CDC42SE2" 0 0 0 0 0 0 0 0.13 0 0 0 0 0 0 0 0 0 0 0.03 0 0.01
"CHPT1" 0 0.3 0.06 0.03 0.06 0 0 0 0.03 0.17 0 0.01 0.02 0 0.13 0 0 0.04 0 0 0.04
"RSRP1" 0 0 0.53 0 0 0.52 0 0.18 0 0 0 0.21 0 0.56 0 0 0 0 0 0.04 0.1
"PARP11" 0 0 0 0 0 0 0 -0.01 0 0 0 0 0 0 0 -0.1 0 0 0 -0.01 -0.01
"CAMK1D" 0 0 0 0 0 0 0 0 0 0 0.09 0 0.01 0 0 0 0 0 0 0 0.01
"NUP107" 0 0 0 0 0 0 0 0 0 0 0 0 -0.13 0 0 0 0 0 0 0 -0.01
"PAK5" 0 0 0 -0.04 0 -0.19 0 0 0 0 0 0 0 0 0 0 0 0 0 0 -0.01
"ANKRD50" 0 0 0 0 0 0 0 0 0 0 0 0 0 0 0 0.02 0 0.29 0 0 0.02
"ATP10D" 0 0 0 0 0 0 0.04 0 0 0 0.06 0 0 0 0 0.01 0 0 0 0 0.01
"CEMIP" 0 0 -0.42 0 0 0 -0.05 -0.02 0 0 0 0 -0.03 0 0 -0.11 0 0 -0.16 0 -0.04
"SLC4A10" 0 0 0 0 0 0 0 0 0 0 0 0 -1.05 0 0 0 0 0 0 0 -0.05
"BIRC6" 0 0 0 0 0 0 0 0 0 0 0 0 0 0 0 0 0 0 0 0.34 0.02
"NLN" 0 0 0 0 0 0 0.15 0 0 0 0 0.22 0.2 0.1 0 0 0 0 0 0.38 0.05
"MAVS" 0 0 0 0 0 0 0 0 0 0 0 0 0 0 0 0 0 0 0 0 0
"RPTOR" 0 0 0 0 0 0 0 0 0 0 0 0 0 0 0 0 0.08 0 0 0 0
"KCTD16" 0 0 0 0.19 0 0.54 0 0.38 0.94 0.7 0.42 0.17 0.95 0 0.34 0.58 0.22 0.54 0.93 0.14 0.35
"MIB1" -0.38 -1.33 -1.03 -0.37 -0.03 -1.12 -0.51 -0.48 -0.93 -0.84 -1.15 -0.64 -1.21 -1.23 -0.65 -1.07 -1.25 -0.35 -1.24 -0.38 -0.81
"KIAA1328" 0 0 0 0 0 0.04 0 0 0 0 0 0.17 0.53 0 0 0 0 0 0 0 0.04
"NCEH1" 0 0 0 0 0 -0.23 0 -0.2 -0.08 0 -0.16 0 -0.01 0 0 0 0 0 -0.29 -0.06 -0.05
"CCDC191" 0 0 0 -0.06 0 0 0 0 0 0 0 0 0 0 0 0 0 0 0 0 0
"TMEM181" 0 0 0 0 0 0 0 0 0 -0.02 -0.02 0 -0.18 0 0 0 0 0 0 0 -0.01
"ARHGAP23" 0 0 0 -0.01 0 0 0 0 0 0 0 0 0 -0.12 -0.11 0 -0.29 0 0 0 -0.03
"FBRSL1" 0 0 0 0 0 0 0 0 0 0 0 0 0 0 0 -0.05 0 0 0 0 0
"EPB41L5" 0 0 0 0 0 0 0 0 0 0 0 0 0 0 0 0 0 0 0 0.07 0
"VAT1L" 0 0 0 0 0 0 0 0 0 0 0 0 0.07 0 0 0.12 0 0.1 0 0 0.01
"ZSWIM6" 0 0 0 -0.31 0 -0.11 -0.09 -0.17 0 0 0 -0.48 -0.57 -0.14 0 0 0 -0.49 -0.24 0 -0.13
"ABHD17C" 0 0 0 -0.22 0 -0.38 -0.23 -0.06 -0.3 0 -0.24 -0.05 -0.24 -0.03 -0.22 0 -0.34 0 -0.07 -0.06 -0.12
"ZNF462" 0 0 0 0 0 0 0 0 0 0 0 0 0 0 0 0 0 0 0 0.14 0.01
"ARHGAP22" 0 0 0 -0.55 0 0 0 0 0 0 -0.04 0 -0.08 0 0 0 -0.03 0 0 -0.12 -0.04
"KMT2C" 0 0 0 0 0 0 0 0 0 0 0 0 0 0 0.09 0 0 0 0 0 0
"ZFAND3" 0 0 0 0 0 0 0 -0.11 0 0 0 0 0 0 0 0 0 0 0 0 -0.01
"PIEZO2" 0 0 0 0.01 0 0 0 0 0 0 0 0 0.17 0 0 0 0 0 0 0 0.01
"GOLPH3" 0 0 0 0 0 0 0 0 0 0 0 0 0.13 0 0 0 0 0 0 0 0.01
"CLSTN2" -0.16 -0.26 0 -0.05 0 0 -0.11 -0.02 0 0 -0.33 0 0 0 0 0 -0.23 0 -0.22 -0.16 -0.08
"GREM2" 0 0 0 0.04 0 0 0 0 0 0 0 0 0 0 0 0 0 0.13 0 0 0.01
"GMCL1" 0 0 0 0 0 0 0 0.1 0 0 0 0 0 0 0 0 0 0 0 0 0
"SUSD1" 0 0 0 0 0 0 0 0 0 0 0 0 0 0 0 0 -0.09 0 0 0 0
"SUDS3" 0 0 0 0 0 0.29 0 0 0 0 0 0 0 0 0 0 0 0 0 0 0.01
"ACTR6" 0 0 0 -0.27 0 0 0 0 -0.02 -0.01 -0.14 0 0 0 0 0 0 0 -0.01 0 -0.02
"CCDC136" 0 0 0 0 0 -0.17 0 0 0 0 0 -0.12 0 -0.15 -0.06 0 0 0 0 0 -0.03
"SMYD3" 0.9 1.65 1.86 1.34 1.85 0.79 1.32 0 1.85 0.42 1.14 1.44 0.94 1.68 1.12 1.51 1.29 1.92 0.79 0.91 1.24
"S100PBP" 0 0 0 0 0 0.14 0 0 0 0 0 0 0.01 0 0 0 0 0 0 0 0.01
"NBEAL1" 0 0 0 0 0 0 0 0 0 0 0 0 0 0 0 0 0 0 0.08 0 0
"TRAK2" 0 0 0 0 0 0 0 0 0 0 0 0 0 -0.16 0 0 0 0 0 0 -0.01
"CRELD1" 0 0 0 0.31 0 0 0 0 0 0 0 0 0 0.18 0 0 0 0 0 0 0.02
"MRPL57" 0 0 0 0 0 0 0 0 0 0 -0.04 0 0 0 0 0 0 0 0 0 0
"TMEM38A" 0 0 0 0 0 0 0 -0.11 0 0 0 0 -0.14 0 0 -0.02 0 0 0 0 -0.01
"FTO" 0 0 0 0 0 0.32 0 0 0 0 0 0.45 0.34 0 0 0 0 0.03 0 0 0.06
"MBOAT7" 0 0 0 0 0 0 0 0 0 -0.04 0 0 0 0 0 0 0 0 0 0 0
"ZXDC" 0 0 0 0 0 0 0 0 0 0 0.15 0 0 0.24 0 0 0 0 0 0 0.02
"RIPOR1" 0 0 0 0.11 0 0.05 0.07 0 0 0 0 0 0 0 0 0.59 0 0.08 0.46 0 0.07
"HMBOX1" 0 0 0 0 0 0 0 0 0 0 0 0.2 0 0 0 0 0 0 0 0 0.01
"EFL1" 0 0 0 0 0 0 0 0 0 0 0 0 0 0 0 0 0 0 0 0 0
"ARHGAP10" 0 0 0 0 0 0 0 0 0 0 0 -0.1 0 0 0 0 0 0 0 0 0
"GTDC1" 0 0 0 -0.03 0 0 0 0 0 0 0 0 0 0 0 -0.05 0 0 0 0 0
"CCDC7" 0 0 0 0 0 0 0.22 0 0 0 0 0 0 0 0 0 0 0 0 0 0.01
"ZFAND1" 0 0 0 -0.36 0 0 0 0 -0.01 0 0 0 -0.01 0 0 -0.15 0 0 0 -0.06 -0.03
"TXNDC15" 0 0 0 0 0 0.08 0 0 0 0 0 0 0 0 0 0 0 0 0 0 0
"MYH14" 0 0 0 0 0 0 0 0 0 0 0.1 0 0 0 0 0 0 0 0 0 0
"GSTCD" 0 0 0 0 0 -0.22 0 0 0 0 0 -0.08 0 0 0 0 0 0 0 0 -0.01
"ALG13" 0 0 0 0 0 0 0 -0.05 0 0 0 0 0 0 0 0 0 0 0 0 0
"CPSF7" 0 0 0 0 0 0.01 0 0 0 0 0 0 0 0 0 0 0 0 0 0 0
"RPAP2" 0 0 0 0 0 0 0 0 0 0 0 0 0 0 0 -0.1 0 0 0 0 0
"TCEAL4" 0 0 0 0 0 0 0 0 0 0 0 0 0 0 0 -0.18 0 0 0 0 -0.01
"DNAJB14" 0 0 0 0 0 0.26 0 0 0 0 0 0.44 0 0 0 0 0 0 0 0 0.03
"CSRNP3" 0.83 0 0.8 1.86 0.5 1.51 1.65 1.65 2.24 0.96 2.26 1.27 1.35 1 1.09 1.49 1.66 0.5 1.85 1.43 1.29
"BICC1" 0 0 0 0 0 0.07 0 0 0 0 0 0 0 0 0 0 0 0 0 0 0
"ABHD18" 0 0 0 0 0 0 0 0 0 0 0.47 0 0.22 0 0 0 0 0 0 0.03 0.04
"FBXO11" 0 0 0 0 0 0 0 0 0 0 0 0 0 0 0 0 0 0 -0.26 0 -0.01
"CHD9" 0 0 0 0.12 0 0 0 0 0 0 0 0.11 0.49 0 0.66 0.32 0 0.39 0 0 0.1
"GKAP1" 0 0 0 0.07 0 0 0 0 0 0 0 0 0 0 0 0 0 0 0 0 0
"KHDC1" 0 0 0 0 0 0 0 0 0 0 0 0 -0.03 0 0 0 -0.19 0 0 0 -0.01
"DDHD1" 0 0 0.01 0.48 0.49 0.85 0.48 0.04 0.64 0 0.29 0.28 1.1 0.23 0.09 0.4 0.79 0.5 0.35 0.13 0.36
"ILKAP" 0 0 -0.01 0 0 0 0 0 0 0 -0.08 0 0 0 0 -0.2 0 0 0 0 -0.01
"LBH" 0 0 0 0 0 0.15 0 0.32 0 0 0.23 0.24 0.4 0.3 0.02 0.07 0 0 0 0 0.09
"VMP1" 0 0 0 -0.01 0 0 0 0 0 0 0 0 0 0 0 0 0 0 0 0 0
"NETO2" 0 0 -0.09 0 0 0 0 0 -0.07 0 0 -0.25 0 -0.2 0 0 -0.37 -0.37 0 -0.03 -0.07
"SLC25A28" 0 0 0 0 0 0 0 0.16 0 0 0 0 0 0 0 0 0 0 0 0 0.01
"PITPNM3" -0.03 0 0 0 0 0 0 0 0 0 0 0 0 0 0 0 0 0 0 0 0
"PUS7L" 0.04 0 0.39 0 0.16 0.49 0 0 0 0 0 0.26 0.12 0 0.13 0.28 0 0.09 0.54 0 0.13
"C19orf12" -0.1 0 -0.2 0 0 -0.16 0 0 0 0 -0.31 0 0 -0.22 0 -0.24 0 0 -0.06 -0.08 -0.07
"ATG10" 0 0 0 0 0 0 0 0 0 0 0 0 0 0 0 -0.04 0 0 0 0 0
"SYT16" 0 0 0 0 0 -0.49 0 0 0 0 0 0 0 0 0 0 0 0 0 0 -0.02
"STK40" 0 0 0 0 0 -0.02 0 0 0 0 0 -0.02 0 0 0 0 0 0 -0.11 0 -0.01
"IMMP2L" 0.62 0.39 0.3 0.74 0 0 0.94 0.66 0.87 0.45 0 0.32 0.71 0.03 0.29 0 0.47 1.03 0.67 0.73 0.46
"FAM234A" 0 0 0 0 0 0 0 0 0 0 0 0 0 0 0 0 0 0 -0.01 0 0
"DTNBP1" 0 0 0 0 0 0.26 0 0.05 0 0 0.15 0 0.15 0 0 0 0.18 0 0.07 0 0.04
"QRICH2" 0 0 0 0 0 0.02 0 0 0 0 0.15 0 0.2 0 0 0.04 0.04 0 0.05 0 0.02
"UTP23" 0 0 0 0 0 0 0.12 0 0 0 0.12 0 0 0 0 0 0 0 0 0 0.01
"CHCHD6" 0 0 0 0 0 0 0 -0.07 0 0 0 0 0 0 0 0 0 0 0 0 0
"ARFGAP2" 0 0 0 0 0 0 0 0 -0.1 0 -0.02 0 0 0 0 0 0 -0.29 0 0 -0.02
"ADGRA1" 0 0 0 0.1 0 0 0 0 0 0 0.04 0 0.2 0.15 0 0.07 0 0 0 0 0.03
"DCTN5" 0 0 0 0 0 0 0 0 0 0 0 -0.04 0 0 0 0 0 0 0 0 0
"ZC3H8" 0 0 0 0 0 -0.13 0 -0.05 0 0 0 -0.18 -0.01 0 0 0 0 0 0 0 -0.02
"SRRM4" 0 0 0 0 0 -0.37 0 0 0 0 0 0 0 0 0 0 0 0 0 0 -0.02
"PGBD1" 0 0 0 0 0 0 0 0 0 0 0 0 0 0 0 -0.1 0 0 0 0 0
"SLC9A7" -0.03 0 -0.11 0 0 0 0 0 0 -0.52 0 0 0 -0.02 -0.17 0 -0.41 0 0 0 -0.06
"CAPS2" 0 0 0.07 0 0 0 0.05 0.37 0 0 0.3 0 0 0 0.04 0 0.1 0 0 0 0.05
"LNX1" 0 0 0 0 0 -0.12 0 0 0 0 0 0 0 0 0 0 0 0 0 0 -0.01
"PLPP7" 0 0 0 0 0 0 0 0 0 0 0 0 0 -0.15 0 0 0 0 -0.04 0 -0.01
"WDR73" 0 0 -0.25 0 0 0 -0.1 -0.07 0 0 0 -0.19 0 -0.28 -0.26 -0.02 0 0 -0.03 -0.15 -0.07
"NUDCD1" 0 0 0 0.13 0 0 0 0 0 0 0 0 0 0 0 0 0 0 0 0 0.01
"RERG" 0 0 0 0 0 0 0 0.25 0 0 0 0 0 0 0 0 0 0 0 0 0.01
"USP45" 0 0 0 0 0 0 0 0 0 0 0 0 0 0 0 0 0 0 0.06 0 0
"TANC1" 0 0.01 0 0.1 0 0 0.06 0 0.27 0.14 0 0.19 0.22 0 0.18 0 0 0.24 0 0 0.07
"PNPT1" 0 0 0 0 0 0 -0.09 0 0 0 0 0 0 0 0 0 0 0 0 0 0
"NAV2" 0 0 0 0 0 0 0 0 0 0 0 0 0 0 0 0 0 -0.37 0 0 -0.02
"EFCAB11" 0 0 0 -0.31 0 0 0 0 0 0 0 0 0 -0.03 0 0 0 0 -0.01 0 -0.02
"UNC5A" 0 0 0 0.03 0 0 0 0 0 0 0 0.13 0.01 0 0 0 0 0 0 0 0.01
"FAM110B" 0 0 0 0.04 0 0 0.3 0.01 0 0 0 0 0 0.3 0.26 0 0 0.49 0.45 0.44 0.11
"CERS5" 0 0 0 0 0 0.06 0 0 0 0 0 0 0 0 0 0 0 0 0 0 0
"CCDC149" 0 0 -0.39 -0.5 0 -0.87 0 -0.71 0 -0.59 -0.12 -0.68 -0.77 -0.24 -0.18 -0.32 -0.11 -0.12 -0.32 0 -0.3
"SESTD1" 0.01 0 0 0.09 0.1 0.26 0 0 0 0 0 0 0 0 0 0 0 0.98 0.54 0 0.1
"RNF185" 0 0 0 0.07 0 0 0 0 0 0 0 0.18 0 0 0 0 0 0 0 0 0.01
"MFSD4B" 0 -0.09 0 0 0 0 0 0 0 0 -0.04 0 0 0 0 -0.1 0 0 0 0 -0.01
"NXPE3" 0 0 0 0 0 0 0 0 0 0 0 0 -0.02 0 0 0 0 0 0 0 0
"DSEL" 0 0 0 0 0 0 0.17 0.02 0 0 0 0 0 0 0 0.04 0 0 0 0 0.01
"TMEM132C" 0 0 0 0 0 0 0 0 0 0 0 0 -0.21 0 0 0 0 0 0 0 -0.01
"SPECC1" 0 0.2 0 0 0 0 0.08 0 0.32 0 0 0 0 0 0.17 0 0.24 0 0 0 0.05
"ADAMTSL1" 0 0 0 -0.09 0 -0.07 0 0 0 -0.06 0 0 -0.09 0 0 -0.17 -0.06 -0.03 0 -0.03 -0.03
"OLFM2" 0 0 0 -0.01 0 0 0 0 0 0 -0.23 0 -0.38 0 0 -0.13 0 0 0 -0.1 -0.04
"ZFAND4" 0 0 0 0 0 0 0 0 0 0 0 0 0 0 0 0.06 0 0 0 0 0
"ARHGAP12" 0 0 0 0 0 0 0 0 0 0 0.06 0 0.02 0 0 0 0 0 0 0 0
"BTBD9" 0 0 0 0 0 -0.28 0 0 0 0 0 0 0 0 0 0 0 0 0 0 -0.01
"TMEM132B" 0 0 0 0 0 0 0 -0.04 0 0 0 0 -0.3 0 0 0 0 0 0 0 -0.02
"C1QTNF4" -0.06 0 -0.07 -0.34 0 0 -0.03 0 0 0 -0.29 -0.12 0 -0.12 -0.32 -0.5 0 0 0 -0.15 -0.1
"FBXO32" 0 0 0 0 0 0 0 0 0 0 0 0 0.01 0 0 0 0 0 0 0 0
"SLC25A26" 0 0 0 0 0 -0.04 0 0 0 0 0 0 0 -0.04 -0.09 0 0 -0.06 -0.09 0 -0.02
"PCMTD1" 0 0 0 0 0 0 0 0 0 0 0 0 0 0 0 0 0 -0.49 0 0 -0.02
"UHRF2" 0 0 0 -0.29 0 -0.07 0 -0.03 -0.49 0 0 -0.13 0 -0.47 0 0 0 -0.4 -0.03 -0.01 -0.1
"WDR17" 0 0 0 0 0 0.08 0 0 0 0 0 0 0 0 0 0 0 0 0 0 0
"SSX2IP" 0 0 -0.31 0 0 0 0 0 0 0 0 0 0 0 0 0 0 0 0 0 -0.02
"AGAP4" 0 0 -0.04 -0.35 0 0 -0.01 0 0 0 0 -0.11 0 0 0 0 0 0 0 -0.07 -0.03
"KLHDC1" 0 0 0 0 0 0 0 0 0 0 0 0 0.24 0 0 0 0 0 0 0 0.01
"CYB5D2" 0 0 0 0 0 0 0 0 0 0 0 0 -0.01 0 0 0 0 0 0 0 0
"PPP1R21" 0 0 0 0 0 0 0 0 0 -0.06 0 0 0 0 0 0 0 0 0 0 0
"DIS3L2" 0 0 0 0.26 0 0 0 0 0 0 0 0 0 0 0 0 0 0 0 0 0.01
"MBOAT2" 0 0 0 0 0 0 -0.36 0 0 0 -0.02 -0.51 0 0 0 0 0 -0.37 0 0 -0.06
"CLHC1" 0 0 0 0 0 0 0 0 0 0 0 0 0 0 0 0 0 0 0 0 0
"MTERF4" 0 0 0 0 0 -0.12 0 -0.08 0 0 0 0 0 0 -0.01 0 0 -0.47 0 0 -0.03
"CRYBG3" -0.22 0 0 -0.09 0 -0.17 0 -0.36 -0.27 0 0 -0.23 -0.24 0 0 -0.46 0 -0.04 -0.1 0 -0.11
"LIN54" 0 0 0 -0.01 0 0 0 0 0 0 0 0 0 0 0 0 0 0 0 0 0
"CPEB2" 0 0 0.15 0 0 0 0 0 0.02 0.05 0.14 0 0 0 0 0 0 0 0 0 0.02
"AASDH" 0 0 0 0 0 0 0 0 0 0 0.16 0 0 0 0 0 0 0.08 0 0 0.01
"SRSF12" 0 0 0 0 0 0 0 0 0 0 0 0 0 0 0 -0.04 0 0 0 0 0
"PXDNL" 0 0.02 0 0.28 0 0.55 0.08 0.18 0 0 0 0.32 0.1 0.14 0 0.1 0 0 0.21 0 0.1
"PTPDC1" 0 0 0 0.06 0 0 0 0 0 0 0 0 0.03 0.03 0 0 0 0 0 0 0.01
"ASB8" 0 0 0 0 0 0 0 0 0 0 0 0.16 0.37 0 0 0 0 0 0 0 0.03
"MYO3B" 0 0 0 0 0 0 0 0 0 0 -0.01 0 0 -0.06 0 0 0 0 0 0 0
"SELENOM" 0 0 0 0 0 0 0 0 0 0 0 0 0 0 0 0 0 0 0 0 0
"SLC32A1" 0 0 0 0 -0.11 0 0 0 0 0 -0.12 0 0 0 -0.13 0 0 0 0 0 -0.02
"RIMS4" 0 0 0 0 0 0 0 0 0 0 0 0 0 0 0 0.02 0 0 0 0 0
"HECTD2" 0 0 0 0 0 0 0 0 0 0 -0.16 0 0 0 0 0 0 0 0 0 -0.01
"XRRA1" 0 0 0.11 0.25 0 0 0 0 0 0 0 0 0.04 0 0 0 0.22 0 0 0 0.03
"ARHGAP42" 0 0 0 0 0 0 0 0 0 0 -0.23 0 0 0 0 0 0 0 0 0 -0.01
"CWF19L2" 0 0 -0.03 -0.45 -0.43 -0.16 -0.22 -0.61 0 0 0 -0.52 -0.42 -0.04 -0.24 -0.08 0 -0.63 0 -0.3 -0.21
"LRFN5" 0 0 0 0.02 0 0.12 0 0 0 0 0 0 0 0 0 0 0 0.16 0 0 0.01
"TTBK2" 0 0.16 0 0 0.75 0.39 0.24 0 0.24 0 0 0.1 0.72 0.13 0.75 0.01 0.01 0 0 0 0.18
"ZFP90" 0 0 0 -0.01 0 0 0 0 0 0 0 0 0 0 0 0 0 0 0 0 0
"MGAT5B" 0 0 0 -0.29 0 0 -0.22 0 0 0 0 -0.11 -0.1 0 0 0 0 -0.45 -0.28 -0.04 -0.07
"ANKRD29" 0 0 0 0 0 0.05 0 0.14 0 0 0 0 0 0 0 0 0 0 0 0 0.01
"ZNF420" 0 0 0 0 0 0 0 0 0 0 0 0 0 0 0 0 0 -0.19 0 0 -0.01
"SLC35F3" 0 0 0 0 0 0 0 0 0 0 0 0 -0.43 0 0 -0.55 0 0 0 0 -0.05
"TTL" 0 0 0 0 0 0 0 0 0 0 0 0 -0.19 0 0 0 0 0 0 0 -0.01
"FBXO41" 0 0 0 0 0 -0.07 0 0 0 0 0 0 0 0 0 0 0 0 0 0 0
"RMDN2" 0 0 0 0 0 0 -0.08 0 0 0 0 0 0 0 0 0 0 0 0 0 0
"TTC14" 0 0 0 0 0 0 0.51 0.61 0 0 0.12 0 0.2 0.52 0.17 0 0.02 0 0.03 0 0.11
"NFXL1" 0 0 0 0 0 0 0 0 0 0 0 0 0 0.05 0 0 0 0 0 0 0
"RASGEF1B" 0 0 0 -0.08 0 -0.05 0 0 0 0 0 0 -0.12 0 0 -0.01 0 0 0 0 -0.01
"RNF145" 0 0 0 0 0 0 0 0 0 0 0 0 0.14 0 0 0 0 0 0 0 0.01
"RUNDC3B" 0 0 0 -0.05 0 0 0 0 0 0 0 0 0 0 0 0 0 0 0 0 0
"VKORC1L1" 0 0 -0.19 0 0 0 0 0 -0.01 0 0 0 0 0 0 0 0 0 0 0 -0.01
"ERICH1" 0 0 0 0 0 -0.24 0 -0.02 0 0 0 -0.1 0 0 0 0 0 0 0 0 -0.02
"ZNF721" 0 0 0 0 0 -0.05 0 0 0 0 0 0 0 0 0 0 0 0 0 0 0
"ADAMTS19" 0 -0.14 0 -0.12 -0.12 0 0 0 0 0 0 0 0 0 0 0 0 -0.14 -0.11 0 -0.03
"ASXL1" 0 0 0 0 0 0 0.17 0 0 0.1 0 0 0.47 0 0 0 0 0 0 0 0.04
"METTL15" 0 0 0 0 0 0.16 0 0 0 0 0 0 0 0 0 0 0 0 0 0 0.01
"IMMP1L" 0 0 0 0 0 0 0 0 0 0 0 0.15 0 0 0 0 0 0.44 0 0 0.03
"AMN1" 0 0 0 0 0 0 0 0 0 0 0.1 0 0 0 0 0 0 0 0 0 0
"ARID2" 0 0 0 0 0 0.06 0 0.14 0 0 0 0 0 0 0 0 0 0 0.04 0 0.01
"TET3" -0.23 0 0 0 -0.31 -0.28 0 0 0 -0.38 -0.24 0 0 0 -0.18 -0.14 0 0 0 -0.35 -0.1
"SPRED2" 0 0 0 0.2 0 0.12 0 0 0 0 0 0.18 0 0 0 0.29 0 0.08 0.2 0 0.05
"FAM219A" 0 0 0 0 0 0.43 0 0 0 0 0.03 0 0 0 0 0.33 0.01 0 0 0 0.04
"USP12" 0 0 0 0 0 -0.12 0 0 0 0 0 0 0 0 0 0 0 -0.05 0 0 -0.01
"MTIF3" 0 0 0 0 0 0 0 0 0 0 0 0 0.09 0 0 0.2 0 0 0 0 0.01
"CCNY" 0 0 0 -0.67 0 -0.11 0 -0.17 0 0 0 0 0 0 0 0 0 -0.45 0 0 -0.07
"DOK6" 0 0 0 0 0 -0.67 -0.06 -0.26 0 0 0 -0.1 -0.02 0 0 0 0 0 0 0 -0.06
"BEND6" 0 0.12 0.14 0 0 0.88 0 0.26 0.16 0.21 0 0.04 0 0.18 0.35 0.31 0 0.16 0 0.28 0.16
"KIF6" 0 0 0 0 0 0 0 0 0 0 0 0 0 0 0 0.02 0 0 0 0 0
"JAZF1" 0 0 0.61 0 0 0.51 0.43 1.07 0.29 0.96 0 0.02 0.42 1.14 0 1.67 0 0 0.53 0.1 0.39
"FAM185A" 0 0 0 -0.13 0 0 0 0 0 0 0 0 -0.21 0 0 0 0 0 0 0 -0.02
"SLC29A4" 0 0 0 0 0 0 0 0 0 0 0 0 0 0 0 0 0 0 0 0 0
"AFG1L" 0 0 0 0 0 0 0 0 0 0 0 0.29 0 0 0 0 0 0.05 0.1 0 0.02
"TMEM9" 0 0 0 0 0 -0.19 0 0 0 0 0 0 0 0 0 0 0 0 0 0 -0.01
"EPHX4" 0 0 0 -0.27 0 -0.36 -0.17 -0.13 0 0 -0.04 -0.41 -0.64 -0.2 0 -0.29 0 -0.1 -0.11 0 -0.14
"RICTOR" 0 0 0 0 0 0 0 0.03 0 0 0 0 0 0 0 0 0 0 0 0 0
"LCLAT1" 0 0 0 0 0 0 0 0 0 0 0 0.2 0 0 0 0 0 0 0 0 0.01
"RNF169" 0 0 0 -0.03 0 -0.02 0 0 0 -0.03 0 0 -0.06 0 0 -0.74 0 0 0 0 -0.04
"MFSD8" 0 0 0 0 0 0 0 0 0 0 0 0 0 0 0 0 0 0 0 0 0
"TCERG1L" 0 0 0 0 0 0 0 0 0.06 0 0 0 0.1 0 0 0.22 0 0 0 0 0.02
"SHPRH" 0 0 0.47 0.05 0.54 0.17 0.02 0 0 0 0 0 0 0.49 0 0 0 0 0.47 0.84 0.15
"TAB3" 0 0 0 0 0 0 0.03 0 0 0 0 0 0 0 0 0 0 0 0 0 0
"TIPRL" 0 0 0 -0.19 0 0 0 0 0 0 0 -0.09 -0.09 0 0 0 0 0 0 0 -0.02
"DPY19L2" 0 0 0 0 0 0 0.23 0.08 0.07 0 0 0 0.51 0 0.2 0 0 0 0 0 0.05
"C12orf40" 0 0 0 0 0 0 0 0 0 -0.1 0 0 -0.14 0 -0.08 -0.28 0 -0.33 0 0 -0.05
"TMED8" 0 0 0 0 0 0.17 0 0 0 0 0 0 0 0.24 0 0.09 0 0 0 0 0.02
"KANSL1" 0 0 0 0 0 0.33 0 0 0 0 0 0 0 0 0 0 0 0 0 0 0.02
"SCGB2B2" 0 0 0.17 0 0 0 0 0 0 0 0 0 0 0 0 0 0 0 0 0 0.01
"EPHA10" 0 0 0 0 0 -0.01 0 0 0 0 0 0 0 0 0 0 0 0 0 0 0
"ZNF326" 0 0 0 0 0 -0.1 0 0 0 0 0 0 0 0 0 0 0 0 0 0 0
"STPG2" 0 0 0 0 0 -0.42 -0.14 0 -0.04 0 0 0 -0.12 0 0 0 0 -0.04 -0.12 -0.25 -0.06
"CEP57L1" 0 0 0 0 0 0 0 0 0 0 0 0 0 0 0 0 0 -0.03 0 0 0
"XKR6" 0 0 0 0.04 0 0 0 0.25 0 0 0 0 0 0 0 0 0 0 0.4 0 0.03
"MICU3" 0 0 0 0 0 0 0 0 0 0 0 0 0.21 0 0 0 0 0 0 0 0.01
"SCAI" -0.32 0 0 -0.37 0 -0.26 0 -0.4 -0.37 -0.07 -0.29 -0.09 -1.14 0 0 0 0 -1.29 -0.83 0 -0.27
"RAB37" 0 0 0 0 0 0 0 0 0 0 0 0 0.16 0 0 0 0 0 0 0.08 0.01
"ANKRD13D" 0 0 0 0 0 -0.02 0 -0.12 0 0 0 0 0 0 0 -0.01 0 0 0 0 -0.01
"B4GALNT4" 0 0 0 0 0 0 0 0 0 -0.08 0 0 0 0 0 0 0 0 0 0 0
"ZNF678" 0 0 0 0 0 0 0 0 0 0 0 0 0 0 0 -0.07 0 0 0 0 0
"GPR149" 0 0 0 0 0 0 0 0 0 0 0 0 0 0 0 -0.07 0 0 0 0 0
"HCN1" 0 0 0 0 0 0 0 0 0 0 -0.14 0 0 0 0 0 0 0 0 0 -0.01
"NMNAT3" 0 0 0 0 0 0 0 0 0 0 0 -0.14 -0.1 -0.01 0 0 0 0 -0.11 0 -0.02
"ANKRD30B" 0 0 0.09 0.42 0 0.29 0.14 0 0 0 0 0 0 0 0 0.02 0 0.02 0 0 0.05
"PTAR1" 0 0 0 0.09 0 0 0 0 0 0 0 0 0 0 0 0 0 0 0 0 0
"CA13" 0 0 0 0.03 0 0.19 0.12 0.16 0 0 0 0 0 0.05 0.14 0.02 0 0 0 0.02 0.04
"ILDR2" 0 0 0 0 0 0 0 -0.01 0 0 0 0 0 0 -0.03 0 0 0 0 0 0
"CCDC184" 0 0 0 0 0 0 0 0.12 0 0 0 0 0 0 0 0 0 0 0 0 0.01
"NHLRC3" 0 0 0 0 0 0 -0.34 -0.03 -0.11 0 0 0 -0.13 0 -0.04 0 -0.2 0 0 0 -0.04
"ZNF793" 0 0 0 0 0 0 0 0 0 0 0 0 0 0.03 0 0 0 0 0 0 0
"MYO18A" 0 0 0 0 0 0 0 0 0 0 0 0 0 0 0 0 0 -0.05 0 0 0
"SNX19" 0 0 0 0 0 0 0 0 0 0 0 0 0 0 0 0.02 0 0 0 0 0
"TRIM67" 0 0 0 0 0 0 0 0 0 0 0 0 0 0 0 0 0 -0.11 0 0 -0.01
"OOEP" 0 0 0 0.12 0 0 0 0 0 0 0 0 0 0 0 0 0 0 0 0 0.01
"TYW1B" 0 0 0 0 0 0 0 0 0 0 0 0 0 0 0 0 0 0 -0.35 0 -0.02
"IGIP" 0 0 0 0.05 0 0 0 0 0 0 0 0 0 0 0 0.15 0 0 0 0 0.01
"CISD2" 0 0 -0.04 0 0 0 0 0 0 0 0 -0.04 0 0 0 0 0 0 0 0 0
"ANKRD30BL" 0 0 0 0 0 0 0.2 0.43 0 0 0.04 0.28 0.35 0 0 0 0 0 0 0 0.07
"SPANXA2-OT1" 0 0 0 0 0 0 -0.03 0 0 0 0 0 0 0 -0.04 0 -0.01 0 0 -0.12 -0.01
"SRGAP2B" 0 0 0 0.28 0 0.78 0.26 0.18 0 0 0 0.3 0.25 0 0.38 0.38 0 0.32 0 0 0.16
"ZDHHC11B" 0 0 0 -0.01 0 -0.15 -0.03 -0.12 -0.03 0 0 -0.42 -0.38 -0.13 0 0 -0.04 0 0 -0.03 -0.07
"ZNF814" 0 0 0 0 0 0.09 0 0 0 0 0.14 0 0 0 0 0 0 0 0 0 0.01
"MOSMO" 0 0 0 0 0 0 0 0 0 0 0 0 -0.32 0 0 0 0 0 0 0 -0.02
"TVP23A" 0 -0.48 0 -0.14 0 -0.24 -0.34 -0.39 -0.04 -0.2 -0.45 -0.64 -0.69 -0.16 0 -0.44 0 -0.3 -0.11 0 -0.23
"INSYN2B" 0 0 0 0 0 0 0 0 0 0 0 0 0 0 0 -0.05 0 0 0 0 0
"TMEM178B" 0 0 0 0 0 -0.19 0 0 0 0 0 0 0 0 0 0 0 0 0 0 -0.01
"TIMM23B" -0.22 -1.16 -0.3 -0.06 -1.05 -0.01 -0.45 -0.23 -0.6 -0.62 -0.26 -0.02 0 -0.22 -0.9 -0.26 -0.46 -0.11 -0.39 -0.37 -0.38
