"seed_1" "seed_2" "seed_3" "seed_4" "seed_5" "seed_6" "seed_7" "seed_8" "seed_9" "seed_10" "seed_11" "seed_12" "seed_13" "seed_14" "seed_15" "seed_16" "seed_17" "seed_18" "seed_19" "seed_20" "mean"
"ACOX1" -0.02 -0.22 0 -0.16 -0.1 0 -0.02 -0.01 -0.16 -0.08 -0.11 -0.02 -0.21 -0.08 0 -0.16 -0.05 -0.05 -0.11 0 -0.08
"AP2A2" -0.19 0 -0.05 -0.25 -0.03 -0.33 -0.08 -0.05 0 -0.55 -0.42 -0.05 -0.08 -0.06 0 -0.05 0 0 0 0 -0.11
"AP1G1" 0 0 0 0 0 0 0 0 0 0 0.01 0 0 0.06 0 0.12 0 0 0 0.01 0.01
"AMPH" 0 0 0 0 0 0 0 0 0.22 0 0 0 0.2 0 0 0 0 0.02 0 0.08 0.03
"APAF1" 0 0 0 0 0 0 0 0 0 0 0 0 0 0 0 -0.05 -0.04 0 -0.01 0 0
"ATP5ME" 0 0 0 0 0 0 0 0 0 0 0 0 0 0 -0.08 0 0 0 0 0 0
"BCL9" 0 0.09 0 0 0 0 0 0 0 0 0 0 0 0 0 0.01 0 0 0 0 0
"BNIP3L" 0 0 0 0 0 0 0 0 0 0.03 0 0 0 0 0 0 0 0 0 0 0
"MPPED2" 0 0 0 0 0 0 0 0 0 0 0.06 0 0 0 0 0 0 0 0 0 0
"CAMK4" 0 0 -0.36 0 0 -0.2 0 0 0 0 -0.14 0 0 0 0 -0.25 0 -0.06 0 0 -0.05
"CBFB" 0.08 0.11 0.22 0 0.06 0.02 0 0.06 0 0.18 0.2 0.04 0.01 0 0.17 0.04 0.09 0.08 0.12 0 0.07
"CCND3" 0.34 0.27 0.3 0.42 0.49 0.33 0.44 0.35 0.32 0.63 0.2 0.29 0.37 0.35 0.54 0.29 0.5 0.47 0.39 0.56 0.39
"CCNG2" 0 0 0 -0.02 0 0 0 0 0 0 0 0 -0.07 0 0 0 0 0 0 0 0
"SCARB2" 0 0.26 0 0.04 0.02 0.06 0 0 0.02 0.01 0 0 0.14 0 0.06 0 0.1 0.02 0.06 0.03 0.04
"CHRNA7" 0 -0.13 0 -0.12 -0.03 0 -0.03 0 -0.14 -0.01 -0.1 0 -0.12 0 -0.09 -0.14 -0.03 0 -0.1 -0.01 -0.05
"ERCC8" 0 0 0 0 0 0 0 0 0 0 0 0 0 0 0 0 0 0 0 0 0
"COL6A1" 0 0 0 0 0 0 0 0 0 0 -0.04 0 0 0 0 0 0 0 0 0 0
"COL12A1" 0.1 0.2 0.12 0.06 0.12 0.09 0.13 0.09 0.13 0.1 0.09 0.03 0.05 0.16 0.08 0.16 0.11 0.09 0.11 0.06 0.1
"KLF6" 0 0 0 -0.02 0 0 0 0 0 0 0 0 0 0 0 0 0 0 0 0 0
"CRHR1" -0.19 -0.19 -0.05 -0.05 -0.08 -0.24 -0.14 -0.12 -0.03 -0.01 -0.26 -0.26 0 -0.19 -0.05 -0.15 -0.11 -0.21 -0.14 -0.3 -0.14
"CRIP2" -0.28 -0.31 -0.42 -0.17 -0.3 -0.11 -0.25 -0.19 -0.23 -0.41 -0.13 -0.24 -0.19 -0.23 -0.28 -0.31 -0.3 -0.26 -0.31 -0.31 -0.26
"CSNK1A1" 0 0 0 0 0 0 0 0 0 -0.09 -0.05 0 0 0 0 0 0 0 0 0 -0.01
"DACH1" 0 -0.12 0 0 0 0 0 0 0 0 0 0 0 0 0 0 0 0 0 0 -0.01
"DAPK1" 0 0 0.2 0.01 0 0 0 0 0 0 0.02 0 0 0 0 0.36 0 0 0 0 0.03
"DHFR" 0 0 0 0 0 0 0 0 0 0 0 0 0 0 0 0 0 0 0 0 0
"DNAH6" -0.2 0 0 -0.01 -0.17 -0.04 -0.11 -0.03 0 -0.08 -0.11 -0.1 0 -0.06 -0.09 0 0 -0.06 0 -0.12 -0.06
"DR1" -0.03 -0.06 -0.2 -0.07 -0.24 -0.01 -0.13 -0.12 -0.09 -0.14 -0.14 -0.21 -0.13 -0.12 -0.17 -0.12 -0.11 0 -0.19 -0.13 -0.12
"DYRK1A" 0.19 0.04 0.02 0.44 0.23 0.23 0.16 0.11 0.22 0 0 0.23 0.09 0.1 0 0.29 0.43 0 0.21 0.02 0.15
"ELAVL2" 0 0 0 0 0.06 0 0.05 0 0 0.23 0.01 0.11 0 0.03 0 0.09 0.01 0.19 0.06 0.19 0.05
"EML1" 0 0 0 0 0 0 0 0 0 0 -0.02 0 -0.07 0 0 0 0 0 0 0 0
"EPB41L2" 0 -0.12 0 0 0 0 0 0 -0.08 0 0 0 0 0 0 0 -0.02 0 -0.23 0 -0.02
"EPHA3" 0 -0.16 -0.08 -0.06 -0.02 0 0 0 -0.08 -0.21 -0.19 0 -0.02 0 -0.28 -0.07 -0.1 0 -0.01 -0.02 -0.06
"EPHA5" 0 0 -0.08 0 0 0 0 0 0 0 0 -0.01 0 0 0 0 -0.03 0 0 0 -0.01
"EPHA7" 0.09 0 0 0.04 0.05 0 0.04 0.11 0 0.03 0.12 0.06 0.11 0 0 0 0 0 0 0.05 0.04
"ERG" 0.01 0.09 0 0.01 0.06 0.02 0.07 0 0.04 0 0.1 0 0.02 0.06 0.08 0.13 0.11 0.05 0.14 0.02 0.05
"EXT1" -1.03 -1.01 -0.94 -1.1 -1.04 -0.96 -1.11 -0.99 -1.35 -0.81 -1.22 -0.85 -1.04 -1.23 -1.04 -1.24 -1.29 -0.77 -0.91 -1.04 -1.05
"PTK2B" 0 0 0 0.04 0 0.01 0 0 0.11 0 0 0 0.18 0 0 0 0 0 0 0 0.02
"FKTN" 0 -0.1 0 0 -0.1 -0.02 0 0 0 0 -0.01 0 -0.09 0 -0.09 -0.06 0 0 -0.04 -0.07 -0.03
"GPC5" 0.04 0.27 0.09 0.04 0.03 0.11 0.07 0.1 0.04 0 0.03 0 0 0.06 0.22 0 0.09 0 0.08 0.19 0.07
"FKBP5" 0.7 0.54 0.31 0.77 0.62 0.53 0.56 0.52 0.63 0.53 0.55 0.62 0.58 0.58 0.47 0.27 0.51 0.58 0.55 0.64 0.55
"GABRA4" 0 0 0 0 0 0 0 0 0 0 0 0 0.01 0 0 0 0 0 0 0 0
"GABRA5" -0.05 0 -0.17 0 -0.08 -0.16 -0.02 -0.05 0 0 -0.14 0 0 0 -0.02 -0.2 -0.04 0 0 0 -0.05
"GABRB3" 0 -0.04 0 0 0 0 0 0 0 0 0 0 0 0 0 0 0 0 0 0 0
"GAS8" 0 0 0 0 0 0 0 0 0 0 0 0 0 0 0 0 0 -0.06 0 0 0
"GLS" 0.25 0.35 0 0.24 0.12 0.72 0 0.47 0 0 0.39 0 0 0 0.2 0.59 0 0 0.16 0.01 0.18
"GLRX" 0 0 0 0 0 0 0 0 0 0 0.02 0 0 0 0 0 0 0 0 0 0
"GOLGA1" 0 0 0 -0.03 0 0 0 0 -0.09 0 0 0 -0.1 0 0 0 0 0 0 0 -0.01
"GOLGA2" 0 0 0 0 0 -0.02 0 0 0 0 -0.13 0 0 0 -0.17 0 0 0 0 0 -0.02
"GRID2" 0 0 0 0 0 0 0 0 0 0 0.14 0 0 0 0.08 0 0 0 0 0 0.01
"GTF2H2" 0 0 0 0 0 0 0 0 0 0 0 0 0 0 0 0 0 0 0 0 0
"GTF3C2" 0 -0.02 0 0 0 0 0 0 0 0 0 0 -0.05 0 0 0 -0.02 0 -0.04 0 -0.01
"HCRTR2" 0 0.02 0 0 0 0 0 0 0 0 0 0 0.03 0 0 0.02 0 0.03 0 0 0
"HNRNPA2B1" 0 0 0 0 0 0 0 0 0 0 0 0 0.05 0 0 0 0 0 0 0 0
"AGFG1" 0 0 0 0 0 0 0 0.07 0 0 0 0 0 0 0 0 0 0 0 0 0
"HRH2" 0 0 -0.06 0 0 0 0 0 0 0 0 0 0 0 -0.08 0 0 0 0 0 -0.01
"IL7" 0 0 -0.07 0 0 0 0 0 0 0 0 0 0 0 0 -0.09 0 0 0 0 -0.01
"INSR" 0 0 0.1 0 0 0 0 0 0 0 0 0 0 0.07 0.24 0 0 0.01 0 0 0.02
"IRS1" 0.22 0.14 0.13 0.21 0.15 0.22 0.21 0.11 0.22 0.03 0.17 0.13 0.08 0.14 0.21 0.09 0.32 0.13 0.22 0.23 0.17
"JAK2" 0.36 0.35 0.56 0.57 0.33 0.11 0.36 0.21 0.09 0.41 0.05 0.36 0.35 0.26 0.18 0.29 0.21 0.47 0.39 0.22 0.31
"KCNF1" -0.06 -0.04 -0.18 -0.08 -0.03 0 -0.07 -0.09 -0.09 -0.02 -0.03 0 -0.07 -0.01 -0.12 -0.12 -0.03 0 -0.14 0 -0.06
"KCNN1" 0 0 0 0 -0.07 0 -0.01 -0.03 -0.03 0 -0.06 0 -0.09 -0.02 -0.06 -0.03 -0.05 -0.02 -0.14 0 -0.03
"KIF5B" 0 0 0 -0.06 0 0 0 0 -0.02 0 0 0 0 -0.08 0 -0.1 0 0 -0.01 0 -0.01
"AFF3" 0 0.24 0 0.19 0 0 0 0 0.41 0 0.1 0 0.24 0.07 0.02 0.36 0 0 0.03 0 0.08
"LEPR" 0.24 0.13 0.04 0.2 0.2 0.35 0.3 0.29 0.26 0.34 0.44 0.3 0.23 0.32 0.3 0.23 0.17 0.35 0.24 0.27 0.26
"LIFR" 0.05 0.12 0.07 0.01 0.07 0 0.07 0 0.03 0 0 0 0.01 0.02 0 0.01 0 0 0.02 0 0.02
"LMNB1" 0 0.08 0.07 0 0 0.02 0 0.06 0 0 0.02 0 0 0 0.18 0.04 0 0 0 0 0.02
"LMO7" 0 0 0 0 0 0 -0.01 0 0 0 -0.12 0 0 0 0 -0.09 0 0 0 0 -0.01
"LRP6" 0 0 -0.09 0 0 0 0 0 0 0 0 0 0 0 0 0 0 0 0 0 0
"LSS" 0 0 0 0 0 0 0 0 0 0 0 0 0.01 0 0 0 0.06 0 0 0 0
"LY6H" 0 0 0 0 0 0 0 0 0 0 0 -0.11 0 0 0 0 0 0 0 0 -0.01
"CAPRIN1" 0 0 0 0.04 0 0 0.08 0 0.04 0.04 0 0 0 0 0 0.23 0 0 0.06 0.04 0.03
"MXD1" 0 0 0 0 0 0 0 0 0 0 0 0 0 0 0 0 0 0 -0.08 0 0
"MAN2A2" 0 0.04 0 0.05 0 0 0 0 0.07 0 0 0.02 0.12 0 0 0.08 0 0 0 0 0.02
"MAP4" 0.2 0.29 0.47 0.33 0.3 0.38 0.36 0.23 0.26 0.4 0.53 0.25 0.54 0.29 0.36 0.45 0.36 0.48 0.32 0.34 0.36
"MAPT" 0 0 0 0 0 0 0 0 0 0 0 0 0 0 -0.03 0 0 0 0 0 0
"MBNL1" 0 0.11 0 0 0 0 0 0 0 0 0 0 0.03 0 0 0 0.3 0 0 0.03 0.02
"MCC" -0.05 -0.21 -0.17 0 -0.07 -0.11 -0.12 -0.04 -0.07 -0.05 -0.18 -0.08 -0.11 -0.1 -0.21 -0.21 -0.12 -0.04 -0.12 -0.03 -0.1
"MET" -0.14 -0.01 -0.11 -0.12 -0.2 -0.14 -0.14 -0.16 -0.04 -0.11 -0.1 -0.18 0 -0.22 -0.17 0 -0.07 -0.11 -0.09 -0.23 -0.12
"MGAT5" 0.79 0.76 0.72 0.95 0.85 0.62 0.84 0.62 0.69 0.6 0.57 0.65 0.94 0.87 0.75 0.8 0.85 0.87 0.89 0.73 0.77
"MGST2" 0.04 0.03 0.01 0.03 0.03 0.03 0.06 0.14 0.02 0.01 0 0.04 0 0.03 0.05 0 0 0 0 0.05 0.03
"MNAT1" -0.45 -0.23 -0.32 -0.22 -0.36 0 -0.37 -0.33 -0.06 -0.53 -0.7 -0.27 -0.28 -0.32 -0.88 0 -0.23 -0.44 -0.42 -0.26 -0.33
"MYO1B" -0.31 -0.31 -0.32 -0.33 -0.3 -0.25 -0.34 -0.33 -0.44 -0.22 -0.21 -0.39 -0.4 -0.34 -0.31 -0.32 -0.33 -0.22 -0.34 -0.47 -0.32
"MTF1" -0.16 -0.22 -0.11 -0.14 -0.25 -0.23 -0.2 -0.26 -0.09 -0.04 -0.27 -0.08 0 -0.23 -0.28 -0.1 -0.16 -0.22 -0.26 -0.19 -0.17
"MYBPC1" 0 0 -0.01 0 0 -0.06 0 0 0 0 -0.06 -0.03 -0.02 -0.01 -0.02 0 -0.02 0 -0.02 -0.01 -0.01
"NAP1L3" 0 0 0 0 0 0 0 0 0 0 0.19 0 0 0 0 0 0 0 0 0 0.01
"NCAM2" 0 0 0 -0.17 0 0 0 0 0 0 0 0 0 0 0 0 0 0 0 0 -0.01
"NEB" -0.11 -0.23 -0.15 -0.24 -0.12 -0.14 -0.14 -0.09 -0.21 -0.18 -0.24 -0.15 -0.28 -0.13 -0.21 -0.08 -0.19 -0.21 -0.21 0 -0.17
"NDUFA10" 0.35 0.35 0.27 0.02 0.34 0 0.31 0.26 0 0.44 0 0.36 0 0.14 0.21 0.32 0.3 0.23 0.45 0.24 0.23
"NELL1" -0.28 -0.31 -0.7 -0.09 -0.16 -0.18 -0.28 -0.26 -0.12 -0.08 0 -0.15 -0.09 -0.06 -0.26 -0.18 -0.56 -0.18 -0.48 0 -0.22
"NFRKB" 0 -0.01 0 0 0 0 0 0 0 0 0 0 0 0 0 0 0 0 0 0 0
"NNAT" -0.11 -0.12 -0.16 0 -0.09 0 -0.14 -0.07 -0.07 -0.01 0 0 0 -0.07 -0.1 -0.16 -0.14 -0.14 -0.13 -0.14 -0.08
"NNMT" 0 0 0 0.03 0 0 0 0 0.01 0 0.05 0 0.04 0 0 0.05 0 0 0 0 0.01
"NRGN" -1.03 -0.77 -0.63 -0.91 -1.01 -0.58 -0.9 -1.1 -0.76 -0.81 -0.75 -0.98 -0.79 -0.72 -0.8 -0.73 -0.99 -0.99 -0.86 -0.98 -0.85
"NTRK3" 0 -0.02 0 0 0 0 0 0 0 0 0 0 0 0 0 -0.12 0 0 -0.01 0 -0.01
"OCA2" 0 0 0 0.01 0 0 0 0 0.04 0 0 0 0 0 0 0.01 0 0 0 0 0
"ODF2" 0 0 0 0 0 0 0 0 0 0 0 0 0 0 0 0.02 0 0 0 0 0
"OGG1" -0.06 0 -0.22 -0.1 -0.04 -0.06 -0.03 -0.16 -0.08 -0.01 -0.01 -0.07 -0.09 0 -0.07 -0.13 -0.07 -0.08 -0.07 -0.09 -0.07
"OPA1" 0 0.4 0 0 0 0 0 0 0 0 0 0 0 0 0 0 0 0 0 0 0.02
"OPRM1" 0 0 0 0.03 0.08 0.15 0.04 0.01 0.01 0 0.08 0 0 0 0 0 0.01 0.19 0.15 0 0.04
"PDE1C" 0 -0.01 0 -0.04 0 0 0 0 0 0 0 0 0 0 0 -0.1 0 0 0 0 -0.01
"PEX13" 0 0 0 -0.03 0 0 0 0 0 0 0 0 -0.01 0 0 0 0 0 0 0 0
"ATP8B1" 0 -0.05 0 0 0 0 0 0 0 -0.08 0 0 -0.09 0 0 0 0 0 0 0 -0.01
"SERPINE2" 0 -0.16 0 -0.1 -0.08 0 -0.06 -0.09 -0.06 -0.12 -0.01 -0.1 -0.07 -0.12 -0.14 -0.04 -0.17 0 -0.07 -0.12 -0.07
"PIP4K2A" -0.26 0 0 -0.27 -0.28 -0.31 -0.16 -0.42 -0.19 -0.34 -0.54 -0.29 -0.09 -0.36 -0.12 -0.42 -0.01 -0.26 -0.11 -0.38 -0.24
"UBL3" 0.03 0 0.09 0.2 0 0 0 0 0.39 0.07 0 0 0.19 0 0 0.02 0 0 0 0 0.05
"POR" -0.14 -0.2 -0.16 -0.3 -0.14 -0.12 -0.15 -0.14 -0.32 -0.05 -0.12 -0.01 -0.34 -0.22 -0.21 -0.16 -0.03 -0.07 -0.08 0 -0.15
"PPP2R2C" 0 0 0 0 0 0 0 0 0 0 0 0 0 0 -0.36 0 0 0 0 0 -0.02
"PRKACB" 0.76 0 0 0.24 0.82 0.22 0.7 0.5 0.08 0.73 0 0.81 0 0.12 0 0.58 0.46 0.66 0.87 1.1 0.43
"PRKCB" -0.3 -0.78 -0.72 0 -0.15 -0.61 -0.41 -0.38 -0.06 -1.01 -0.68 0 -0.13 -0.43 -0.05 -0.68 -0.38 -0.42 -0.43 -0.18 -0.39
"PKN2" -0.02 -0.16 -0.26 0 -0.03 0 0 -0.03 -0.16 -0.01 0 0 -0.22 -0.32 0 -0.48 -0.27 0 -0.02 -0.14 -0.11
"PRKG2" -0.21 -0.36 -0.2 -0.19 -0.26 -0.2 -0.25 -0.21 -0.22 -0.04 -0.11 -0.14 -0.3 -0.18 -0.21 -0.2 -0.3 -0.13 -0.3 -0.19 -0.21
"MAPK8" 0 0 -0.11 0 0 0 0 0 0 -0.05 0 0 0 0 -0.02 0 0 0 0 0 -0.01
"PSEN1" -0.09 -0.2 0 0 -0.08 -0.09 -0.08 -0.02 -0.13 0 -0.11 -0.08 -0.02 -0.06 -0.12 0 -0.18 0 -0.12 -0.11 -0.07
"PSMD4" 0 0.1 0.05 0 0 0 0.04 0 0.04 0 0 0 0.08 0.08 0.05 0 0.18 0.05 0.06 0 0.04
"PTPN14" 0 0 0 0 0 0 0 0 0 0.04 0 0 0 0 0 0 0 0 0 0 0
"PTPRA" 0 0 -0.03 0 0 0 0 0 0 0 0 0 0 0 0 0 0 0 0 0 0
"PTPRD" 0 0 0 0 0 0 0 0 -0.01 0 0 0 -0.02 0 0 0 0 0 0 0 0
"NECTIN1" 0 0 0 0 0 -0.04 -0.05 -0.01 0 0 0 0 0 0 0 0 0 -0.05 0 0 -0.01
"ABCD3" 0 0 0 0 0 -0.01 0 0 0 0 0 0 0 0 0 0 0 0 0 0 0
"RAP1GDS1" -0.03 -0.17 0 -0.2 0 -0.14 -0.18 0 -0.19 0 -0.25 0 -0.13 0 0 -0.22 -0.22 -0.09 -0.11 0 -0.1
"RASA2" 0 0.33 0.01 0.05 0.05 0.44 0.07 0.27 0.23 0.06 0.51 0.1 0.39 0 0.24 0.16 0.52 0 0.03 0.31 0.19
"RFX2" 0 0 0 0 0 0 0 0 0 0 0 0 0 0 0 0.01 0 0 0 0 0
"RGS7" 0 0 -0.07 -0.3 0 0 0 -0.37 -0.58 -0.36 0 -0.21 -0.83 -0.1 0 0 0 -0.1 -0.26 0 -0.16
"ROBO1" 0.08 0.32 0 0.11 0.09 0.1 0.11 0 0.14 0.08 0 0.06 0.3 0.17 0 0.27 0.26 0.01 0.2 0.23 0.13
"ROS1" 0.04 0 0.01 0 0 0.04 0 0 0 0.03 0.02 0 0 0 0.04 0.06 0 0.04 0 0 0.01
"RPL7" 0 0 0 0 0 0 0 0 0 0 0 0 0 0 0 0 0 0 0 0 0
"RPL28" 0 0 0 0 0 0 0 0 0 0 0 0 0 0 0 0 0 0 0 0 0
"RPN1" 0.29 0.29 0.4 0.44 0.33 0.39 0.46 0.28 0.34 0.36 0.52 0.32 0.54 0.28 0.45 0.26 0.35 0.31 0.34 0.29 0.36
"RPS6KA2" 0 0 0.43 0 0 0 0 0 0 0 0 0 0 0 0 0 0 0 0 0 0.02
"RPS12" -0.32 -0.4 -0.38 -0.33 -0.33 -0.51 -0.35 -0.3 -0.41 -0.46 -0.24 -0.23 -0.38 -0.38 -0.14 -0.32 -0.29 -0.47 -0.36 -0.24 -0.34
"RPS25" 0 0 0 0 0 0 0 0 0 -0.07 0 0 0 0 0 0 0 0 0 0 0
"SORT1" 0.49 0.46 0.48 0.66 0.48 0.28 0.7 0.83 0.7 0.62 0.48 0.42 0.79 0.5 0.71 0.66 0.47 0.43 0.9 0.56 0.58
"ATXN2" 0 0 0 0 0 0 0 0 0 0 0 0 0 0 0 -0.05 0 0 0 0 0
"CX3CL1" 0 0 0 0 0 0 0 0 0 0 0 0 0 0 0 0 0 -0.07 0 0 0
"SH3BGRL" 0.02 0 0 0.2 0.04 0 0 0 0.01 0 0 0 0 0 0 0 0 0 0.14 0 0.02
"SH3GL2" 0 0.34 0.43 0.37 0.06 0 0.12 0.34 0.7 0 0.13 0 0.59 0.29 0.8 0 0.46 0.12 0.34 0 0.26
"SH3GL3" -0.41 -0.51 -0.29 0 -0.18 -0.08 -0.28 -0.26 -0.24 -0.12 -0.47 0 -0.03 -0.12 -0.4 -0.31 -0.28 -0.29 -0.08 -0.05 -0.22
"SLC1A2" -0.16 -0.32 -0.26 0 -0.23 -0.39 -0.23 -0.13 -0.05 -0.01 -0.43 -0.26 0 -0.18 -0.36 -0.06 -0.16 -0.06 -0.32 -0.17 -0.19
"SLC9A5" 0 -0.08 0 0 0 0 0 0 0 0 0 0 0 0 -0.01 0 0 0 0 0 0
"SNCB" 0 0 0 -0.01 0 0 0 0 -0.02 0 0 -0.06 0 0 0 0 0 0 0 0 0
"SNRPF" 0 0.1 0 0 0 0 0 0 0 0 0 0 0 0 0 0 0 0 0 0 0
"SPAG1" 0 0 -0.04 0 0 0 0 0 0 0 0 0 0 0 0 0 0 0 0 0 0
"SQLE" -0.18 -0.2 -0.16 -0.21 -0.18 -0.07 -0.22 -0.19 -0.32 -0.2 0 -0.14 -0.21 -0.25 -0.13 -0.17 -0.07 -0.23 -0.22 -0.2 -0.18
"SREBF2" 0 0 0 0 0 0 0 0 0 0 0 0 0 0 -0.07 0 0 0 0 0 0
"RO60" 0 0 0 0 0 0 0 0 0 0 0 0 0 0 0 0.03 0 0 0 0 0
"ST13" 0 0.17 0 0 0 0 0 0 0 0 0 0 0.16 0 0 0 0.06 0 0 0 0.02
"STAT4" 0.43 0.47 0.6 0.43 0.49 0.5 0.51 0.5 0.64 0.58 0.42 0.59 0.44 0.39 0.48 0.43 0.65 0.38 0.44 0.34 0.49
"STK4" 0.17 0.21 0.03 0.2 0.16 0.03 0.17 0.16 0.26 0.2 0.08 0.14 0.2 0.19 0.24 0.07 0.19 0.17 0.12 0.14 0.16
"VAMP1" 0.05 0.03 0 0.11 0.06 0.12 0.02 0.06 0.07 0.03 0.13 0.15 0.09 0.07 0 0.02 0 0 0.09 0.04 0.06
"TAF2" -0.36 -0.32 -0.16 -0.28 -0.41 -0.38 -0.46 -0.38 -0.22 -0.24 -0.28 -0.38 -0.15 -0.51 -0.15 -0.43 -0.38 -0.39 -0.52 -0.28 -0.33
"TGFBR1" 0 0 -0.01 0 0 0 0 0 0 0 0 0 0 0 0 0 0 0 0 0 0
"GPR137B" 0 0 0.02 0 0 0 0 0 0 0 0 0 0 0 0 0.11 0 0 0.02 0 0.01
"TMF1" 0.25 0.12 0.1 0.3 0.35 0.14 0.25 0.15 0.29 0.41 0.08 0.17 0.27 0.08 0 0.08 0.25 0.22 0.21 0.26 0.2
"TPD52L1" 0 0 0.01 0 0 0 0.01 0 0 0.09 0.1 0 0 0 0 0 0 0 0 0 0.01
"TRPC4" -0.01 0 0 -0.11 -0.12 -0.16 -0.1 -0.03 -0.05 0 -0.21 0 -0.04 0 -0.17 -0.05 0 -0.1 -0.11 -0.1 -0.07
"TTC3" 0 1.07 0.1 0.69 0.69 0.26 0.37 0.24 0.94 0 0.75 0 0.74 0.38 0.62 0 0.77 0.08 0.52 0.06 0.41
"TUB" 0 0.14 0 0 0 0 0 0 0 0 0 0 0 0 0 0 0 0 0 0 0.01
"TTR" -0.29 -0.52 -0.32 -0.31 -0.3 -0.26 -0.37 -0.54 -0.27 0 -0.3 -0.2 -0.24 -0.32 -0.34 -0.36 -0.41 -0.3 -0.41 -0.29 -0.32
"HIRA" 0 0.04 0 0 0 0 0 0 0.06 0 0 0 0 0 0.01 0.02 0 0 0 0 0.01
"UBE2E1" 0 0 0.15 0 0 0 0 0 0 0 0 0 0 0 0.03 0 0 0 0 0 0.01
"UBP1" 0 0 0 0.14 0.03 0.12 0 0 0 0 0.21 0 0.14 0 0.13 0.13 0 0.04 0 0 0.05
"USP4" 0 0 -0.03 0 0 0 0 0 0 0 0 -0.01 0 0 0 0 0 0 0 0 0
"VRK1" 0 -0.05 0 0 0 0 0 0 0 0 -0.15 0 0 0 -0.03 0 0 0 0 0 -0.01
"WNT3" 0 0 0 0 0 0 0 0 0 0 0 0 0 0 0 0.07 0 0 0.02 0 0
"WNT2B" 0 0 0 0 0 0 0 0 0 0 0 0 0 0 0 0.03 0 0 0 0 0
"CNBP" 0 0.06 0 0 0 0 0 0 0.07 0 0 0 0.03 0 0 0 0.01 0 0 0 0.01
"ST7" 0 -0.08 -0.06 0 0 0 0 0 0 0 0 0 0 0 0 -0.12 -0.22 0 0 0 -0.02
"KMT2D" 0 0 -0.16 -0.03 -0.03 -0.1 -0.08 -0.01 -0.06 0 -0.08 -0.11 -0.17 -0.1 0 -0.17 -0.08 -0.09 -0.19 -0.08 -0.08
"DPF1" 0 0 0 0 0 0 0 0 0 0 0 0 0 0 0 0 0 0 0 -0.08 0
"PUDP" 0 0 0 0 0 0 0 0 0 0 0 0 0 0 0 0 0 0 0 0 0
"USP9X" 0 0 0.08 0 0 0 0 0 0 0 0 0 0 0 0 0.17 0 0 0 0 0.01
"ARID1A" -0.02 0 -0.13 -0.03 -0.19 -0.05 -0.24 -0.22 0 -0.09 -0.1 -0.18 0 -0.31 -0.2 -0.1 -0.09 0 -0.11 -0.06 -0.11
"PIP5K1B" 0 -0.08 0 -0.04 0 0 0 0 -0.04 0 -0.06 0 -0.14 0 0 0 0 -0.03 0 0 -0.02
"STX7" 0 0.12 0.08 0 0 0 0 0 0.04 0 0 0 0.02 0 0 0 0 0 0 0 0.01
"LTBP4" 0 0 0 -0.09 0 0 0 0 -0.03 0 0 0 0 0 -0.06 0 0 0 0 0 -0.01
"SMARCA5" -0.28 -0.44 -0.42 -0.21 -0.31 -0.21 -0.34 -0.33 -0.44 -0.46 0 -0.34 -0.49 -0.27 -0.1 -0.25 -0.44 -0.45 -0.39 -0.22 -0.32
"OFD1" 0 0 0 0 0 0 0 0 0 0 0 0 0 0 0 0 0 0 0.01 0 0
"PARG" 0 0 0 0 0 0 0 -0.02 0 0 0 0 0 0 0 -0.04 -0.23 0 0 0 -0.01
"PPFIA3" 0 -0.28 -0.02 -0.13 -0.06 -0.19 -0.19 -0.18 -0.12 -0.04 -0.1 -0.18 -0.2 -0.08 0 -0.27 0 -0.03 -0.15 0 -0.11
"LMO4" -0.65 -0.87 -0.43 -0.91 -0.45 -0.55 -0.57 -0.28 -0.73 -0.34 -0.58 -0.47 -0.92 -0.41 -0.91 -1.11 -0.36 -0.59 -0.7 -0.2 -0.6
"PRPF18" 0 -0.1 -0.04 0 0 -0.09 -0.11 -0.06 -0.04 -0.06 -0.07 -0.09 -0.05 -0.05 -0.04 -0.19 -0.03 -0.01 -0.02 -0.07 -0.06
"DDX3Y" 0.03 0.05 0.07 0 0.09 0.01 0.11 0.02 0 0.1 0 0.09 0 0.06 0.17 0.05 0.17 0.12 0.22 0 0.07
"SLC4A4" 0 0 -0.1 0 0 0 0 0 0 0 0 0 0 0 -0.07 0 0 0 0 0 -0.01
"CDC23" 0 -0.04 0 0 0 0 0 0 -0.03 0 -0.01 0 -0.04 0 0 0 -0.01 0 0 0 -0.01
"NAPG" 0 0.02 0 0 0 0 0 0 0 0 0 0 0 0 0 0 0 0 0 0 0
"NAPA" -0.1 -0.04 0 -0.12 -0.04 0 -0.15 0 -0.09 0 -0.07 -0.14 -0.11 0 0 -0.07 -0.04 -0.05 -0.05 0 -0.05
"CCNK" 0 -0.08 0 0 0 0 0 0 0 0 0 0 0 0 0 0 0 0 0 0 0
"DPM1" -0.3 -0.17 -0.23 -0.21 -0.2 -0.25 -0.23 -0.24 -0.09 -0.19 -0.32 -0.14 -0.04 -0.23 -0.23 -0.3 -0.2 -0.15 -0.3 -0.13 -0.21
"INPP4B" 0.22 0.24 0 0.19 0.08 0.2 0.22 0.18 0.23 0.48 0 0 0.21 0.06 0 0.11 0.08 0 0.12 0.12 0.14
"LIN7A" 0 0 0.01 0 0 0 0 0 0 0 0 0 0 0 0 0 0 0 0 0 0
"SYNGAP1" 0 0 -0.14 -0.04 0 0 0 0 -0.12 -0.1 0 -0.16 -0.16 0 -0.14 -0.04 0 0 0 -0.04 -0.05
"WASL" 0.51 0.36 0.28 0.61 0.5 0.36 0.56 0.43 0.4 0.44 0.09 0.22 0.44 0.68 0.08 0.62 0.43 0.29 0.65 0.51 0.42
"SLC7A6" 0 0 0 0 0 0 0 0 0 0 0 0 0 0 -0.03 0 0 0 0 0 0
"PIAS2" 0.09 0 0.1 0 0 0.07 0 0.04 0 0 0 0 0 0.18 0.06 0.07 0.16 0 0 0 0.04
"CLDN12" 0 0 0 0 0 0 0 0 0 0 -0.03 0 0 0 -0.06 0 0 0 0 0 0
"PRPF3" -0.15 -0.03 0 -0.02 -0.13 0 -0.18 -0.17 0 -0.12 -0.01 0 0 -0.11 0 -0.09 -0.09 0 -0.21 -0.11 -0.07
"ATG12" 0 0 0 0 0 0 0 0 0 0 0 0 0 0 0 0.22 0 0 0 0 0.01
"CTDP1" 0 0 0 0.03 0 0 0 0 0 0 0 0 0 0 0 0 0 0 0 0 0
"DGKI" 0 -0.27 -0.17 -0.1 0 0 0 0 0 0 0 0 0 0 0 0 0 0 0 0 -0.03
"MYOM2" 0 0 0.04 0 0 0.02 0 0 0 0 0 0 0.01 0 0 0 0 0 0 0 0
"DDX21" 0 0.03 0 0 0.01 0 0 0 0 0 0.01 0 0 0 0.13 0 0 0 0.04 0 0.01
"DCLK1" 0 0 0 0 0 0 0 0 -0.04 0 -0.11 0 -0.1 0 0 0 -0.02 0 0 0 -0.01
"LGI1" 0 -0.05 0 0 0 0 0 0 0 0 0 0 0 0 0 0 0 0 0 0 0
"MAGI1" -1.6 -1.12 -1.91 -1.55 -1.5 -1.72 -1.6 -1.07 -1.74 -0.64 -1.73 -0.9 -1.66 -1.45 -1.67 -1.39 -1.43 -1.02 -1.53 -1.3 -1.43
"NPIPA1" 0 0 0 0 0 0 0 0 0 0 0.03 0 0 0 0 0 0 0 0 0 0
"SRSF11" 0 0 0 0 0 0 0 0 0 0 0 0 0.08 0 0 0 0 0 0 0 0
"NREP" -0.2 -0.47 -0.32 -0.05 -0.35 -0.19 -0.29 -0.23 -0.13 -0.45 -0.3 -0.23 -0.26 -0.34 -0.52 -0.33 -0.21 -0.28 -0.18 -0.36 -0.28
"ARHGAP29" 0 -0.03 0 0 0 0 0 0 0 0 0 0 0 0 0 0 0 0 0 0 0
"MED23" 0 0.09 0 0 0 0 0 0 0 0 0 0 0 0 0 0 0 0 0 0 0
"ONECUT2" 0 0 0 0 0 0 0 0 0 0 0 0 0 0 0 0 0 0 0 0 0
"AKAP5" 0 0 0 0 0 0 0 0 0 0 0 0 0 0 0 0 0 -0.01 0 0 0
"TECR" -0.07 -0.06 -0.05 0 -0.08 -0.08 -0.12 0 0 0 -0.01 -0.01 -0.1 -0.16 -0.26 -0.13 -0.01 -0.09 -0.07 -0.16 -0.07
"VPS4B" 0 -0.07 0 0 0 0 0 0 0 0 0 0 0 0 0 0 0 0 0 0 0
"ABCG1" 0 0 0 0 0 0 0 -0.01 0 0 0 0 0 0 0 0 0 0 0 0 0
"ZNF592" 0 0.1 0 0 0 0 0 0 0 0 0.04 0 0 0 0 0.06 0 0 0 0 0.01
"MICAL2" -0.4 -0.59 0 -0.07 -0.49 -0.5 -0.53 -0.06 -0.34 -0.28 -0.46 -0.3 -0.65 -0.54 -0.24 -0.26 -0.68 -0.64 -0.3 -0.42 -0.39
"PDE4DIP" -1.26 -1.57 -2.02 -1.23 -1.51 -1.08 -1.27 -1.26 -1.44 -1.14 -1.34 -1.2 -1.5 -1.24 -1.63 -1.85 -1.51 -1.22 -1.34 -1.16 -1.39
"SEC14L5" 0 0.07 0 0 0 0 0 0 0 0 0 0 0 0 0 0 0 0 0 0 0
"SEMA3E" 0 0 0 0 0 0 0 0 0 0 0.03 0 0 0 0 0 0 0 0 0 0
"MLEC" 0 0 0 0 0 0 0 0 0 0 0 0 -0.05 0 0 0 0 0 0 0 0
"TSC22D2" 0 0 0 0 0 0 0 0 0.23 0 0 0 0.28 0 0 0.02 0 0 0 0 0.03
"MAGI2" 0.58 0.31 0.74 0.51 0.57 1.72 0.79 0.64 0.57 0.04 1.02 1.03 0.67 0.95 0.83 0.55 0.26 0.64 1.13 1.47 0.75
"URB1" 0 -0.03 -0.03 0 -0.04 -0.05 -0.07 0 0 0 -0.03 0 -0.05 -0.04 -0.04 -0.11 -0.08 -0.03 -0.14 0 -0.04
"SRGAP3" -0.05 0 -0.28 -0.19 -0.12 -0.14 -0.16 -0.1 -0.07 0 0 0 -0.08 -0.01 0 0 -0.06 0 0 -0.27 -0.08
"HELZ" 0 0 0 0 0 0 0 0 0.23 0 0 0 0.09 0 0 0 0.02 0 0 0 0.02
"ARHGAP25" 0 0.03 0.1 0.12 0 0 0 0 0.14 0 0 0 0.13 0 0.17 0.13 0 0.05 0.09 0 0.05
"XYLB" 0 -0.02 0 -0.04 -0.02 0 0 0 0 -0.01 -0.14 0 -0.04 -0.06 0 0 0 0 -0.16 -0.07 -0.03
"NUP153" 0 -0.2 0 -0.07 0 0 0 0 -0.14 0 0 0 -0.17 0 -0.37 0 -0.17 0 0 0 -0.06
"ATP9A" 0 0 0 0 0 0 0 0 0 0 0 0 0 0 0 0 0 0 0.13 0 0.01
"TSPAN5" 0 -0.58 0 -0.25 -0.15 -0.1 -0.2 0 -0.33 0 0 0 -0.24 -0.03 -0.1 0 -0.52 -0.01 -0.15 -0.05 -0.14
"LHFPL6" 0 0.14 0 0 0 0 0 0 0 0 0 0 0 0 0 0 0 0 0 0 0.01
"RCAN2" 0.28 0.38 0.18 0.12 0.13 0.35 0.18 0.25 0.12 0 0.28 0.21 0.1 0.23 0 0 0.5 0.29 0.27 0.09 0.2
"ZMPSTE24" 0 0 0 0 0 0 0 0 0 0 0 0 0 0 -0.01 0 0 0 0 0 0
"SEMA3A" 0.28 0.2 0.21 0.24 0.18 0.14 0.21 0.21 0.18 0 0.16 0.02 0.2 0.25 0.25 0.19 0.18 0.11 0.2 0.12 0.18
"TUBB3" -0.02 -0.06 -0.14 -0.14 -0.1 0 -0.05 -0.03 -0.25 0 -0.17 -0.22 -0.21 -0.08 -0.19 -0.17 -0.26 -0.22 -0.15 -0.14 -0.13
"CPQ" -0.04 -0.06 -0.08 -0.06 -0.05 -0.14 -0.09 -0.08 -0.06 0 -0.09 0 -0.23 -0.14 -0.01 -0.08 -0.11 -0.11 -0.07 0 -0.08
"C1D" 0 0 0 -0.04 0 0 0 0 0 0 0 0 0 0 0 0 0 -0.03 0 0 0
"EIF3M" 0 0 0 0 0 0 0 0 0 0 0 0 0 0 0 0 -0.04 0 0 0 0
"UNC13B" -0.59 -0.58 -0.51 -0.49 -0.57 -0.59 -0.58 -0.45 -0.55 -0.55 -0.42 -0.7 -0.49 -0.68 -0.27 -0.42 -0.54 -0.62 -0.64 -0.56 -0.54
"SEMA6B" 0 0 0 0 0 0 0 0 0 -0.05 0 0 0 -0.06 0 -0.03 0 0 -0.06 0 -0.01
"SEMA3C" 0 0.15 0.08 0.04 0.04 0 0.04 0.02 0.1 0.09 0.02 0 0.12 0.14 0.14 0.04 0.08 0.03 0.04 0.03 0.06
"MTX2" 0 0 0 0 0 0 0 0 0 0 0.04 0 0 0 0 0 0 0 0 0 0
"CELF2" -0.16 0 0 0 0 0 0 0 0 0 -0.2 0 0 0 0 0 0 0 0 0 -0.02
"TNFSF13B" 0.11 0.22 0 0.14 0.17 0.04 0.18 0.05 0.12 0.04 0.12 0.13 0.1 0.11 0 0.19 0.17 0.12 0.13 0.24 0.12
"AVIL" 0 0 0 0 0 0 0 0 0 0 0 0 0 0 -0.01 0 0 0 0 0 0
"KIF1C" 0.08 0 0 0 0.05 0.13 0.14 0.01 0 0 0.05 0 0 0.13 0 0.15 0.11 0.1 0.09 0.12 0.06
"ARPP19" 0 0 0 -0.03 0 0 0 0 0 0 0 0 0 0 0 0 0 0 0 0 0
"PDE10A" 0.45 0.5 0.55 0.57 0.34 0.29 0.5 0.27 0.6 0.62 0.78 0.36 0.76 0.54 0.78 0.54 0.6 0.34 0.58 0.64 0.53
"CYP46A1" -0.14 -0.09 -0.55 0 -0.28 -0.22 -0.27 -0.23 -0.14 -0.3 0 -0.1 -0.11 -0.34 0 -0.37 -0.24 -0.11 -0.3 -0.28 -0.2
"PPARGC1A" 0 0.25 0.12 0 0 0 0 0 0.1 0.12 0 0 0.12 0 0.12 0 0 0 0 0.05 0.04
"EHMT2" 0 0 0 0 0 0 0 0 0 0 0 0 0 0 -0.03 0 0 0 0 0 0
"ADAMTS13" 0 0 0 0 0 0 0 0 0 0 0 0 0 0 0 0 0 0.01 0 0 0
"PRDM4" 0 -0.03 0 0 -0.05 0 0 -0.02 0 -0.03 0 0 0 0 0 0 0 0 -0.09 -0.02 -0.01
"KAT7" 0 0.03 0 0.05 0.02 0 0.05 0 0.05 0 0 0 0.2 0.1 0 0.07 0.08 0.02 0 0 0.03
"PSIP1" 0.1 0 0 0.17 0.2 0.35 0.14 0.25 0.12 0 0.46 0.08 0 0.32 0 0.12 0.2 0.21 0.05 0.14 0.15
"GPR176" 0 0.04 0 0 0 0 0 0.03 0 0.1 0.11 0.06 0 0 0.03 0 0 0 0 0.02 0.02
"SYNRG" 0 0.01 0 0 0 0 0 0 0 0 0 0 0.02 0 0 0 0 0 0 0 0
"POU6F2" 0 0.14 0 0 0 0 0 0 0 0 0 0 0 0 0 0 0 0 0 0 0.01
"ACOT7" 0 0 0 -0.16 0 0 0 0 0 0 0 0 0 0 0 0 0 0 0 0 -0.01
"CBX3" 0 0 0 0 0 0 0 0 0 0 0 0 0 0 0 0 0 0 0 0 0
"ITGA11" 0 0 0 0 0 0 0 0 0 0 0 0 0 0 0 0 -0.01 0 0 0 0
"HSPA4L" 0 0 0 0.14 0.09 0 0 0.07 0.18 0 0 0 0.19 0 0 0 0.01 0.07 0 0 0.04
"CEP162" 0 -0.07 0 0 0 0 0 0 0 0 0 0 -0.04 0 0 0 0 0 0 0 -0.01
"VASH1" -0.09 -0.09 -0.11 -0.09 -0.03 -0.07 -0.07 -0.04 -0.08 -0.09 0 -0.06 -0.11 -0.15 0 0 -0.06 -0.04 -0.11 -0.06 -0.07
"PPP6R1" 0 0 0 0 0 0 0 0 0 0 -0.04 0 0 0 0 0 0 0 0 0 0
"ZHX2" -0.03 -0.11 -0.14 -0.17 -0.12 -0.11 -0.06 -0.07 -0.03 -0.07 -0.04 0 -0.04 -0.11 -0.12 -0.11 -0.17 -0.2 -0.1 -0.16 -0.1
"DIS3" 0 0.13 0 0 0 0 0 0 0.01 0 0 0 0.04 0 0 0.04 0 0 0 0 0.01
"SHANK2" -0.67 -0.48 -0.7 0 -0.41 0 -0.38 -0.5 0 0 -0.17 -0.31 0 -0.65 -0.71 -0.84 -0.13 -0.77 -0.63 -0.7 -0.4
"CCT5" -0.04 -0.09 -0.17 -0.12 -0.09 -0.1 -0.03 -0.08 -0.21 0 -0.12 -0.05 -0.18 -0.07 -0.15 -0.03 -0.2 -0.07 -0.16 -0.15 -0.1
"PDCD11" -0.08 -0.01 -0.14 0 -0.08 -0.12 -0.04 -0.01 0 0 -0.07 -0.08 -0.04 -0.03 -0.09 -0.02 -0.02 -0.01 -0.07 0 -0.04
"PLCH1" 0.03 0.06 0.01 0.05 0.08 0.03 0.06 0.06 0.06 0 0.07 0 0.05 0.1 0.05 0 0.02 0.13 0.02 0 0.04
"RAB21" 0 0.07 0 0 0 0 0 0 0 0 0 0 0.1 0 0 0 0 0 0.04 0 0.01
"PDZD2" 0 0 0 0.14 0 0.06 0 0 0.14 0 0.03 0 0.35 0 0 0.14 0 0 0 0 0.04
"KIF21B" -0.04 -0.01 0 -0.05 -0.04 -0.08 0 0 -0.07 0 0 0 -0.1 -0.03 0 0 0 -0.07 0 -0.08 -0.03
"CMTR1" 0 -0.18 0 0 0 0 0 0 0 0 0 0 -0.04 0 0 0 -0.13 0 0 0 -0.02
"TTLL5" 0 0 0 0 0 0 0 0 0 0 0 0 0 0 0 0 -0.01 0 0 0 0
"RAP1GAP2" 0 0 0 0 0 0 0 0 0 0 -0.11 0 0 0 0 0 0 0 0 0 -0.01
"DDN" -0.1 -0.08 -0.22 -0.06 -0.17 -0.11 -0.2 -0.14 -0.05 -0.27 -0.11 -0.1 -0.07 -0.2 -0.12 -0.12 -0.12 -0.2 -0.21 -0.14 -0.14
"TOGARAM1" 0 0 0 -0.05 0 0 0 0 0 0 0 0 0 0 0 0 0 0 0 0 0
"EPB41L3" 0 0 0 0 0 0 0.13 0.17 0 0 0 0 0 0 0 0 0.1 0.04 0 0 0.02
"MESD" 0 0 0 0 0 0 0 0 0 0 0 0 0 0 -0.01 0 0 0 0 0 0
"CYFIP1" 0 0.02 0 0.16 0 0 0 0 0.06 0 0.04 0 0.15 0 0 0 0.12 0 0 0 0.03
"WWC1" 0 -0.04 0 0 0 0 0 0 0 0 0 0 0 0 0 0 0 0 0 0 0
"RPGRIP1L" 0 0 0 0 0 0 0 0 0 0 0 0 0 0 -0.12 0 0 0 0 0 -0.01
"SASH1" -0.08 -0.05 0 -0.28 -0.05 -0.03 -0.06 -0.15 -0.28 -0.1 -0.12 -0.13 -0.23 -0.07 -0.04 0 -0.07 -0.07 -0.14 -0.1 -0.1
"SZT2" 0 0 0 -0.12 -0.03 0 0 -0.01 0 0 0 -0.04 -0.01 0 0 0 0 0 0 0 -0.01
"AHCYL2" -0.27 -0.01 -0.26 -0.3 -0.25 -0.01 -0.32 -0.23 -0.16 0 -0.23 -0.24 -0.14 -0.09 -0.42 -0.26 0 -0.18 -0.72 -0.11 -0.21
"SIK3" -0.02 -0.12 -0.32 -0.35 0 0 -0.01 0 -0.31 0 0 0 0 -0.05 -0.32 -0.13 -0.13 -0.14 0 0 -0.1
"KCNH4" -0.16 -0.29 -0.26 -0.14 -0.19 0 -0.21 -0.22 -0.14 -0.11 -0.17 -0.17 -0.23 -0.11 -0.2 -0.32 -0.29 -0.28 -0.28 -0.21 -0.2
"AP4E1" 0 0 0 0 0 0 0 0 0 0 0.01 0 0 0 0.01 0 0 0 0 0 0
"SF3B3" 0 0.01 0 0.08 0 0 0 0 0.09 0 0.03 0 0.11 0 0.06 0 0 0.05 0.01 0 0.02
"SF3B1" 0 0.07 0 0 0 0 0 0 0 0 0 0 0 0 0 0 0 0 0 0 0
"CBX7" 0 0.37 0 0.01 0.05 0.11 0 0.01 0.12 0.04 0.02 0 0.03 0.06 0 0.04 0.17 0.01 0.18 0 0.06
"R3HDM1" -1.92 -1.92 -2.34 -2.02 -2.2 -2.46 -1.79 -1.85 -1.85 -1.53 -2.27 -2.1 -1.82 -1.97 -1.98 -1.24 -1.88 -2.39 -1.64 -1.66 -1.94
"CABIN1" 0 0 0 0 0 0 0 0 0 0 0 0 0 0 -0.16 0 0 0 0 0 -0.01
"SRRM2" 0 0 0.02 0 0 0 0 0 0 0 0 0 0 0 0 0 0 0 0 0 0
"DDAH1" 0.26 0 0 0.4 0.21 0.16 0.18 0.15 0.17 0.21 0.13 0.2 0.06 0.33 0 0 0.02 0.12 0.4 0.24 0.16
"PDSS1" 0 -0.04 0 0 0 0 0 0 0 0 0 0 0 0 0 0 0 0 0 0 0
"SLC7A11" 0 0 0.09 0 0.08 0.01 0 0 0 0 0.13 0 0.03 0 0.04 0 0 0 0 0.05 0.02
"ZNF318" 0 0 -0.02 0 0 0 0 0 0 0 -0.04 0 0 0 0 0 0 0 0 0 0
"KIAA1549L" 0 -0.74 -0.59 0 0 0 -0.16 0 -0.2 0 0 0 0 -0.03 -0.28 -0.29 -0.22 -0.13 -0.32 -0.01 -0.15
"ARMC8" 0.41 0 0.2 0.19 0.36 0.37 0.29 0.41 0 0.18 0 0.09 0 0.17 0.09 0.26 0 0.39 0.32 0.43 0.21
"RCHY1" 0 0.03 0 0 0 0.05 0 0 0 0 0 0 0 0 0 0 0 0 0 0 0
"AHCTF1" 0 0 0 0 0 0 0 0 0 0 0 0 0 0 0 0 0 0 0 0 0
"RTTN" 0 0 0 0 0 0 0 0 -0.04 0 0 0 -0.01 0 -0.04 0 0 0 0 0 -0.01
"FAM98A" 0 -0.01 0 0 0 0 0 0 0 0 0 0 -0.09 0 0 0 0 0 0 0 0
"VIRMA" -0.11 -0.22 -0.22 -0.08 -0.08 -0.03 -0.03 -0.12 0 -0.11 -0.23 -0.08 -0.1 -0.07 -0.17 -0.16 -0.09 -0.13 -0.12 -0.11 -0.11
"C2CD3" 0 0 0 0 0 0 0 0 0.04 0 0 0 0 0 0.14 0 0 0 0 0 0.01
"UPF2" 0 0 0 0 0 -0.13 -0.07 -0.04 0 -0.15 -0.26 0 0 0 -0.09 0 0 -0.09 0 0 -0.04
"SETBP1" -0.18 -0.45 -0.46 -0.24 -0.1 -0.01 -0.06 -0.53 0 0 -0.12 -0.32 -0.11 0 0 -0.26 -0.12 -0.38 -0.01 0 -0.17
"SLITRK5" 0 0 0 0 0 0 0 0 0 0 0 0 0 0 0 0 0.03 0 0 0 0
"PPP1R16B" 0.73 0.91 0.77 0.84 0.82 1.1 0.79 0.62 0.9 0.56 0.82 0.3 0.81 0.81 0.56 1.09 0.72 0.71 0.8 0.61 0.76
"GGA1" 0 0 0 0 0 0 0 0 0 0 0 -0.02 0 0 0 -0.03 0 0 0 0 0
"PTPN20" 0 -0.02 0 0 0 0 0 0 0 0 0 0 0 0 0 0 0 0 0 0 0
"ZBTB20" -0.12 -0.08 0 -0.02 0 -0.27 -0.06 -0.12 0 -0.29 -0.13 -0.08 0 -0.03 0 -0.14 0 0 -0.06 0 -0.07
"RSL1D1" 0 0 0 0 0 0 0 0 -0.02 0 0 0 -0.02 0 0 -0.02 -0.08 0 0 0 -0.01
"INTS1" -0.5 -0.54 -0.58 -0.57 -0.5 -0.51 -0.45 -0.51 -0.57 -0.61 -0.44 -0.53 -0.55 -0.53 -0.45 -0.35 -0.39 -0.43 -0.46 -0.33 -0.49
"FBXO8" 0.04 0.07 0.06 0 0.1 0.1 0.09 0.09 0.01 0 0.02 0 0 0.06 0.14 0.16 0.2 0.06 0.21 0.01 0.07
"DAZAP1" 0 0.02 0 0 0 0 0 0 0 0 0.11 0 0 0.01 0 0 0.03 0 0 0 0.01
"RPS6KC1" 0 0 0 0 0 0 0 0 0 0 0 0 0 0 0 0.14 0 0 0 0 0.01
"AKAP8L" -0.06 -0.43 -0.03 -0.11 -0.04 -0.22 -0.15 0 -0.28 0 -0.29 -0.4 -0.41 -0.19 0 -0.18 -0.06 0 -0.15 0 -0.15
"SND1" 0 0 0 0 0 0 0 0 0 0 -0.17 0 0 0 0 0 0 0 0 0 -0.01
"STAU2" 0 0 0 0 0 0 0 0 0 0 0 0 0 0 0 0 0 0 0 0 0
"PDE7B" 0 -0.16 0 0 0 0 0 -0.07 0 0 -0.12 0 0 0 -0.01 0 -0.04 -0.06 0 0 -0.02
"FILIP1" -0.12 -0.14 -0.14 -0.19 -0.12 0 -0.1 -0.1 -0.04 -0.14 0 -0.09 -0.06 -0.07 -0.06 -0.17 -0.21 -0.18 -0.05 -0.16 -0.11
"FAM184B" 0 0 0 0 0 0 -0.02 -0.14 0 -0.12 0 0 -0.07 -0.01 0 -0.09 0 0 -0.08 0 -0.03
"DENND2A" 0 0 0 0 0 0 0 0 0 0 0 0 0 0 0 0 0 0 0 0 0
"TUBGCP4" 0 0 -0.08 0 0 -0.03 -0.04 0 0 -0.09 0 0 -0.05 0 -0.1 -0.11 -0.09 -0.03 -0.12 0 -0.04
"RNF115" 0 0.1 0 0 0 0 0 0 0 0 0 0 0 0 0 0 0 0 0 0 0.01
"KLHL20" 0 -0.12 0 0 0 0 0 0 0 -0.01 0 0 0 -0.05 0 0 0 -0.08 0 0 -0.01
"PCDH17" 0 0 0.02 0 0 0 0 0 0 0 0 0 0 0 0 0 0 0 0 0 0
"UTP20" 0 0 0 0 0 0 0 0 0 0 0 0 0 0 -0.02 0 0 0 0 0 0
"CDH20" -0.07 0 -0.18 0 -0.15 -0.33 -0.08 -0.12 -0.02 -0.1 -0.26 -0.14 0 -0.08 0 -0.09 -0.15 -0.15 -0.2 -0.22 -0.12
"DBNL" 0 0 0 0 0 0 0 0 0 0 0 0 0.19 0 0 0 0 0 0 0 0.01
"HIPK2" 0 -0.01 0 -0.06 0 0 0 0 -0.01 0 -0.04 -0.03 -0.02 0 0 0 0 0 0 0 -0.01
"FAM156A" 0 0 0 0 0 0 0 0 0 0 0.05 0 0 0 0 0 0 0 0 0 0
"STXBP6" 0.11 0 0.17 0.17 0.14 0.07 0.09 0.16 0.13 0.15 0.05 0.22 0.14 0.09 0.19 0 0.08 0.15 0.16 0.13 0.12
"YPEL1" -0.02 0 -0.06 0 -0.09 -0.06 -0.08 -0.08 -0.06 -0.16 0 -0.14 -0.01 -0.27 -0.04 -0.15 -0.03 -0.16 -0.17 -0.19 -0.09
"UBN1" 0 0.05 0 0 0.03 0 0.09 0 0 0 0.01 0 0.1 0.03 0.05 0 0.06 0.07 0 0 0.02
"ALG5" 0 0 0 0 0 0 0 0 0 0 0 0 0 0 0 0 0 0 0 0 0
"DMGDH" 0 0 -0.03 0 0 0 0 0 0 0 0 0 0 0 -0.1 -0.04 -0.01 -0.05 0 0 -0.01
"HUNK" 0 0.16 0 0 0 0 0 0.03 0.12 0 0.01 0 0.09 0 0.09 0 0 0.03 0 0 0.03
"KCNIP3" -0.1 0 0 -0.11 -0.1 0 -0.07 -0.11 -0.19 0 -0.11 -0.15 -0.13 -0.18 -0.07 0 -0.03 -0.17 -0.04 -0.06 -0.08
"KCNIP2" 0 0 0 0 0 0 0 0 0 0 0 0 0.01 0 0 0 0 0 0 0 0
"ASAP1" -0.28 -0.22 -0.06 -0.49 0 -0.29 -0.17 0 -0.05 0 -0.35 0 -0.12 0 -0.04 -0.19 0 -0.13 0 -0.36 -0.14
"NTM" -0.1 -0.09 0 -0.26 -0.22 0 -0.26 -0.12 -0.22 -0.4 0 0 -0.18 -0.02 0 -0.13 0 -0.18 -0.01 -0.09 -0.11
"RRP15" -0.12 -0.04 -0.13 -0.07 -0.08 0 -0.06 -0.04 -0.06 0 0 0 -0.08 -0.01 -0.02 -0.13 -0.03 -0.18 -0.15 0 -0.06
"MRPS18C" -0.02 -0.1 -0.1 -0.04 0 0 -0.05 -0.05 -0.1 0 0 0 -0.1 0 -0.03 0 -0.11 -0.1 -0.07 0 -0.04
"THAP4" 0 0 0 0 0 0 0 0 0 0 0 0 0.01 0 0 0 0 0 0 0 0
"IFT52" -0.07 0 0 -0.17 -0.18 -0.12 -0.08 -0.17 -0.14 -0.1 -0.15 -0.19 -0.19 -0.15 -0.18 0 -0.06 -0.09 -0.13 -0.07 -0.11
"AADAT" 0 -0.07 0 0 0 0 0 0 0 0 0 0 0 0 0 0 0 0 0 0 0
"ZDHHC2" 0.08 0 0.02 0 0.02 0 0.01 0.13 0 0.14 0 0 0 0.08 0 0 0 0.03 0.13 0 0.03
"PHF21A" 0.09 0.54 0 0.36 0.1 0.12 0.26 0.09 0.37 0.01 0 0 0.44 0.03 0.32 0 0.28 0.35 0.21 0.22 0.19
"ARL17A" -0.27 -0.25 -0.06 -0.2 -0.28 -0.3 -0.2 -0.34 -0.15 -0.32 -0.32 -0.28 -0.18 -0.25 -0.27 -0.1 -0.34 -0.42 -0.28 -0.34 -0.26
"MBTPS2" 0 0.05 0 0 0 0 0 0 0.01 0 0 0 0.05 0 0 0 0 0 0 0 0.01
"CDC40" 0 0 0 0 0 0 0 0 0 0 0 0 0 0 0 -0.02 0 0 0 0 0
"CHST15" 0 0.13 0 0 0 0 0 0 0 0 0 0 0.14 0 0 0 0.01 0 0 0 0.01
"SNX7" 0 0 0 0 0 0 0 0 0 0 0 0 0 0 0 0 0 0 0.02 0 0
"ANAPC5" 0 0 0 -0.11 0 0 0 0 0 0 0 0 -0.01 0 0 0 0 0 0 0 -0.01
"DYNC2LI1" -0.03 0 -0.22 -0.09 0 -0.06 0 0 0 -0.1 0 0 0 0 -0.18 0 0 0 0 0 -0.03
"RSF1" 0 -0.26 0 0 0 0 0 0 -0.04 -0.06 -0.32 0 0 0 -0.07 0 0 0 0 0 -0.04
"MAP3K20" 0 0 0 -0.06 0 0 0 0 0 0 0 0 0 0 0 0 0 0 0 0 0
"FXYD7" 0 0 0 0 0 0 0 0 0 0 0 0 0 0 0 0 0 0 0 0 0
"SETD4" 0.17 0.23 0.09 0.22 0.14 0.21 0.18 0.12 0.16 0.1 0.2 0.06 0.19 0.12 0.1 0.21 0.19 0.14 0.21 0.07 0.16
"GDAP1" 0 0.36 0 0 0 0 0 0 0 0 0 0.25 0 0 0 0 0 0 0 0 0.03
"DGCR8" 0 -0.04 0 0 0 0 0 0 0 0 -0.14 -0.03 0 0 0 0 -0.03 0 0 0 -0.01
"OTULINL" 0 0 0 0 0 0 0 0 0 0 0 0 0 0 0 0 0 0 0.04 0 0
"SPATA6" 0 0 0.08 0 0.08 0 0.07 0.2 0.09 0 0.04 0 0.12 0.1 0.07 0 0.23 0.07 0.02 0 0.06
"EPB41L4B" 0 -0.04 0 0 0 0 0 0 0 0 0 0 0 0 0 0 0 0 0 0 0
"LZTFL1" 0 0 0 0.03 0 0.01 0 0 0 0 0.16 0 0.02 0 0 0 0.03 0 0 0 0.01
"AHI1" 0 0 0 0 0 0 0 0 0 0 0 0 0 0 0 0 0 0 0 0 0
"SIDT1" 0 0 0 0 0 0 0 0 0 0 0 0 0.1 0 0 0 0 0 0 0 0
"ST7L" 0 0 0 0 0 0 0 0 0 0 0 0 0.01 0 0.09 0 0.06 0 0 0 0.01
"PLPPR1" -0.03 -0.02 -0.09 -0.01 -0.03 -0.13 0 -0.02 0 0 0 0 0 0 0 -0.17 0 -0.11 -0.06 -0.14 -0.04
"NSUN2" 0 0.1 0.19 0.07 0 0.01 0.03 0 0 0 0.25 0 0.05 0 0.17 0.12 0.06 0 0 0 0.05
"TTC12" 0 0 0 0 0 0 0 0 0 0 0 0 0 0 0 0 -0.01 0 0 0 0
"TMEM132A" 0 0 0 0 0 0 0 0 0 0 0 0 0 0 0 0 0 -0.01 0 0 0
"NMRK1" 0.08 0.12 0.29 0.21 0 0.06 0.04 0.14 0.27 0.05 0 0.05 0.29 0.14 0.13 0 0.1 0.07 0.02 0 0.1
"PHIP" 0 0 0 0 0 0 0 0 0 0 0 0 0 0 0 0 0 0 0 0 0
"USP47" 0 0 0 0 0 0 0 0 0 0.01 0 0 0 0 0 0 0 0 0 0 0
"NRDE2" 0 0 -0.19 0 0 0 0 0 0 0 0 0 0 0 0 0 0 0 0 0 -0.01
"SPATA6L" 0 -0.04 0 0 0 0 0 0 0 0 0 0 0 0 0 0 -0.07 0 0 -0.03 -0.01
"ARGLU1" 0 0 0 0 0 0 0 0 0.04 0 0 0 0 0 0 0 0 0 0 0 0
"RBM28" 0 -0.05 -0.09 -0.05 0 0 -0.03 0 -0.05 0 0 0 -0.27 0 -0.1 -0.03 -0.1 0 -0.08 0 -0.04
"LARP1B" 0 0 0 0 0 0 0 0 0 0 -0.17 -0.14 0 0 0 0 -0.06 -0.12 0 0 -0.02
"SRBD1" -0.03 -0.04 -0.06 0 -0.06 -0.02 -0.05 -0.04 0 0 -0.08 0 0 -0.02 -0.07 -0.07 -0.01 -0.06 0 -0.04 -0.03
"RESF1" 0.07 0.07 0.15 0.02 0.07 0.13 0.09 0.07 0 0 0 0 0 0 0.2 0 0 0 0.09 0.14 0.05
"NAT10" 0 0 0 0 0 0 0 0 0 0 0 0 0 0 -0.08 0 0 -0.01 0 0 0
"PPP6R3" 0 -0.11 0 0 0 0 0 0 0 0 0 0 0 0 0 0 0 0 0 0 -0.01
"AGPAT5" 0 0.14 0 0 0 0 0 0 0 0 0 0 0 0 0 0 0 0 0 0 0.01
"RNLS" 0 0 0 0 0 0 0 0 0 0 0 0 0.11 0 0.03 0 0 0 0 0 0.01
"STRBP" 0 0 0 0.04 0 0 0 0 0 0 0 0 0 0 0 0 0.22 0.06 0 0 0.02
"CAMK2N1" 0 -0.28 0 0 0 0 0 0 0 0 0 0 0 0 0 0 0 0 0 0 -0.01
"SLC35E3" -0.17 -0.14 -0.03 -0.14 -0.07 -0.03 -0.1 -0.1 -0.18 0 -0.21 0 -0.04 0 0 -0.13 -0.3 -0.01 -0.04 -0.14 -0.09
"ELMOD1" 0 0 0 0 0 0 0 0 0 0 0 0 0 0 0 0 -0.12 0 0 0 -0.01
"SLC30A10" -0.3 -0.29 -0.37 -0.35 -0.36 -0.28 -0.37 -0.36 -0.41 -0.4 -0.32 -0.35 -0.5 -0.39 -0.26 -0.38 -0.36 -0.41 -0.3 -0.34 -0.36
"CNOT11" 0 0.01 0.11 0 0 0 0 0 0.06 0 0.01 0 0.07 0 0.11 0.06 0.08 0 0 0 0.03
"ZNF692" 0.16 0.31 0.23 0.11 0.26 0.39 0.25 0.3 0.25 0.26 0.37 0.25 0.21 0.31 0.32 0.16 0.2 0.26 0.35 0.23 0.26
"DDX27" 0 0 0 0 0 0 0 0 0 0 0 0 0 0 0 0 0.06 0 0 0 0
"IARS2" 0 0 0 0 0 0 0 0 0 0 0.02 0 0 0 0 0 0 0 0 0 0
"POLR3B" -0.05 -0.08 0 0 -0.07 -0.16 -0.15 -0.04 0 0 -0.2 -0.1 0 -0.01 -0.11 -0.03 -0.16 -0.08 -0.07 -0.03 -0.07
"CCDC88A" 0 0 -0.01 0 0 0 0 0 0 0 0 0 0 0 0 0 0 0 0 0 0
"HHAT" 0 0 0.03 0 0 0 0 0 0 0.02 0 0 0 0 0 0.09 0 0 0 0 0.01
"ENAH" 0.13 0.2 0.1 0.38 0.13 0.08 0.18 0.22 0.3 0.44 0 0.17 0.34 0.05 0 0.06 0.22 0.24 0.2 0.24 0.19
"MBD5" -0.13 0 0 0 0 0 0 0 0 0 0 -0.01 0 0 0 0 0 0 0 0 -0.01
"METTL2B" 0 -0.13 -0.11 0 0 0 0 -0.1 -0.1 -0.02 0 0 -0.16 0 0 -0.05 -0.01 0 -0.01 0 -0.03
"SCN3B" 0 0 0 -0.01 0 -0.01 0 0 0 0 0 0 0 0 0 0 0 0 0 0 0
"DCP1A" -0.05 -0.18 0 -0.14 0 0 0 -0.04 -0.14 0 0 0 0 0 0 0 -0.11 -0.02 -0.03 0 -0.03
"BDP1" 0 -0.13 -0.25 0 -0.22 -0.01 -0.1 -0.09 -0.09 -0.45 -0.08 -0.03 -0.03 0 0 0 -0.28 0 -0.12 -0.1 -0.1
"WWC3" 0 0.14 0 0 0 0 0 0 0.05 0 0.1 0 0.04 0 0 0 0.18 0.01 0 0 0.03
"LMO3" 0 0.2 0 0 0 0 0 0 0 0 0.22 0.26 0.11 0.06 0 0 0.01 0 0.01 0 0.04
"UNC45A" 0 0 -0.04 0 0 0 0 0 0 0 0 0 0 0 -0.03 0 0 0 0 0 0
"DMAP1" 0 0 0 0 0 0 0 0 0 0 0 0 0 0 0 -0.03 0 0 0 0 0
"ZNF253" 0 -0.14 -0.02 0 -0.02 0 0 0 0 -0.12 -0.06 0 -0.05 0 -0.17 0 -0.07 -0.06 -0.01 -0.03 -0.04
"WDR45B" 0 0 0 0 0 0 0 0 0 0 0 0 0 0 0.1 0 0 0 0 0 0.01
"NPDC1" 0 0.08 0 0 0 0 0 0 0.02 0 0 0 0 0 0 0 0 0 0 0 0.01
"CELF4" 0 0 0 0 0 0 0 0 0 0 -0.26 0 0 0 0 0 0 0 0 -0.14 -0.02
"PRTFDC1" -0.39 -0.52 -0.44 -0.38 -0.35 -0.24 -0.42 -0.4 -0.45 -0.28 -0.37 -0.39 -0.46 -0.39 -0.45 -0.64 -0.44 -0.39 -0.43 -0.33 -0.41
"BBX" 0 0 0.03 0 0 0 0 0 0 0 0.2 0 0.12 0 0.11 0.25 0 0 0 0 0.04
"CTNNBIP1" 0 0.2 0 0 0 0.07 0.14 0.1 0 0 0.17 0 0 0.07 0 0 0 0.05 0.1 0 0.05
"PCNP" 0 0.09 0.29 0.02 0 0.13 0.06 0 0.01 0 0.01 0 0.16 0 0.32 0 0.08 0.09 0.01 0 0.06
"MAN1C1" 0 0.12 0.04 0 0 0.27 0 0 0 0.36 0.02 0 0.04 0 0 0 0.02 0 0 0.08 0.05
"PAK5" 0 0 0 0 0 -0.36 0 0 0 0 -0.11 0 0 0 0 0 0 0 0 0 -0.02
"ATP8B2" 0 0 0 0 0 0 0 0 0 0 0 0 -0.05 0 0 0 0 0 0 0 0
"TTC7A" 0 0 0 0 0 0 0 0 0 0 0 0 0 0 -0.01 0 0 0 0 0 0
"JPH3" -0.1 -0.29 -0.21 -0.1 -0.04 -0.1 0 -0.23 -0.12 0 0 -0.05 -0.16 -0.03 0 -0.06 -0.22 -0.15 0 -0.14 -0.1
"TTYH1" 0 0 -0.12 0 0 0 0 0 0 0 0 0 0 0 0 0 0 0 0 0 -0.01
"NMRAL1" -0.1 -0.08 -0.19 -0.1 -0.05 0 -0.06 -0.06 -0.13 -0.01 -0.02 -0.1 -0.04 0 0 -0.01 -0.2 -0.01 0 -0.1 -0.06
"GALNT16" 0 0 0 0 0 0 0 0 0 0.15 0 0 0 0 0 0 0 0 0 0 0.01
"MAVS" 0 0 -0.03 0 0 0 0 0 0 0 0 0 0 0 0 0 0 0 0 0 0
"NUFIP2" 0 0.09 0 0 0 0 0 0 0.1 0 0 0 0.01 0 0 0 0 0 0 0 0.01
"MIB1" 0 0 0 -0.09 0 0 -0.03 0 0 0 -0.14 -0.1 0 0 0 -0.12 -0.16 0 -0.29 -0.08 -0.05
"ZNF398" 0 0 0 0 0 0 0 0 0.09 0 0 0 0.06 0 0 0 0 0.06 0 0 0.01
"ARHGAP21" 0 0 -0.03 0 0 0 0 0 0 0 0 0 0 0 0 0 0 0 0 0 0
"PDZD4" -0.18 -0.3 -0.19 -0.21 -0.22 -0.25 -0.19 -0.18 -0.3 -0.2 -0.26 -0.2 -0.26 -0.18 -0.2 -0.08 -0.21 -0.17 -0.18 -0.22 -0.21
"RELCH" -0.06 -0.44 0 -0.09 -0.04 -0.1 -0.14 -0.09 -0.26 0 0 0 -0.31 -0.17 0 -0.22 -0.28 -0.17 0 0 -0.12
"NYAP2" -0.33 -0.14 -0.02 -0.02 -0.26 -0.14 -0.39 -0.22 -0.03 -0.09 -0.27 -0.09 0 -0.48 -0.26 -0.11 -0.24 -0.26 -0.23 -0.16 -0.19
"KIAA1549" 0 -0.05 0 0 0 0 0 0 0 0 0 0 0 -0.04 0 0 0 -0.01 -0.04 0 -0.01
"ALS2" 0 0 0 0 0 0 0 0 0 0 0 0 0.1 0 0 0 0 0 0 0 0.01
"ZSWIM6" -0.06 -0.18 -0.07 -0.13 -0.13 -0.11 -0.13 -0.14 -0.17 0 0 0 -0.07 0 -0.29 -0.06 -0.14 -0.04 -0.14 -0.14 -0.1
"SFMBT2" -0.09 -0.23 -0.11 0 -0.08 0 -0.09 -0.12 0 -0.16 -0.06 0 0 -0.17 -0.16 -0.13 -0.02 -0.09 -0.02 -0.12 -0.08
"ZBED5" 0 0 0.2 0 0 0 0 0 0 0 0 0 0 0 0 0 0 0 0 0 0.01
"ZNF71" 0 0 -0.05 0 0 0 0 0 0 0 0 0 0 0 0 0 0 0 0 0 0
"JAM2" -0.15 -0.26 -0.16 -0.18 -0.17 -0.14 -0.12 -0.18 -0.23 -0.14 -0.26 -0.15 -0.3 -0.25 -0.24 -0.24 -0.29 -0.24 -0.07 -0.17 -0.2
"SCAF1" 0 -0.02 0 0 0 0 0 0 0 0 0 -0.04 0 -0.04 0 0 -0.11 0 0 0 -0.01
"PLEKHA1" 0 0 0 0 0 0 0 0 0 0 0.01 0 0 0 0 0 0 0 0 0 0
"AFAP1" 0 0 -0.05 0 0 0 0 0 0 0 0 0 0 0 -0.14 0 0 0 0 0 -0.01
"TRMT11" 0 0 0 0 0 0 0 0 0 0 0 0 0 0 0 0.03 0 0 0 0 0
"GUF1" 0 0.01 0.05 0 0 0 0 0 0 0 0 0 0 0 0.16 0.01 0 0 0.03 0 0.01
"PKNOX2" 0 0 0 0 0 0 0 -0.05 0 0 0 -0.02 -0.04 0 -0.1 0 0 0 0 -0.06 -0.01
"KIF13A" 0 0 0 0 0 0 0 0 0 0 0.1 0 0 0 0 0 0 0 0 0 0
"SNX16" 0.03 0.22 0 0.03 0.06 0 0.1 0.04 0.04 0 0.01 0.01 0.16 0.05 0.09 0.09 0.02 0.02 0.04 0.06 0.05
"NECAB1" 0 0.18 0.12 0.31 0 0 0 0 0 0.31 0 0 0 0.02 0 0 0 0 0 0.18 0.06
"P3H1" 0 0 0 0 0 0 0 0 0 0 0 0 -0.01 0 0 0 0 0 0 0 0
"ACBD3" 0 0 0 0 0 0 0 0 0 0 -0.12 0 0 0 0 0 -0.01 0 0 0 -0.01
"LMF1" 0 0 0 0 0 0 0 0 0 -0.06 0 0 0 0 -0.02 0 0 0 0 0 0
"SLC13A3" 0 0 0 0 0 0 0 0 0 0 -0.06 0 0 0 0 0 0 0 0 0 0
"MRPL1" 0 0 0 0 0 -0.04 0 0 0 0 0 0 0 0 0 0 0 0 0 -0.06 0
"DDRGK1" -0.39 -0.28 -0.1 -0.42 -0.37 -0.24 -0.42 -0.39 -0.41 -0.21 -0.26 -0.2 -0.37 -0.31 -0.21 -0.34 -0.23 -0.34 -0.3 -0.29 -0.3
"ZFYVE21" -0.07 0 -0.04 -0.16 -0.02 0 -0.03 0 -0.15 0 0 0 -0.12 -0.05 0 -0.09 -0.1 -0.07 0 -0.03 -0.05
"ASPSCR1" 0 0 -0.1 0 0 0 0 0 0 0 0 0 -0.03 0 0 0 0 0 0 0 -0.01
"METTL22" 0 0 0 0 0 0 0 0 0 0 0 0 0.01 0 0 0 0 0 0 0 0
"EFHD2" 0 0.06 0 0 0 0 0 0 0 0 0.05 0 0 0 0 0 0 0 0.07 0 0.01
"SCRN3" 0 -0.01 0 0 0 0 0 0 0 0 0 0 0 0 0 0 0 0 0 0 0
"ARHGAP10" -0.5 -0.5 -0.66 -0.41 -0.43 -0.52 -0.5 -0.32 -0.42 -0.53 -0.49 -0.44 -0.49 -0.46 -0.63 -0.56 -0.4 -0.48 -0.35 -0.47 -0.48
"NEIL1" 0 0 0 0 0 0 0 0 0 0 0 0 0 0 -0.08 0 0 0 0 0 0
"PARP8" 0.09 0.22 0 0.12 0.13 0.22 0 0.07 0.25 0.17 0.05 0.11 0.13 0.12 0.25 0 0 0.17 0.1 0 0.11
"TUT7" 0.13 0.2 0.17 0.08 0.16 0.01 0.18 0.06 0.02 0 0.2 0.01 0.13 0.16 0.38 0.17 0.09 0.23 0.21 0.08 0.13
"ZNF322" 0 -0.1 0 0 0 0 0 0 0 0 0 0 0 0 0 0 0 -0.03 0 0 -0.01
"VPS37B" -0.28 -0.23 -0.27 -0.4 -0.34 -0.16 -0.28 -0.29 -0.35 -0.35 -0.11 -0.22 -0.32 -0.34 -0.35 -0.21 -0.09 -0.23 -0.14 -0.29 -0.26
"ZBBX" 0 -0.05 0 0 0 0 0 0 0 -0.05 0 0 0 0 -0.05 -0.02 0 0 -0.05 0 -0.01
"TXNDC15" 0.15 0.34 0.2 0.17 0.2 0.23 0.23 0.22 0.23 0.27 0.37 0.27 0.29 0.18 0.28 0.27 0.23 0.16 0.26 0.09 0.23
"NIPAL2" 0 0 0 0.3 0.04 0 0 0 0 0 0 0 0 0 0 0 0 0.06 0 0 0.02
"CAMKMT" 0 -0.1 0 0 0 0 0 0 0 0 0 0 0 0 0 0 0 0 0 0 0
"ZDHHC11" -0.08 -0.02 -0.12 -0.2 0 0 -0.04 -0.09 -0.06 0 0 0 -0.19 -0.03 -0.04 -0.12 0 -0.09 -0.11 0 -0.06
"BAALC" 0 0 0 0 0 0 0 0 0 0 0 0 0 0 0 0 0 0 0 0 0
"GGNBP2" 0.02 0.25 0 0.13 0.09 0.01 0.07 0 0.16 0 0.04 0.02 0.08 0.06 0.16 0.13 0.13 0.07 0.12 0.03 0.08
"ATP8B4" 0 0 0 0.07 0 0 0 0 0 0 0 0 0 0 0 0.01 0.06 0 0 0 0.01
"ERMP1" 0 0 0.02 0 0.01 0 0 0 0 0 0 0 0.18 0 0 0 0.08 0 0 0 0.01
"SLC8B1" 0 0 0 0 0 0 0 0 0 0 0 -0.03 0 0 0 0 0 0 0 0 0
"CSRNP3" 0 0.02 0 0 0.23 0.16 0.16 0.37 0 0 0 0 0 0.13 0.06 0.16 0.1 0.15 0.08 0 0.08
"SIKE1" 0 0 0 0 0 0 0 0 0 0 0 0 0 0 0 -0.06 0 0 0 0 0
"NAA15" 0 0 0 0 0 0 0 0 0 0 -0.14 0 0 0 0 0 0 0 0 0 -0.01
"IFT74" 0 0 0 0 0 0 0 0 0 0 0 0 0 0 0 -0.03 0 0 0 0 0
"OPA3" -0.16 -0.07 -0.05 -0.06 -0.23 -0.16 -0.23 -0.11 -0.01 -0.08 -0.19 -0.07 0 -0.15 -0.2 -0.1 -0.22 -0.18 -0.29 -0.08 -0.13
"GKAP1" 0.07 0.16 0.09 0 0.03 0.1 0.07 0.07 0.06 0.05 0.14 0.11 0.01 0.05 0.11 0 0.21 0.02 0.13 0 0.08
"THSD7B" 0 -0.1 0 0 0 0 0 0 0 -0.07 0 0 0 0 -0.02 0 0 0 0 0 -0.01
"CMIP" -0.36 -0.25 -0.52 -0.67 -0.5 -0.12 -0.37 -0.54 -0.34 0 -0.15 -0.31 -0.42 -0.22 -0.71 -0.02 -0.03 -0.4 -0.47 -0.17 -0.33
"EEPD1" 0 0 0 0 0 0 0 0 0 0.03 0 0 0 0 0 0.02 0 0 0 0 0
"ILKAP" 0 0 -0.06 0 0 -0.01 0 -0.04 0 0 0 -0.01 0 0 -0.09 -0.25 0 0 0 0 -0.02
"COL21A1" 0.02 0 0.11 0 0.07 0.13 0.06 0 0 0.19 0.1 0 0 0.09 0.06 0.15 0.06 0.08 0.09 0.05 0.06
"PPP1R14C" 0 -0.18 0 0 0 0 0 0 -0.02 0 -0.01 0 -0.14 -0.04 0 -0.01 -0.05 0 0 0 -0.02
"NETO2" 0 -0.06 -0.06 0 0 0 0 0 -0.04 -0.13 -0.02 0 0 0 0 -0.02 -0.01 -0.01 -0.06 0 -0.02
"SLIRP" 0 0 0 0 0 0 0 0 0 0 0 0 -0.05 0 0 0 0 0 0 0 0
"THAP2" 0 0.07 0.17 0 0.02 0.05 0.08 0 0 0.08 0.12 0.06 0 0 0.23 0.08 0 0.07 0.01 0 0.05
"SELENOO" 0 0 0 0 0 0 0 0 0 0 0 0 -0.02 0 0 0 0 0 0 0 0
"CCDC3" 0.25 0.56 0.28 0.16 0.19 0.34 0.26 0.01 0.32 0.15 0.58 0.24 0.46 0.37 0.25 0.07 0.62 0.26 0.42 0.02 0.29
"ATG10" 0 0 -0.06 0 0 0 0 0 0 0 0 -0.1 0 0 0 0 0 0 0 0 -0.01
"ITCH" 0 0 0 -0.04 0 0 0 0 -0.03 0 0 0 0 0 0 0 0 0 0 0 0
"TMTC1" 0.25 0.33 0 0.21 0.27 0.11 0.2 0.33 0.24 0.41 0.28 0.26 0.25 0.3 0.3 0 0.22 0.24 0.22 0.25 0.23
"KATNAL1" 0 0 0 0 0 0 0 0 0 0 0 0 0 0 -0.06 0 0 0 0 0 0
"ADGRV1" 0 0 0 0 0 -0.12 0 0 0 0 -0.11 0 0 0 0 0 0 0 0 0 -0.01
"CEP78" 0 0 0 0 0 0 0 0 0 0 0 0 0 0 0 0.04 0 0 0 0 0
"DCUN1D5" -0.04 -0.1 0 -0.06 -0.1 -0.26 -0.04 -0.15 -0.06 -0.04 -0.35 -0.1 -0.09 -0.05 -0.03 -0.15 -0.04 -0.13 -0.08 0 -0.09
"TMEM175" 0 0 -0.02 0 0 0 0 0 0 0 0 -0.09 0 0 0 0 0 0 0 0 -0.01
"BRMS1L" -0.45 -0.39 -0.26 -0.37 -0.36 -0.41 -0.42 -0.39 -0.36 -0.32 -0.35 -0.09 -0.35 -0.33 -0.44 -0.46 -0.59 -0.32 -0.38 -0.28 -0.37
"ST6GAL2" -0.17 -0.15 0 -0.12 -0.04 -0.43 -0.17 -0.11 -0.14 -0.19 -0.17 0 0 -0.09 -0.03 0 -0.32 -0.2 -0.06 -0.08 -0.12
"FUT10" 0 0 0.07 0 0 0 0 0 0 0.07 0 0 0 0 0 0 0 0 0 0 0.01
"ZNF577" 0 0 0 0 0 0 0 0 0 0 -0.03 0 -0.06 0 0 0 0 0 0 0 0
"AIFM2" 0.04 0.04 0 0 0 0.03 0 0 0 0 0 0 0 0 0 0 0.03 0 0 0.01 0.01
"TMEM209" 0 -0.05 0 0 0 0 0 0 0 0 0 0 0 0 0 -0.05 -0.03 0 0 0 -0.01
"IGSF21" 0 0 0 0 0 0 0 0 0 0 0 0 0 0 0 0 0 -0.06 0 0 0
"RBM17" 0 -0.02 0 0 -0.05 -0.07 -0.1 -0.05 -0.07 -0.04 -0.01 0 -0.08 0 -0.05 -0.1 -0.04 -0.11 -0.1 0 -0.04
"CNTNAP4" 0 0.2 0.09 0 0.08 0 0.09 0.04 0.1 0 0.2 0 0.22 0.12 0.28 0.02 0.28 0.09 0 0.1 0.1
"DPH6" 0 0 0 0 0 0 0 0 0 0 0 0 0 0 0 0 0 0 0 0 0
"EFCAB11" 0 -0.07 0 0 0 0 0 0 0 0 0 0 0 0 0 0 0 0 0 0 0
"HS6ST2" 0.22 0.03 0.02 0.1 0.07 0.15 0.09 0.07 0.04 0.04 0.1 0.12 0 0.06 0.11 0.12 0.04 0 0.12 0.08 0.08
"STARD13" 0 0 0 0 0 0 0 0 0 0 0 0 0 0 0 0 0 0 0.01 0 0
"SEC11C" 0 0 0 -0.04 0 0 0 0 0 0 0 0 0 0 0 0 0 0 0 0 0
"ZNF682" 0 0 -0.1 0 0 0 0 0 0 0 0 0 0 0 0 0 0 0 0 0 -0.01
"TMEM259" 0 0 0 -0.02 0 0 0 0 0 -0.04 0 -0.02 -0.05 0 0 0 0 0 0 0 -0.01
"RNF185" 0 0 0.08 0 0 0 0 0 0 0 0 0 0.11 0.04 0.06 0 0.05 0.03 0 0 0.02
"CABLES1" -0.02 0 0 -0.1 0 -0.05 0 -0.05 -0.1 0 0 -0.01 -0.06 0 0 -0.06 0 0 -0.06 -0.03 -0.03
"TTC5" -0.47 -0.46 -0.18 -0.38 -0.57 -0.5 -0.48 -0.45 -0.4 -0.34 -0.52 -0.29 -0.36 -0.54 -0.27 -0.53 -0.47 -0.48 -0.59 -0.46 -0.44
"DSEL" 0 0 0 0 0 0 0 0 0 0 -0.01 0 0 0 0 -0.1 0 0 -0.01 0 -0.01
"MRPS36" 0 -0.11 0 0 0 0 0 0 0 0 0 0 -0.01 0 0 -0.12 0 0 -0.04 0 -0.01
"ZNF461" 0 -0.04 0 0 0 0 0 0 0 0 0 0 0 0 0 0 0 0 0 0 0
"SPECC1" 0.07 0.05 0.2 0.15 0.17 0 0.25 0.14 0.23 0.03 0 0.03 0.13 0.04 0.56 0.42 0.38 0.04 0.07 0.06 0.15
"TMEM44" 0.28 0.38 0.22 0.3 0.4 0.28 0.3 0.23 0.29 0.17 0.39 0.29 0.33 0.29 0.34 0.27 0.32 0.27 0.35 0.32 0.3
"SYCE1" 0 0 0 0 0 0 0 0 0 0 0.01 0 0 0 0 0 0 0 0 0 0
"HPYR1" 0 -0.03 0 0 0 0 -0.01 -0.03 0 -0.02 0 0 0 0 -0.08 -0.13 0 0 0 0 -0.02
"HELQ" 0 0.11 0 0 0 0 0 0 0 0 0.07 0 0 0 0.02 0.05 0 0.04 0 0 0.01
"FMNL2" 0 0 0 0 0 0 0 0 0 0 0 0 0 0 -0.01 0 0 0 0 0 0
"OSBPL1A" 0 -0.06 0 0 0 0 0 0 0 0 0 0 0 0 0 0 0 0 0 0 0
"C1QTNF4" -0.21 -0.12 -0.02 -0.1 -0.22 -0.11 -0.2 -0.24 -0.1 -0.19 -0.06 -0.21 -0.04 -0.23 0 -0.09 -0.24 -0.24 -0.07 -0.16 -0.14
"SLC26A8" -0.06 -0.04 -0.1 0 -0.07 -0.15 -0.07 -0.02 0 0 -0.12 -0.05 0 -0.07 -0.03 -0.06 -0.06 -0.14 0 -0.11 -0.06
"SLC18B1" 0 0 0 0 0 0 0 0 0 0 0 0 0 0 0 0.04 0 0 0.03 0 0
"THEM4" -0.01 -0.11 -0.07 0 -0.08 -0.25 -0.11 -0.06 -0.02 -0.12 -0.09 0 -0.08 -0.22 0 -0.09 -0.1 -0.13 -0.04 -0.04 -0.08
"CATSPER2" 0 -0.22 -0.12 0 -0.17 -0.28 -0.1 0 -0.28 -0.19 -0.14 -0.15 -0.54 0 0 -0.11 -0.12 0 0 0 -0.12
"MSS51" 0.01 0 0.1 0 0.01 0.05 0 0.03 0 0.02 0.06 0 0 0.07 0.04 0.01 0 0.09 0.02 0 0.03
"TRAPPC6B" 0.15 0.11 0.01 0.17 0.04 0.02 0.11 0.08 0.11 0 0.13 0.1 0.09 0.03 0.06 0 0.06 0.1 0.13 0.33 0.09
"LEO1" 0 0 0 0 0 0 0 0 0 0 -0.08 0 0 0 -0.15 0 -0.08 0 0 0 -0.02
"MTFMT" 0 0 0 0 0 0 0 0 0 0 -0.1 0 0 0 -0.01 0 0 0 0 0 -0.01
"ANKS3" 0 0 -0.22 0 0 -0.11 -0.06 -0.06 0 -0.13 -0.17 -0.14 -0.02 -0.02 -0.16 -0.04 0 0 -0.05 0 -0.06
"TYW3" 0 -0.06 0 0 0 -0.01 0 0 0 0 -0.09 0 0 0 0 -0.05 -0.01 0 0 0 -0.01
"TYW5" 0 -0.04 0 0 0 0 0 -0.01 0 0 0 0 0 0 0 0 -0.05 0 0 0 0
"MBOAT2" 0 0 0 -0.05 0 0 0 0 0 0 0 0 0 0 0 0 0 0 0 0 0
"PACRGL" 0 0 0 -0.01 0 0 0 0 0 -0.15 0 0 0 0 0 0 0 0 0 0 -0.01
"MTPN" 0 -0.03 0 -0.04 0 0 0 0 -0.06 0 0 0 0 0 0 0 0 -0.03 0 0 -0.01
"CARNMT1" 0 -0.01 -0.05 0 0 0 0 0 0 0 0 0 0 0 -0.02 0 0 -0.03 0 0 -0.01
"MAGEC3" 0.08 0.23 0.12 0.21 0.03 0 0.01 0.05 0.2 0.01 0.1 0 0.2 0 0.08 0 0 0.08 0.13 0.07 0.08
"BRI3BP" 0 0 0 0.05 0 0.03 0 0 0.07 0 0.1 0 0 0 0 0 0 0 0 0 0.01
"GLT1D1" 0 -0.25 0 -0.11 0 0 -0.01 -0.03 -0.18 0 0 0 -0.16 0 -0.06 -0.11 -0.13 -0.01 -0.01 0 -0.05
"LYSMD4" 0.3 0.14 0.16 0.31 0.23 0.26 0.31 0.23 0.25 0.17 0.32 0 0.21 0.17 0.23 0.31 0.27 0.31 0.19 0.28 0.23
"TTBK2" 0.7 1.25 0.25 0.78 0.45 0.33 0.59 0.66 1.47 0.45 0.68 0.35 1.79 0.56 0.93 0.52 1.5 0.64 0.9 0.56 0.77
"GSG1L" -0.01 0 0 -0.12 0 0 -0.02 -0.08 0 -0.02 0 -0.06 -0.03 0 0 0 0 0 0 0 -0.02
"ZNF785" 0 -0.08 -0.05 0 0 -0.09 -0.01 0 -0.06 0 -0.1 0 0 0 -0.1 -0.08 -0.09 -0.1 -0.03 0 -0.04
"CFAP52" -0.05 -0.08 0 -0.15 -0.07 -0.03 -0.05 -0.09 -0.15 0 -0.12 -0.06 -0.16 0 -0.16 -0.15 -0.06 -0.07 0 -0.04 -0.07
"ZNF420" 0 -0.11 0 0 0 -0.02 0 0 0 0 -0.02 0 -0.02 -0.12 -0.07 -0.09 -0.03 0 0 0 -0.02
"ZNF583" 0 0 0 0 0 0 0 0 0 0 0 0 0 0 0 0 0 0 0 0 0
"ZNF98" 0 0 0 0 0 0 0 0 0 0 0 0 -0.05 0 0 0 0 0 0 0 0
"C1orf52" -0.15 -0.08 -0.19 -0.12 -0.16 -0.06 -0.14 -0.08 -0.1 -0.09 0 0 -0.24 -0.03 0 0 0 -0.16 -0.06 0 -0.08
"ZNF385B" 0 0 0 0 0 0 0 0 0 0 0 0 0 0 -0.12 0 0 0 0 0 -0.01
"ARL6IP6" 0 0 0 0 0 0 0 0 0 0 0.06 0 0 0 0.03 0 0 0 0 0 0
"CMC1" 0 0 0 0 0 0 0 0 0 0 0 0 0 0 0 0 0.03 0 0 0 0
"TRMT44" 0 0 -0.04 0 0 0 0 0 0 0 0 0 0 0 0 0 0 0 0 0 0
"RASGEF1B" -0.17 0 -0.07 -0.08 0 -0.15 -0.03 0 -0.03 0 0 0 -0.02 -0.07 -0.01 -0.09 -0.03 -0.18 -0.19 0 -0.06
"BTNL9" 0 0 0 0 0 0 0 0 0 -0.04 0 0 0 0 0 0 0 0 0 0 0
"CCDC112" 0 0 0 0 0 0 0 0 0 0 0 0 0 0 0 0 0 0 0 0 0
"AMOT" 0.17 0.28 0.36 0 0.22 0.16 0.26 0.1 0.01 0.18 0.31 0.01 0 0.23 0.37 0.38 0.2 0.21 0.3 0.16 0.2
"TMEM65" 0 0.06 0 0 0 0 0 0 0 0 0.08 0 0 0 0.01 0 0.06 0.04 0.16 0.01 0.02
"ERICH1" 0 -0.05 -0.01 0 0 0 0 0 0 0 0 0 0 0 0 0 0 0 0 -0.04 0
"TMEM74" 0 0 0 0 0 0 0 0 0 0 0 0 0 0 0 0 -0.02 0 0 0 0
"TMTC2" -0.26 -0.53 -0.33 -0.19 -0.31 -0.23 -0.35 -0.27 -0.32 -0.25 -0.36 -0.33 -0.22 -0.28 -0.28 -0.52 -0.32 -0.29 -0.28 -0.13 -0.3
"RHBDL3" 0.94 0.64 0.78 0.9 0.88 0.88 0.92 0.89 0.95 0.54 1.03 1.04 0.92 0.83 0.84 1.16 0.76 0.8 0.81 0.97 0.87
"PRICKLE2" 0 -0.2 0 0 0 0 0 0 0 0 0 0 0 0 0 0 0 0 0 0 -0.01
"GLIS3" 0 0.03 0 0 0 0 0 0 0 0 0 0 0 0 0 0.03 0 0 0 0 0
"DHX36" 0 -0.13 -0.27 0 0 -0.05 0 0 0 0 0 0 0 0 -0.33 0 -0.02 0 -0.11 0 -0.05
"ZNF721" -0.3 -0.09 -0.35 -0.21 -0.23 -0.47 -0.28 -0.43 -0.52 -0.48 -0.34 -0.25 -0.5 -0.15 -0.22 -0.19 -0.39 -0.4 -0.27 -0.35 -0.32
"ZNF675" 0 0 0.15 0 0 0 0 0 0 0 0 0 0.02 0 0.09 0 0 0 0 0 0.01
"RILPL2" -0.04 0 -0.07 0 -0.06 0 -0.01 -0.04 -0.01 0 0 -0.06 0 -0.08 0 0 0 0 0 -0.07 -0.02
"APLF" 0 0 0 0 0 0 0 0 0 0 0 0 0 0 -0.02 0 -0.01 0 0 0 0
"KHDRBS2" 0 0 0 0 0 0 0 -0.1 0 -0.21 0 0 -0.5 0 0 0 0 0 0 0 -0.04
"ANO5" 0.2 0.17 0.12 0.39 0.25 0.34 0.3 0.26 0.63 0 0.56 0.18 0.63 0.33 0.33 0.37 0.57 0.23 0.5 0.04 0.32
"SLC44A5" 0 0 0 0 -0.01 -0.09 0 0 0 0 -0.16 0 0 0 0 -0.01 0 0 0 0 -0.01
"CCNY" -0.22 0 0 -0.22 -0.2 -0.19 -0.1 -0.22 -0.14 -0.21 -0.41 -0.28 -0.13 0 -0.21 -0.29 -0.15 0 -0.22 0 -0.16
"LTO1" 0 0 0 0 0 0 0 0 0 0 0 0 0 0 0 0 0 0 0 0 0
"DOK6" -0.31 -0.34 -0.08 -0.38 -0.43 -0.1 -0.27 -0.35 -0.54 -0.46 -0.08 -0.25 -0.62 -0.31 0 -0.18 -0.43 -0.13 -0.19 -0.53 -0.3
"REEP3" 0 0 -0.24 0 0 0 0 0 0 -0.1 0 0 -0.17 0 -0.14 0 0 0 -0.07 0 -0.04
"FAM171A1" 0 -0.2 0 -0.06 -0.24 -0.22 -0.07 -0.2 -0.03 0 0 0 -0.2 0 0 0 -0.17 0 0 0 -0.07
"FAM162B" 0.1 0.25 0.26 0.16 0.1 0.12 0.18 0.04 0.2 0.13 0.23 0.14 0.24 0.13 0.29 0.28 0.29 0.13 0.14 0 0.17
"BEND6" 0 0.02 0 0 0 0 0 0 0 0 0 0 0 0 0 0 0 0 0 0 0
"KDM1B" 0 0.01 0 0.02 0 0 0 0.01 0.18 0 0 0 0.21 0 0.12 0 0 0 0 0 0.03
"MMD2" 0 -0.07 0 0 0 0 0 0 0 0 0 0 0 0 0 -0.01 0 0 0 0 0
"THSD7A" 0 0 0 0 0 0 0 0 -0.01 0 0 0 0 0 0 0 0 0 0 0 0
"RSBN1L" 0 0 0 0 0 0 0 0 0 0 0.02 0 0 0 0 0 0 0 0 0 0
"HS3ST5" 0.02 0 0.01 0.03 0 0 0 0.04 0.14 0 0 0 0.03 0.03 0.05 0.01 0.06 0.03 0 0 0.02
"SPESP1" -0.27 -0.29 -0.29 -0.3 -0.27 -0.22 -0.28 -0.22 -0.4 -0.23 -0.32 -0.18 -0.44 -0.28 -0.33 -0.22 -0.38 -0.36 -0.19 -0.33 -0.29
"CERS6" -0.1 -0.02 -0.16 -0.05 -0.14 -0.54 -0.09 0 0 0 -0.83 0 0 0 -0.07 -0.4 -0.06 0 -0.24 0 -0.14
"METAP1D" 0 0 0 0 0 0 0 0 0 0 0 0 0 0 0 0.02 0 0 0 0 0
"ZDHHC23" 0 0 0 0 0 0 0 0 0 0 0 0 0 0 0 0 0 0 0 0 0
"COL24A1" -0.1 -0.04 -0.18 -0.29 -0.08 -0.08 0 0 -0.19 -0.12 0 0 -0.25 0 -0.08 -0.17 0 0 -0.1 0 -0.08
"SYT14" 0 0.56 0.04 0 0 0.02 0 0 0.05 0 0 0 0.21 0 0 0 0.36 0 0 0 0.06
"BCLAF3" 0 0 -0.02 0 0 0 0 0 0 0 0 0 0 -0.02 0 -0.05 0 0 0 0 0
"MAMDC2" 0.02 0.14 0.14 0.07 0.11 0.02 0 0.03 0.04 0 0.21 0.01 0.08 0 0.05 0 0 0 0.02 0 0.05
"RNF214" 0 0 0 0 0 0 0 0 0 0 0 0 0 0 0 0 0 0 0 0 0
"HSPA12A" 0 0 0 0 0 0 0 0 0 0.03 0 0 0 0 0 0 0 0 0 0 0
"NALCN" 0 0.44 0 0 0 0 0 0 0 0 0.07 0 0 0 0.07 0.58 0.33 0 0.17 0 0.08
"CYP4X1" 0 0 0 0 0 0 0 0 0 0 0 0 0 0 0 0 0 0 0 0 0
"NPHP4" 0.02 0.15 0 0.1 0.12 0 0.09 0.08 0.18 0.15 0.07 0.18 0.22 0.11 0 0.26 0.19 0.02 0.1 0.07 0.11
"HS6ST3" 0 0 0 0 0 0 0 0 0.04 0 0 0 0 0 0 0 0 0 0 0 0
"ANKRD52" -0.09 -0.23 -0.33 -0.13 -0.23 -0.22 -0.18 -0.19 -0.19 -0.23 -0.24 0 -0.25 -0.11 -0.31 -0.19 -0.11 -0.07 -0.24 -0.17 -0.19
"DPY19L2" 0 0 0 0 0 0 0 0 0 0 -0.06 0 0 0 0 -0.07 0 0 0 0 -0.01
"GPR137C" 0 0.01 0 0 0 0 0 0 0 0 0 0 0.06 0 0 0.26 0 0 0 0 0.02
"SUMF1" -0.14 -0.24 0 -0.28 -0.02 0 0 0 -0.01 0 -0.21 0 -0.35 0 -0.35 -0.08 -0.12 -0.14 -0.07 0 -0.1
"RNF180" 0 0 0 0 0 0 0 0 0 0 0 0 0 0 0 0 0.07 0 0 0 0
"SREK1IP1" 0 0 0 0 0 0 0 0 0 0 -0.04 0 0 0 0 0 0 0 0 0 0
"XKR6" 0 0 0.14 0 0 0.35 0 0 0 0 0 0 0 0.12 0.15 0.34 0.09 0.23 0 0.35 0.09
"LURAP1L" 0.2 0.23 0.13 0.26 0.24 0.29 0.3 0.18 0.21 0.23 0.18 0.28 0.2 0.25 0.16 0.13 0.23 0.33 0.23 0.23 0.23
"ANKRD13D" 0 0 0 0 0 0 0 0 0 0 -0.06 0 0 0 0 0 0 0 0 0 0
"ZDHHC21" 0 0 0 0 0 0 0 0 0 0 0 0 0 0 0 0.04 0 0 0 0 0
"SATL1" 0 0 0 0 0 0 0 0 0 0 0 0 0 0 -0.08 0 0 0 0 0 0
"SYT10" 0.2 0.12 0.34 0.3 0.27 0.22 0.21 0.31 0.26 0.23 0.24 0.26 0.34 0.18 0.27 0.22 0.14 0.22 0.23 0.23 0.24
"SH3RF3" 0 -0.05 0 -0.1 0 0 0 0 0 0 -0.07 0 0 0 0 0 0 -0.17 0 0 -0.02
"EYS" 0 0 0 0 0 0 0 0 0 -0.02 0 0 -0.03 0 0 0 -0.03 0 0 0 0
"ZNF81" 0 0 0 0 0 0 0 0 0 0 0.05 0 0.01 0.03 0.01 0.04 0 0 0.03 0 0.01
"SLCO4C1" 0.16 0.02 0.03 0.18 0.1 0.09 0.09 0.1 0.15 0.01 0.26 0.14 0.15 0.13 0.1 0.06 0.08 0.17 0.05 0 0.1
"LRRC37A3" -0.1 -0.22 0 -0.05 -0.13 -0.46 -0.22 -0.32 -0.15 -0.27 -0.42 -0.21 -0.03 -0.12 -0.17 0 -0.3 -0.05 0 -0.21 -0.17
"ANKRD30B" 0 0 -0.03 0 0 0 0 0 0 0 0 0 0 0 0 0 0 0 0 0 0
"VWC2" 0.27 0.08 0.18 0.25 0.3 0.25 0.25 0.29 0.19 0.14 0.35 0.19 0.08 0.17 0.14 0.21 0.18 0.23 0.13 0.22 0.2
"ZNF470" 0 0 0 0 0 0 0 0 0 0 -0.12 0 0 0 -0.05 0 0 -0.07 0 0 -0.01
"SAMD5" -0.06 -0.14 0 -0.13 -0.05 0 -0.09 -0.05 -0.09 0 -0.02 -0.05 -0.07 -0.05 0 -0.02 -0.07 -0.02 -0.11 0 -0.05
"XKR9" -0.47 -0.44 -0.46 -0.66 -0.45 -0.35 -0.54 -0.47 -0.62 -0.72 -0.24 -0.41 -0.71 -0.57 -0.44 -0.22 -0.6 -0.46 -0.55 -0.26 -0.48
"ZNF793" -0.03 -0.09 0 0 0 0 0 0 0 -0.05 0 0 -0.14 0 -0.12 -0.06 -0.11 -0.06 -0.08 -0.02 -0.04
"HEATR4" 0 0.18 0 0 0 0 0 0 0.02 0 0.06 0 0.02 0.01 0 0 0.13 0 0.08 0 0.03
"MIRLET7BHG" 0 0 0 0 0 0 0 0 0 0 0.23 0 0.11 0 0 0.11 0 0 0 0 0.02
"CENPP" 0 0 0 0 0 0 0 0 0 0.08 0 0 0 0 0 0 0 0 0 0 0
"MZT1" 0 0 0 0 0 0 0 0 0 0 0 0 -0.01 0 0 0 0 0 0 0 0
"GOLGA8B" 0 0 0 0 0 0 0 0 0 -0.05 0 0 0 0 0 0 0 0 0 0 0
"ANKRD18B" 0 0 0.11 0 0 0.01 0 0 0 0 0 0 0 0 0 0 0 0 0 0 0.01
"PTCHD4" 0.01 0.08 0.09 0 0 0.08 0 0 0.02 0.17 0.05 0 0.12 0 0.1 0.08 0.04 0.02 0 0 0.04
"IGFL4" -0.17 -0.3 -0.16 -0.25 -0.14 -0.3 -0.23 -0.2 -0.25 -0.23 -0.26 -0.28 -0.22 -0.2 -0.38 -0.09 -0.16 -0.26 -0.2 -0.08 -0.22
"LRRC37A2" -0.37 -0.29 -0.45 -0.32 -0.44 -0.66 -0.48 -0.29 -0.39 -0.42 -0.69 -0.31 -0.33 -0.37 -0.46 -0.3 -0.47 -0.55 -0.36 -0.31 -0.41
"RNF165" -0.33 -0.22 -0.28 -0.18 -0.25 -0.35 -0.41 -0.33 -0.1 -0.2 -0.28 -0.23 0 -0.3 -0.32 -0.05 -0.1 -0.35 -0.29 -0.17 -0.24
"WIPF3" 0 0 0.26 0.18 0 0 0.01 0 0.09 0 0 0 0.1 0 0.14 0.01 0 0 0.01 0 0.04
"MIR3976HG" 0 0 0 0 0 0 0 0 0 0 0 0 0 0 0 0 -0.02 0 0 0 0
"CASTOR2" 0 0 0 0 0 0 0 0 0 0 0 0 0 0 -0.04 0 0 0 0 0 0
"TVP23A" 0 0 0 0 0 0 0 0 0 0 0 0 0 0 0 -0.04 0 0 0 0 0
"PWRN1" 0 -0.05 0 0 0 0 0 0 0 0 0 0 0 0 -0.03 0 0 0 0 0 0
"C16orf95" 0 0 0 0 0 0 0 0 0 0 0 0 0 0 0 0 0 0 0 0 0
"TMEM178B" 0 0 0 0 0 0 0 0 0 0 0 0 0 0 0 0 0 -0.11 0 0 -0.01
"TIMM23B" 0 0 0 0 0 0 0 0 0 0 0 0 0 0 0 -0.04 0 0 0 0 0
"KIAA2012" -0.01 0 -0.14 0 -0.05 -0.01 0 -0.02 0 0 0 0 0 0 0 0 -0.03 -0.02 -0.02 0 -0.01
"MMP24OS" 0 0 0 0 0 0 0 0 0 0 0 0 -0.08 0 0 0 0 0 0 0 0
"MIR4300HG" 0 0 0 0 0 0 0 0 -0.03 0 0 0 0 0 -0.04 0 0 0 -0.06 0 -0.01
"AK6" -0.03 -0.07 0 -0.12 -0.07 -0.04 -0.04 0 0 0 -0.07 0 0 -0.09 -0.02 -0.09 -0.11 0 -0.05 -0.09 -0.05
"B2M" 0 0.06 0.1 0 0 0 0 0 0 0 0 0 0 0 0 0 0.11 0 0 0 0.01
"RARRES1" 0 -0.01 -0.16 -0.03 0 0 0 -0.01 -0.02 0 0 0 -0.16 -0.02 0 -0.12 0 0 0 0 -0.03
"NCBP2" 0 0 0 0 0 0 0 0 0 0 0 0 -0.02 0 0 0 0 0 0 0 0
"CCDC170" 0 -0.01 0 0 0 0 0 0 0 0 0 0 -0.03 0 0 0 0 0 -0.06 0 -0.01
"SAAL1" 0 0.05 0.07 0.14 0 0.13 0.09 0.13 0.05 0 0.08 0.11 0 0.09 0.11 0.17 0 0.15 0.15 0 0.08
"IGSF10" 0 0 0 0 0 0 0 0 0 0 -0.08 0 0 0 0 0 0 0 0 0 0
