"seed_1" "seed_2" "seed_3" "seed_4" "seed_5" "seed_6" "seed_7" "seed_8" "seed_9" "seed_10" "seed_11" "seed_12" "seed_13" "seed_14" "seed_15" "seed_16" "seed_17" "seed_18" "seed_19" "seed_20" "mean"
"ACAT2" 0 0 0 0 0 0 0 0 0 0 0 0 0 0 0 0 0 0 0 0 0
"ACOX1" -0.1 0 -0.14 0 0 -0.05 -0.07 -0.04 0 0 -0.07 0 -0.27 0 -0.17 0 -0.1 0 0 0 -0.05
"ACTN1" 0 0 0 0 0 0 0 0 0 0 -0.03 0 0 0 -0.2 0 0 0 -0.15 0 -0.02
"ACYP1" 0 0 0 0.11 0 0 0 0 0 0 0 0 0 0 0 0 0 0 0 0 0.01
"AP2A2" -0.04 -0.23 -0.05 -0.24 0 0 0 -0.03 0 0 0 0 0 0 0 -0.07 -0.22 0 -0.59 -0.08 -0.08
"AP1G1" 0.08 0 0.11 0 0 0.1 0 0 0.05 0 0 0 0.2 0 0 0 0 0 0.16 0 0.04
"AHR" 0 0 0 0 0 0 0 0 -0.11 0 0 0 0 0 -0.04 0 0 0 0 0 -0.01
"AK4" 0 0 0 0 0 0 0 0 0 0 0 0 0 0 0.01 0 0 0 0 0 0
"AMFR" 0 0 0 0 0 0 0.01 0 0 0 0 0 0.01 0 0 0 0 0 0 0 0
"AMPH" 0 0 0 0 0 0 0 0 0 0 0 0 0.08 0 0 0 0 0 0.12 0 0.01
"APAF1" -0.24 0 -0.03 0 0 0 0 0 -0.02 0 0 0 0 0 -0.06 -0.09 0 -0.05 0 -0.12 -0.03
"RHOB" 0 0 0 0 0 -0.17 0 0 0 0 0 0 0 0 0 0 -0.02 0 0 0 -0.01
"ART3" 0.13 0 0 0 0 0 0 0 0 0 0 0 0 0 0 0 0 0 0 0 0.01
"ATP5ME" 0 0 0 0 0 0 0 0 0 -0.03 0 0 0 -0.14 0 0 0 0 0 0 -0.01
"B2M" 0.09 0 0 0 0 0 0 0 0 0 0 0 0.14 0 0.31 0 0.3 0 0 0 0.04
"BCAT1" 0 0 0 0 0 0.16 0 0.04 0 0 0 0 0 0 0 0 0.13 0 0 0 0.02
"BCL2" 0 0 0 0 0 0 0 0 0 0 0 0 0 0 0 0 0 0 0.4 0 0.02
"BCL9" 0 0 0 0.04 0 0 0 0 0 0 0 0 0 0 0 0 0 0 0.08 0 0.01
"BCR" 0 0 0 0 -0.04 0 0 0 0 0 0 0 0 0 0 0 0 0 0 0 0
"DST" 0 0 0 0 0 0 0 0 0 0 0 0.12 0 0 0 0 0 0 0 0 0.01
"BTD" 0 0 0 0 0 0 0 0 0 0 0 0 0 0 -0.04 0 0 0 0 0 0
"C2" 0 0.1 0 0 0 0 0 0 0 0 0 0 0 0 0 0 0 0 0 0 0.01
"MPPED2" 0 0.21 0.34 0.16 0 0 0 0 0 0 0.08 0 0 0 0 0 0 0 0 0 0.04
"CALU" 0 0 0 0 0 0 0 -0.01 0 0 0 0 -0.22 0 0 0 -0.12 0 0 -0.07 -0.02
"CAMK4" 0 -0.4 0 -0.14 0 0 -0.1 0 -0.3 0 0 -0.32 -0.42 -0.06 0 0 0 -0.2 -0.26 0 -0.11
"RUNX1T1" 0 -0.3 0 0 0 0 0 0 0 0 0 0 0 0 0 0 0 0 0 0 -0.01
"CBFB" 0 0.06 0 0.06 0 0.01 0 0.41 0 0 0.16 0 0 0 0.36 0.27 0.31 0 0 0.12 0.09
"CCND3" 0.32 0.09 0.37 0.2 0.56 0.62 0.47 0.62 0.16 0.31 0.3 0.25 0.05 0.62 0.5 0.12 0.29 0.17 0 0.45 0.32
"CCNG2" 0 0 0 0 0 0 0 0 0 0 0 0 0 0 0 0 0 0 -0.16 0 -0.01
"SCARB1" 0 0 -0.06 0 -0.09 0 0 0 0 0 0 0 0 0 0 -0.23 0 0 0 0 -0.02
"SCARB2" 0.3 0.04 0.24 0 0 0 0 0 0.04 0 0 0 0.14 0 0.14 0 0.22 0.07 0.01 0 0.06
"ENTPD6" -0.26 0 0 0 0 0 0 0 0 0 0 0 0 0 0 0 0 0 0 0 -0.01
"LRBA" 0 0 0 0 0 0 0 0 0 0 0 0 0 0 0.2 0.12 0 0 0 0 0.02
"CDH2" 0 0 0 0 0 0 0 0 0 0 0 0 0 0.04 0 0 0 0 0 0 0
"CHRNA7" -0.22 0 0 0 0 -0.08 -0.06 0 0 0 -0.19 0 -0.03 0 0 0 0 -0.12 0 0 -0.03
"ERCC8" -0.15 0 0 0 0 0 0 0 0 0 0 0 0 0 -0.09 0 0 0 0 0 -0.01
"CNTN1" 0 0 0 0 0 0 0 0 0 0 0 0 0 0 0 0 0.16 0 0 0 0.01
"COL4A1" 0 0 0 0 0 0 0 0 0 0 0.02 0 0 0 0 0 0 0 0 0 0
"COL6A1" 0 -0.19 -0.02 0 0 0 0 0 0 0 0 0 0 0 0 0 0 0 0 -0.15 -0.02
"COL10A1" 0 -0.01 0 0 0 0 0 0 0 0 -0.02 0 0 0 0 0 0 0 0 0 0
"COL12A1" 0.11 0.04 0.01 0.03 0.14 0.25 0.03 0.32 0.15 0 0.18 0.15 0.25 0 0 0.22 0.37 0.11 0.11 0.09 0.13
"KLF6" -0.1 0 0 0 -0.02 0 0 0 0 -0.26 0 0 0 0 -0.1 0 0 0 0 0 -0.02
"CPS1" 0 0 0 0 0 0 0 0 0 0 0 0 0 0 0 0 0 0 0 0.01 0
"CRHR1" 0 -0.03 -0.33 -0.21 -0.08 -0.25 -0.2 -0.15 -0.39 -0.01 -0.25 0 -0.2 -0.15 -0.07 -0.29 -0.12 -0.33 -0.35 -0.08 -0.17
"CRIP2" -0.12 0 0 -0.14 -0.33 -0.09 -0.1 -0.24 -0.29 -0.29 -0.31 -0.38 -0.02 -0.11 -0.3 -0.49 -0.27 -0.02 -0.16 -0.32 -0.2
"CSNK1A1" 0 0 0 0 0 0 -0.3 0 0 0 0 0 0 0 0 0 -0.24 0 0 0 -0.03
"CSNK1D" 0 0 0 0 0 0 -0.02 0 0 0 0 0 0 0 0 0 0 0 0 0 0
"CTNND1" -0.1 0 0 0 0 0 0 0 0 0 0 0 0 0 0 0 0 0 0 0 -0.01
"CTPS1" 0 0 0 0 0 0 0 0 0 0.09 0 0 0 0 0 0 0 0 0 0 0
"DACH1" -0.02 -0.05 0 0 0 0 0 0 -0.05 0 0 0 0 0 0 0 -0.01 0 0 0 -0.01
"DAPK1" 0 0 0 0 0 0 0 0.08 0 0 0 0 0.74 0 0 0 0 0.05 0 0 0.04
"DHFR" 0 0 0 0 0 0 0 0 0 0 0 0 0 0 0 0 0 0 -0.01 0 0
"CYB5R3" 0 0 0 0 0 0 0 0 0 0 0 0 0 -0.27 0 0 0 0 0 0 -0.01
"DNAH6" 0 -0.13 0 -0.26 0 -0.05 0 0 0 -0.09 0 0 0 -0.1 -0.06 0 0 -0.26 -0.15 0 -0.05
"DPYSL2" 0 -0.02 0 0 0 0 0 0 0 0 0 0 0 0 0 0 0 0 0 0 0
"DR1" 0 0 0 -0.03 0 0 -0.04 -0.22 -0.21 0 -0.17 -0.21 0 -0.02 -0.14 -0.06 -0.04 0 0 -0.05 -0.06
"DYRK1A" 0.21 0 0 0 0 0.53 0.23 0 0.34 0.1 0.06 0.1 0.27 0.23 0 0 0.56 0.34 0 0.21 0.16
"EIF1AX" 0 0 0 0 0 0 0 0 0 0 0 -0.04 0 0 0 0 0 0 0 0 0
"ELAVL2" 0 0 0 0 0 0 0.07 0.06 0.22 0 0.15 0 0 0 0 0 0 0.1 0 0.25 0.04
"EML1" 0 -0.16 0 0 0 0 0 0 0 0 0 0 0 0 0 0 0 -0.1 0 0 -0.01
"EPB41L2" 0 0 0 0 0 0 0 0 -0.26 0 -0.36 0 -0.48 0 0 -0.19 0 0 0 0 -0.06
"EPHA3" 0 -0.13 -0.08 -0.25 -0.1 0 0 0 -0.22 -0.15 -0.17 -0.07 0 -0.16 0 0 -0.13 0 -0.04 -0.29 -0.09
"EPHA5" 0 -0.03 -0.1 0 -0.27 0 0 0 0 -0.19 -0.32 -0.21 0 0 0 0 0 0 0 0 -0.06
"EPHA7" 0 0 0.08 0.27 0 0 0 0 0.04 0 0 0 0.11 0 0.16 0 0 0.41 0 0 0.05
"ERG" 0 0.1 0.18 0.15 0 0.16 0 0 0.06 0.01 0.01 0.03 0.23 0 0.13 0.1 0 0.08 0.06 0.07 0.07
"EXT1" -1.39 -1.18 -0.67 -1.46 -1 -1.49 -1.16 -1 -1.06 -0.88 -0.28 -0.51 -1.07 -0.41 -0.84 -0.87 -0.89 -0.98 -1.43 -0.84 -0.97
"PTK2B" 0 0.25 0 0 0 0.34 0 0 0 0 0 0 0.42 0 0 0.04 0.19 0 0 0 0.06
"FKTN" 0 0 0 0 0 0 0 0 -0.02 0 0 0 0 0 0 -0.13 0 -0.04 0 0 -0.01
"FGF9" 0 0 0 0 0 0 0 0 0 0 0 0 0 0 0 0 0 0 0.07 0 0
"GPC5" 0.06 0.4 0 0.14 0 0.09 0 0 0.07 0 0.15 0 0.14 0 0.01 0 0.18 0 0.3 0.14 0.08
"FKBP5" 0.61 0.67 0.64 0.36 0.48 0.28 0.6 0.91 0.4 0.42 0.48 0.56 0.43 0.86 0.64 0.64 0.71 0.74 0.34 0.57 0.57
"GABPA" 0.03 0 0 0 0 0 0 0 0 0 0.08 0 0 0 0.02 0 0 0.05 0 0 0.01
"GABRA5" 0 0 0 0 0 0 0 -0.1 -0.07 -0.04 -0.17 0 0 0 0 -0.06 -0.14 0 -0.04 0 -0.03
"GABRB3" 0 0 0 0 0 0 0 0 -0.08 0 0 0 0 0 0 0 0 0 0 0 0
"GLB1" 0 0 0 0 0 0 0 0 0 0 0 0 0 0 0.01 0 0.01 0 0 0 0
"GLS" 0.31 0.2 0 0.04 0 0.07 0 0 0 0 0.41 0 0 0.53 0.71 0 0 0 0.1 0.55 0.15
"GLRX" 0 0 0 0 0 0 0 0 0 0.16 0 0 0 0 0 0 0 0 0 0 0.01
"GOLGA2" 0 0 -0.1 -0.01 0 -0.05 0 0 0 -0.05 0 0 0 0 0 0 0 0 0 0 -0.01
"GRID2" 0 0 0 0 0 0 0 0 0 0 0 0 0.28 0 0 0 0 0 0 0 0.01
"GTF2H2" 0 0 0 0 0 0 0 0 0 0 0 0 0 0 0 0 0 0 0 0.06 0
"GTF3C2" 0 0 0 0 0 0 0 0 0 0 0 0 0 -0.04 0 -0.09 0 0 0 0 -0.01
"GUCY1A1" 0 0 0 0 0 0 0 0 0 0 0 0 0 0 0 0 0 0 0 -0.01 0
"GYS1" 0 0 0 0 0 0 0 0 0 0 0 0 0 0 0 -0.06 0 0 0 0 0
"HADHB" 0 0.01 0 0 0 0 0 0 0 0 0 0 0 0 0 0 0 0 0 0 0
"HCRTR2" 0.04 0 0 0 0 0 0 0.04 0 0 0 0 0.01 0 0.13 0 0 0 0 0 0.01
"HELLS" 0.01 0 0 0 0 0 0 0 0 0 0 0 0 0 0 0 0 0 0 0 0
"HNRNPA2B1" 0 0.21 0.07 0 0 0 0 0 0 0 0 0 0 0 0 0 0 0 0 0 0.01
"AGFG1" 0 0 0 0 0 0 0.59 0 0 0.06 0.34 0.4 0 0 0.26 0.07 0.22 0 0 0.63 0.13
"HRH2" 0 0 0 0 0 -0.06 0 0 0 0 0 0 0 0 0 0 0 0 0 0 0
"HSF1" 0.04 0 0 0 0 0 0 0 0 0 0 0 0 0 0 0 0 0 0 0 0
"IL1RAP" 0 0 0 0 0 0 0 0 0 0 0 0 0 0 0 0 0.04 0 0 0 0
"IL7" 0 0 0 0 0 0 0 0 0 0 0 0 0 0 0 0 -0.12 0 0 -0.02 -0.01
"INPP5B" 0 0 0 0 0 0 0 0 0 0 0.02 0.07 0 0 0 0 0 0 0 0 0
"INSR" 0 0 0 0 0 0 0 0 0 0 0.09 0 0 0 0 0 0 0 0.04 0 0.01
"IRS1" 0.28 0.18 0.15 0.57 0.32 0.13 0.18 0 0.17 0.09 0 0.24 0 0.21 0.39 0 0.11 0.19 0 0.03 0.16
"JAK2" 0.14 0.3 0.16 0.27 0.2 0 0.44 0.05 0.57 0.23 0.51 0 0.49 0.11 0 0.36 0.4 0 0 0.37 0.23
"KCNC2" 0 0 0 0 0 0 0 0 0 0 0 0 0 0 0 0.26 0 0 0 0 0.01
"KCNC4" 0 0 0 0.12 0 0 0 0 0 0 0 0 0.03 0 0 0 0.03 0 0 0.05 0.01
"KCNF1" -0.17 0 -0.16 -0.05 0 0 0 -0.09 0 0 -0.22 -0.1 0 0 -0.19 -0.04 -0.34 0 -0.05 -0.09 -0.07
"KCNN1" 0 0 -0.1 0 0 0 0 0 -0.06 0 -0.1 0 -0.13 0 0 0 0 -0.26 -0.21 0 -0.04
"KIF5B" 0 0 0 0 0 0 0 0 0 0 0 0 -0.06 0 -0.1 -0.2 0 0 0 0 -0.02
"AFF3" 0.08 0 0 0.96 0 0 0 0 0 0.36 0 0.4 0 0 0 0 0 0 0.6 0 0.12
"LAMA2" 0 0 0 0 0 0 0 0 0 0 0 0 0 0 0 0 0.03 0 0 0 0
"LEPR" 0.02 0.2 0.28 0.14 0.12 0.21 0.27 0.3 0.19 0.15 0.18 0.34 0.3 0.11 0.18 0.16 0.15 0.4 0.31 0.2 0.21
"LIFR" 0 0 0 0 0 0.03 0 0 0 0 0 0.01 0 0.01 0.06 0.09 0.06 0.01 0.07 0 0.02
"ABLIM1" 0 0 0 0 0 0 0 0 0 0 0 0 0 0 0 0 0 0 0 0.03 0
"LMNB1" 0.1 0 0 0 0 0 0 0.17 0 0 0 0 0.01 0 0 0 0.21 0.04 0 0 0.03
"LMO7" -0.08 0 0 0 0 0 0 0 -0.01 0 0 0 -0.03 0 0 0 0 -0.02 0 -0.2 -0.02
"LRP6" 0 0 -0.01 -0.11 0 0 0 0 0 0 -0.02 0 0 0 0 0 0 0 -0.08 0 -0.01
"LSS" 0 0 0 0 0 0 0 0 0 0 0.2 0 0 0 0 0 0 0 0 0 0.01
"LY6H" 0 0 0 0 0 0 0 -0.03 0 0 0 0 0 0 0 0 0 0 0 0 0
"CAPRIN1" 0 0 0.08 0 0 0 0 0 0 0 0.37 0.46 0.03 0 0 0.14 0 0.16 0 0.18 0.07
"MAN2A2" 0 0.13 0 0.05 0 0 0 0.11 0.06 0.06 0 0 0 0 0 0 0 0 0.13 0 0.03
"MAP4" 0.39 0.34 0.23 0.69 0 0.63 0.2 0.32 0.61 0.66 0.59 0.5 0.61 0 0.73 0.44 0.43 0.56 0.31 0.96 0.46
"MAPT" 0 0 -0.32 0 0 0 -0.32 0 0 0 -0.1 0 0 0 -0.75 0 0 0 -0.21 0 -0.09
"MBNL1" 0.71 0 0 0 0 0 0 0 0 0.35 0 0.25 0 0 0 0 0 0 0 0 0.07
"MCC" -0.07 0 -0.35 0 0 0 0 0 -0.18 0 0 0 0 -0.01 0 -0.03 -0.06 -0.19 0 -0.13 -0.05
"ME1" 0 0 0 0 0 0 0 0 0 0 0 0 0 0 0 0 0 0 0.13 0 0.01
"MEF2A" 0 0.07 0 0 0 0 0 0 0 0 0 0 0 0 0 0 0 0 0 0 0
"MAP3K1" 0 0 0 0 0 0 0 0 0 0 0 0 0 0 0 0 0.01 0 0 0 0
"MET" -0.21 -0.08 -0.02 -0.11 -0.15 0 -0.33 -0.28 0 -0.1 -0.03 -0.18 -0.06 -0.29 0 -0.13 -0.11 -0.03 0 0 -0.11
"MGAT5" 0.12 0.79 0.73 1.08 0.76 1.31 0.49 0.75 0.96 0.42 0.75 0.92 0.81 0.46 0.8 0.97 0.12 0.72 0.6 0.85 0.72
"MGST2" 0.01 0.12 0 0 0.06 0.07 0 0 0 0 0 0.06 0.2 0.11 0 0.22 0.08 0.24 0.11 0.06 0.07
"AFF1" 0 0 0 0 0 0 0 0 0 0 0 0 0 0 0 0 0 0 0 0 0
"MMP17" 0 0 0 0 0 0 0 0 0 0 0 0 0 -0.04 0 0 0 0 0 0 0
"MNAT1" -0.76 -0.61 -0.7 0 -0.39 -0.78 0 0 -0.1 -0.17 -0.65 -0.45 -0.59 0 -0.74 -0.44 -0.27 0 -0.62 -0.7 -0.4
"MOCS2" 0 0 0 0 0 0 0 0 0 0 0 0 0 0 0 0 0.04 0 0 0 0
"MYO1B" -0.44 -0.38 -0.52 -0.33 -0.02 -0.43 -0.42 -0.1 -0.27 -0.41 -0.25 -0.08 -0.22 -0.21 -0.22 -0.42 -0.06 -0.15 -0.49 -0.23 -0.28
"MTF1" -0.3 -0.17 -0.21 -0.3 -0.26 0 -0.02 -0.53 -0.21 -0.26 -0.28 -0.16 -0.01 -0.11 0 -0.09 0 -0.23 -0.15 -0.12 -0.17
"MVD" 0 0 0 0 0 0 0 0 0 -0.01 0 0 0 0 0 0 0 0 0 0 0
"MYBPC1" -0.16 -0.03 0 -0.04 0 0 0 0 -0.1 0 0 0 -0.01 0 -0.01 -0.06 0 0 0 0 -0.02
"NAIP" 0 0 0 -0.09 -0.12 -0.08 0 0 -0.06 0 0 -0.17 -0.14 0 0 0 0 0 0 0 -0.03
"NEB" -0.12 -0.17 -0.19 -0.06 -0.14 -0.14 -0.13 -0.25 -0.39 0 -0.05 -0.05 0 -0.2 -0.02 -0.2 -0.15 -0.09 -0.16 -0.14 -0.13
"NDUFA10" 0.15 0.05 0 0.16 0.1 0 0.39 0 0.18 0 0.33 0.08 0.29 0.17 0.58 0.25 0 0 0 0.76 0.17
"DRG1" 0 0 0 0 0 0 0 -0.08 0 0 0 0 0 0 0 0 0 0 0 0 0
"NELL1" -0.46 -0.12 -0.22 -0.01 -0.01 0 -0.01 -0.22 -0.36 -0.01 -0.34 -0.45 -0.04 0 0 -0.39 -0.66 -0.04 -0.22 -0.4 -0.2
"NFRKB" -0.01 0 0 0 0 -0.01 0 0 0 0 -0.07 -0.1 0 0 0 -0.07 0 0 0 0 -0.01
"NFYB" 0 0 0 0 0 0.01 0 0 0 0 0 0 0 0 0.01 0 0 0 0 0 0
"NNAT" 0 0 0 0 -0.21 -0.01 0 -0.06 -0.19 0 -0.08 0 -0.08 -0.05 0 -0.05 -0.41 -0.07 -0.23 -0.09 -0.08
"NQO2" 0.08 0 0 0 0 0 0 0 0 0 0 0 0 0 0 0 0 0 0.03 0 0.01
"NNMT" 0.03 0.07 0 0 0 0 0 0 0 0 0.02 0 0 0 0 0.09 0 0 0 0 0.01
"NPY1R" 0 0 0 -0.03 0 0 0 0 0 0 -0.05 0 0 0 0 0 0 0 0 0 0
"NRGN" -0.72 -0.74 -1.18 -0.42 0 -0.51 -1.09 -0.42 -0.76 -0.54 -0.69 -1.12 -0.74 -0.79 -0.54 -1.23 -0.59 -1.2 -1.06 -0.42 -0.74
"NSF" 0 0 0 0 0 0 0 0 0 0 0 0 0 0 0 0 0 0 0 -0.01 0
"NTRK3" 0 0 0 0 0 0 0 0 -0.1 0 0 0 0 0 0 0 0 0 0 0 -0.01
"NUP98" 0 0 0 0 0 0 0 0 0 0 0.18 0 0 0 0 0 0 0 0 0 0.01
"OCA2" 0.1 0 0 0 0 0 0 0 0.01 0 0 0 0 0 0.01 0 0 0 0 0 0.01
"ODF2" 0 0.03 0 0.04 0 0 0 0 0 0 0 0 0 0 0 0 0 0 0 0 0
"OGG1" -0.3 0 0 0 0 -0.34 0 -0.19 0 0 -0.01 -0.05 0 0 0 -0.06 -0.1 0 0 0 -0.05
"OPA1" 0 0 0 0.16 0 0 0 0 0 0 0 0.25 0 0 0 0 0 0 0 0.01 0.02
"OPRM1" 0 0.19 0 0.08 0 0 0 0 0.13 0.03 0 0.13 0 0 0 0 0.01 0.22 0 0 0.04
"PA2G4" 0 0 0 0 0 0 0 0 0 0 0 0 0 0 0 0 0 0 -0.06 0 0
"PAK3" 0 0.1 0 0 0 0.22 0 0 0 0 0.86 0 0 0 0 0 0 0 0 0 0.06
"CHMP1A" -0.06 0 0 0 0 0 0 0 0 0 0 0 0 0 0 0 0 0 0 0 0
"PDE1C" -0.12 0 0 0 0 0 0 0 0 0 0 -0.08 0 0 0 0 0 0 0 0 -0.01
"GATB" 0 0 0 0.02 0 0 0 0 0 0 0 0 0 0 0 0 0 0 0 0 0
"PEX13" -0.2 0 0 0 0 0 0 -0.01 -0.13 0 0 0 0 0 -0.1 0 0 0 0 0 -0.02
"ATP8B1" 0 0 0 -0.38 0 0 0 0 0 0 0 0 0 0 -0.09 0 0 -0.04 0 0 -0.03
"PGM1" 0 0 0 0 0 0 0.01 0 0 0 0 0 0 0.17 0 0 0 0 0 0 0.01
"SERPINE2" 0 -0.1 -0.01 -0.23 0 -0.23 -0.06 -0.04 0 0 0 -0.32 -0.14 0 -0.03 0 -0.23 0 -0.1 -0.01 -0.07
"PIP4K2A" -0.16 -0.19 -0.15 -0.52 -0.6 -0.26 -0.42 -0.19 -0.01 -0.38 -0.17 -0.26 -0.03 -0.22 -0.31 -0.18 0 -0.28 -0.24 -0.06 -0.23
"PLA2G4A" 0 0 0 0 0 0 0 0 0 0 0 0 0.03 0 0 0 0 0 0 0 0
"PLEC" 0 0 0 0 0 0 0 0 0 0 0 0 0.02 0 0 0 0 0 0 0 0
"PLS1" 0 -0.08 0 0 0 0 0 0 0 0 -0.04 0 0 0 0 0 0 0 -0.14 0 -0.01
"PMM2" 0 0 0 0 0 0 0 0 0 0 0 0 0 0 0 0 0 0 0 0 0
"EXOSC10" 0 0 0 0 0 0 0 -0.27 0 0 0 0 0 0 -0.07 0 0 0 0 0 -0.02
"UBL3" 0 0 0 0.09 0.25 0.1 0.57 0 0.02 0 0 0.15 0.24 0.05 0 0 0 0.09 0 0 0.08
"POR" -0.23 -0.46 -0.21 -0.26 -0.04 -0.16 -0.21 -0.19 -0.25 -0.05 -0.07 0 -0.19 -0.06 -0.08 -0.16 0 -0.35 0 -0.27 -0.16
"PPP1R10" 0 0 0 0 0 0 0 0 0 0 0 0 0 0 0 0 0.02 0 0 0 0
"PPP2R2A" 0 0 0 0 0 0 0 0 0 0 0 0 0 0 0 -0.2 0 0 0 0 -0.01
"PPP2R2B" 0 0 0 0 0 0 0 -0.31 0 -0.18 0 0 0 0 0 0 0 0 0 0 -0.02
"PPP2R2C" 0 0 0 0 0 0 0 0 0 0 0 0 -0.04 0 -0.66 0 0 0 0 0 -0.04
"PRKACB" 0 0 0.43 0.2 0 0 0.39 0 0.54 0.05 0 0 0 1.03 0 0.45 0.2 0.28 0.11 0.1 0.19
"PRKCB" -0.78 -0.45 -0.3 -0.91 0 0 0 -0.12 -0.57 -0.47 -0.4 -0.04 -1.65 -0.23 -0.49 -0.39 -0.32 0 0 0 -0.36
"PRKCG" 0 0 0 0 0 0 0 0 0 -0.03 0 0 0 -0.06 0 -0.06 0 0 0 0 -0.01
"PKN2" 0 0 0 0 -0.19 0 0 0 0 0 -0.02 0 -0.18 0 0 0 0 0 0 0 -0.02
"PRKG2" -0.39 -0.17 -0.17 -0.21 0 -0.23 -0.21 -0.24 0 -0.08 -0.2 -0.16 -0.25 -0.07 -0.15 -0.29 -0.32 -0.28 -0.22 -0.07 -0.19
"MAPK4" 0 -0.13 0 0 0 0 0 -0.02 0 0 0 0 0 0 0 0 0 0 0 0 -0.01
"MAPK8" 0 0 -0.11 0 0 0 0 -0.28 -0.26 0 0 -0.26 0 0 0 0 0 0 0 0 -0.05
"LGMN" 0 0 0 0 0 0 0 0 0 0 0 0 0 0 0.15 0 0 0 0 0 0.01
"PSEN1" -0.12 0 0 0 -0.3 -0.02 0 -0.29 0 0 0 -0.04 0 0 0 -0.14 0 0 -0.03 0 -0.05
"PSMD4" 0.03 0.05 0.25 0 0 0 0.16 0 0 0.03 0.16 0 0.17 0 0 0 0.26 0.25 0 0 0.07
"PTCH1" 0 0 0 0 0 0 0 0 0 0 0 0 0 0 0 0 0 0 0 0 0
"PTMS" 0 0 0 -0.09 -0.23 0 -0.12 0 0 0 0 -0.03 0 0 0 0 0 0 0 0 -0.02
"PTPN14" 0 0 0 0 0 0 0 0 0 0 0.17 0 0 0 0 0.22 0 0 0 0 0.02
"PTPRA" 0 0 0 0 0 -0.28 0 0 0 0 0 0 0 0 0 0 0 0 0 0 -0.01
"PTPRD" 0 0 0 0 0 0 0 0 0 0 -0.26 0 0 0 0 -0.32 0 0 0 0 -0.03
"PTPRR" 0 -0.45 0 0 0 0 0 0 0 0 -0.08 0 0 0 0 0 0 0 0 0 -0.03
"NECTIN1" 0 -0.01 0 -0.2 0 0 0 0 0 -0.09 -0.12 0 -0.22 0 -0.14 -0.06 -0.15 0 -0.26 -0.05 -0.06
"ABCD3" 0 0 0 0 0 0 0 0 0 -0.04 0 0 -0.22 0 0 0 0 0 0 0 -0.01
"RAF1" 0 0 0 0 0 0 0 0 0 0 0 0 0 0 0 0 -0.02 0 0 0 0
"RAP1GDS1" 0 0 -0.41 0 0 0 -0.03 0 0 0 0 0 -0.19 -0.56 0 0 -0.02 -0.28 0 0 -0.07
"RARRES1" 0 0 0 0 0 0 0 0 0 0 0 0 0 0 -0.13 0 0 0 0 0 -0.01
"RASA2" 0.48 0 0 0.09 0 0 0.22 0 0 0 0.13 0.89 0.02 0 0 0 0.44 0 0.48 0.25 0.15
"RBMS1" 0 0 0 0 0 0 0 0 0 0.28 0 0 0 0 0 0 0 0 0 0 0.01
"RFC3" 0 0 0 0 0 0 0 0 0 0 -0.08 0 0 0 0 0 0 0 0 0 0
"RFX2" 0 0 0 0 0 0 0 0 0 0 0 0 0 0 0.12 0 0 0 0 0 0.01
"RFXAP" 0 0 0 0 0 0 0 0 0 0 0 0 0 0 0 0 0.12 0 0 0 0.01
"RGS7" 0 0 -1.11 0 0 -0.32 0 0 0 0 0 -0.52 0 -1.07 -0.09 -0.88 -0.68 0 0 0 -0.23
"BRD2" 0 0 0 0 0 0 0 0 0 0 0.18 0 0 0 0 0 0 0 0 0 0.01
"ROBO1" 0 0 0 0 0 0 0 0.03 0.17 0 0.17 0 0.05 0 0.08 0.1 0 0 0 0.24 0.04
"RPL7" -0.06 0 0 0 0 0 0 0 0 -0.05 0 0 0 0 -0.07 0 0 0 -0.14 0 -0.02
"RPN1" 0.43 0.22 0.46 0.18 0 0.16 0.11 0.25 0.54 0.31 0.41 0.56 0.34 0 0.18 0.21 0.27 0.24 0.15 0.47 0.28
"RPS6KA2" 0 0 0 0 0 0 0 0 0 0 0 0 0.13 0 0 0 0 0.02 0 0 0.01
"RPS12" -0.22 -0.24 -0.23 -0.75 -0.46 -0.33 -0.52 -0.07 -0.31 -0.47 -0.03 -0.3 -0.31 -0.31 -0.24 -0.32 -0.28 -0.27 -0.27 -0.45 -0.32
"RPS20" 0 0 0 0 0 -0.04 0 0 0 0 0 0 -0.14 0 -0.03 0 0 0 0 0 -0.01
"RPS25" 0 0 0 0 0 0 0 0 0 0 0 0 0 0 -0.05 0 0 0 0 0 0
"RYR3" 0 -0.11 0 0 0 -0.04 0 0 -0.1 0 0 0 0 0 0 0 0 0 -0.02 -0.22 -0.02
"SORT1" 0.22 0.17 1.02 0 0 0.74 0.54 0.18 0.67 0.4 0.99 0.4 0.36 0.32 0.41 0.87 0 0.5 1.04 0.84 0.48
"ATXN2" 0 -0.1 0 0 0 0 0 0 -0.18 0 0 0 0 0 0 0 -0.07 0 0 0 -0.02
"CX3CL1" 0 0 -0.03 0 -0.04 0 0 0 0 0 -0.02 0 0 -0.08 0 0 0 0 0 0 -0.01
"SFSWAP" 0 0 0 0 0 0 0 0 0 0 -0.02 0 0 0 0 0 0 0 0 0 0
"SH3BGRL" 0 0 0 0 0 0 0 0 0 0.08 0 0 0 0 0 0 0 0 0 0 0
"SH3GL2" 0 0.51 0.03 0 0 0.58 0 0.32 0.43 0 0.33 0.77 0.06 0 0 0.09 0 0.35 0 0.45 0.2
"SH3GL3" -0.38 0 -0.41 0 -0.24 -0.68 -0.16 0 -0.55 0 -0.28 -0.08 0 0 -0.57 0 0 0 -0.2 -0.52 -0.2
"SIAH2" 0 0 0 0 0 0 0 0 0 0 0 0 0 0 0 0 0.2 0 0 0 0.01
"SLC1A2" -0.02 -0.28 -0.35 0 -0.05 -0.27 0 -0.46 -0.16 0 -0.03 -0.18 -0.38 -0.25 0 -0.17 -0.16 -0.09 0 -0.11 -0.15
"SLC8A2" 0 0 0 0 0 0 0 0 0 0 0 -0.02 0 0 0 0 0 0 0 0 0
"SLC20A1" 0 0 0 0 0 0 0 0 0 0 0 0 0 0.13 0 0 0 0 0 0 0.01
"SNCB" -0.06 0 0 0 0 0 0 0 0 0 0 0 0 0 0 0 0 0 0 0 0
"SOS2" 0 0 0 0 0 0 0 0 0.26 0 0 0 0 0 0 0 0 0 0 0.3 0.03
"SPAG1" 0 0 0 0 0 0 0 0 0 0 0 0 0 0 0 0 0 0 0 0 0
"SQLE" -0.15 -0.17 0 -0.03 -0.12 -0.05 -0.22 -0.24 -0.13 -0.04 -0.23 -0.05 -0.14 -0.18 -0.1 -0.36 0 0 0 -0.02 -0.11
"SREBF2" 0 0 -0.21 0 0 -0.13 0 0 0 0 0 0 0 0 0 0 0 0 -0.19 0 -0.03
"STAT3" 0.02 0 0 0 0 0 0 0 0 0 0 0 0 0 0 0 0 0 0 0 0
"STAT4" 0.26 0.37 0.4 0.5 0.18 0.26 0.53 0.13 0.41 0.3 0.49 0.24 0.55 0.24 0.44 0.36 0.15 0.37 0.62 0.41 0.36
"STK4" 0 0 0.18 0.05 0.27 0.05 0.1 0 0.06 0.13 0.39 0 0.43 0.24 0.28 0 0.37 0.33 0 0.61 0.17
"STX1A" 0 0 0 -0.18 0 0 0 0 0 0 0 0 0 0 0 0 0 0 0 0 -0.01
"VAMP1" 0 0 0 0.25 0 0 0.09 0.16 0.03 0.29 0.06 0 0 0.07 0 0 0.03 0.14 0 0.09 0.06
"TAF2" -0.37 -0.26 -0.39 -0.46 -0.09 -0.02 -0.28 -0.29 -0.32 -0.08 -0.31 -0.47 0 -0.4 -0.29 -0.51 -0.32 -0.5 -0.42 -0.44 -0.31
"TAF11" 0 0 0 0 0 0 0 0 0 0 -0.01 0 0 0 0 0 0 0 0 0 0
"TBP" 0 0 0 0 0 0 0 0 0 0 0 0 0 0 0 0 -0.06 0 0 0 0
"TGFBR1" -0.12 0 0 0 0 0 0 0 0 0 0 0 -0.03 0 0 0 -0.03 0 0 0 -0.01
"TIMP2" 0 0 0 0 0 0 0 0 0 0 0 0 0 0 -0.05 0 0 0 0 0 0
"TJP1" 0 0 0 0 0 0 0 0 0 0 0 0 0 0 0 0 0 0 0 0.1 0
"TLE4" 0.04 0 0 0.14 0 0 0 0 0 0 0 0 0 0 0.26 0 0 0 0 0 0.02
"GPR137B" 0 0.04 0 0 0 0 0 0 0 0.02 0 0 0 0.11 0.1 0 0 0 0 0.25 0.03
"TRAPPC10" 0 0 0 0 0.04 0 0 0 0 0 0 0 0 0 0 0 0 0 0 0 0
"TMF1" 0.04 0 0.18 0 0.28 0 0 0 0.13 0 0 0.17 0.09 0.19 0 0.37 0.2 0 0.04 0.16 0.09
"TMPO" 0.02 0 0 0 0 0 0 0 0 0 0 0 0 0 0 0 0.03 0 0 0 0
"TPD52L1" 0.07 0 0 0.01 0 0.03 0 0 0 0 0 0 0 0 0 0 0 0 0 0 0.01
"TRPC3" 0 0 0 0 0 0 0 0 0 0 0 0 0 0 0 0 0 0 0 0.09 0
"TRPC4" 0 0 0 0 0 0 0 0 0 -0.12 -0.11 -0.06 0 0 -0.13 -0.16 -0.02 0 -0.09 -0.12 -0.04
"TTC3" 0.39 0 0 0.65 0 1.09 0 0.29 0.3 0 1.95 0.31 0.62 0 0.75 0 1.04 0.66 0.7 0.75 0.47
"TUB" 0 0 0 0 0 0 0 0 0.03 0 0 0 0 0 0 0 0 0 0 0 0
"TTR" -0.46 -0.32 -0.23 -0.1 -0.28 -0.21 -0.28 -0.24 -0.26 -0.29 -0.41 -0.27 -0.23 -0.28 -0.4 -0.29 -0.44 -0.36 -0.34 -0.14 -0.29
"HIRA" 0 0 0.08 0 0 0 0 0.05 0 0 0 0 0.05 0 0.14 0 0.18 0.2 0 0 0.03
"UBE2E1" 0 0 0 0 0 0 0 0 0 0 0.04 0 0 0 0 0 0 0 0 0 0
"UBP1" 0 0 0 0 0 0 0.06 0 0 0 0 0 0 0 0 0 0 0 0 0 0
"UCHL3" 0 0 0 0 0 0 0 0 0 0 0 -0.13 0 0 0 0 0 0 0 0 -0.01
"USP4" 0 0 -0.12 0 0 0 0 0 0 0 0 0 0 0 0 0 0 0 0 0 -0.01
"UQCRFS1" 0 0 0 0 0 0 0 0 0 0 0 0 0 0 -0.04 0 0 0 0 0 0
"VRK1" 0 -0.04 0 0 0 0 0 0 0 0 0 0 0 0 0 0 0 0 0 0 0
"WNT2B" 0 0 0 0 0 0 0 0 0 0 0 0 0.1 0 0 0 0 0 0 0 0
"XPNPEP1" 0 0 0 0 0 0 0 0 0.06 0 0 0 0 0 0 0 0 0 0 0 0
"XRCC1" 0 0 0 0 0 0 0 -0.01 0 0 0 0 0 0 0 0 0 0 0 0 0
"YY1" 0 0 0 0 0 0 0 0 0 0 0 0 -0.27 0 0 0 0 0 0 0 -0.01
"CNBP" 0 0 0.09 0 0 0 0 0 0 0 0 0.04 0 0 0 0 0 0 0 0 0.01
"ZBTB16" 0 0 0 0 0 0 0 0 0 0 0 0 0 0 0 0 0 0.19 0 0 0.01
"ZNF146" -0.12 0 0 0 0 0 0 0 0 0 0 0 0 0 0 0 0 0 0 0 -0.01
"TRIM26" 0 0 0 0 0 0 0 0 0 0 0 0 0 0 0 0 0 0 -0.04 0 0
"ZNF213" -0.02 0 0 0 0 0 0 0 0 0 0 0 0 0 -0.09 0 0 0 0 0 -0.01
"ZNF224" 0 0 0 0 0 0 0 0 0 0 0 0 0 0 -0.08 0 0 0 0 0 0
"LRP8" 0 0 0 0 0 0 0 0 0 0 0 0 0 0 0 0 0.02 0 0 0 0
"DAP3" 0 0 0 0 0 0 0 0 0 0 0 0 0 0 0 0 -0.17 0 0 0 -0.01
"USP7" 0 0 0 0 0 0 0 0 0 0 0 0 0 0 0.02 0 0 0 0 0 0
"ALDH5A1" 0 0 0 0 0 0 0 0 0 0 0 0 0.07 0 0 0 0 0 0 0 0
"ST7" 0 0 0 0 0 0 0 0 0 0 -0.01 0 0 0 -0.16 0 0 0 0 0 -0.01
"KMT2D" -0.13 -0.25 0 0 -0.06 -0.07 0 -0.05 0 -0.36 0 -0.16 0 -0.23 0 0 -0.27 0 0 -0.35 -0.1
"DPF1" 0 0 0 0 0 -0.08 0 -0.13 -0.1 0 0 0 0 -0.48 0 0 0 0 0 -0.06 -0.04
"CLTCL1" -0.03 0 0 0 0 0 0 0 0 0 0 0 0 0 0 0 0 0 0 0 0
"PUDP" 0 0 0 0 0 0 0 0 0 0 0 0 0 0 0 0.03 0 0 0 0 0
"USP9X" 0 0 0 0.08 0 0 0 0 0 0.12 0 0 0 0 0 0 0 0 0 0 0.01
"RBM10" 0 0 0 0 0 0 0 0 0 0 0 0 0 0 0 0 -0.05 0 0 0 0
"KDM5D" 0 0 0 0 0 0 0 0 0 0 0 0 0 0 0 0 0 0 0 0 0
"ARID1A" -0.15 -0.3 -0.26 0 0 -0.15 0 0 -0.12 0 -0.29 -0.13 0 -0.02 0 0 0 0 -0.29 -0.07 -0.09
"PIP5K1B" 0 0 -0.13 0 0 0 0 0 -0.2 0 -0.11 0 0 0 -0.36 0 0 0 0 0 -0.04
"STX7" 0 0 0 0 0 0 0 0.54 0 0 0.02 0.12 0 0 0 0 0 0 0 0 0.03
"LTBP4" 0 0 0 0 0 0 0 0 0 0 -0.13 0 0 0 -0.12 0 -0.03 -0.01 0 0 -0.01
"SMARCA5" -0.69 -0.51 -0.21 -0.33 -0.34 0 -0.04 -0.3 -0.04 -0.55 -0.24 -0.02 -0.31 0 -0.31 -0.45 -0.45 0 -0.24 -0.49 -0.28
"OFD1" 0 0 0 0 0 0 0 0 0 0 0 0 0 0 0 0 0.09 0 0.06 0.09 0.01
"PARG" 0 -0.14 0 -0.11 -0.03 -0.13 0 0 0 0 0 0 0 0 0 0 0 0 0 0 -0.02
"ELP1" 0 0 0 0 0 0 0 0 0 0 0 0 0 0 0 0 0.11 0 0 0 0.01
"CAMK1" 0 0 0 0 0 0 0 0 0 0 0 0 0 -0.03 0 0 0 0 0 0 0
"PPFIA3" 0 0 0 0 -0.38 0 -0.22 0 -0.34 0 0 -0.06 0 -0.13 -0.11 -0.13 -0.28 0 0 0 -0.08
"LMO4" -0.71 -1.1 -1 -0.71 -0.68 -0.57 0 -0.55 -0.62 -0.43 -0.96 -0.22 -0.16 0 -0.73 0 -0.73 -0.72 -0.62 -0.28 -0.54
"BHLHE40" 0 0 0 0.14 0 0 0 0 0 0 0 0 0 0 0 0 0 0 0 0 0.01
"PRPF18" -0.25 -0.12 -0.04 -0.07 0 -0.01 -0.1 -0.05 0 -0.2 -0.11 0 0 0 0 -0.15 -0.43 -0.03 0 -0.01 -0.08
"DEGS1" 0 0 0 0 0 0 0 -0.12 0 0 0 -0.02 0 0 0 0 0 0 0 0 -0.01
"PRKRA" 0 0 0 0 0 0 0 0 0 0 0 0 0 0 0 0 0 0 0 0 0
"RUVBL1" 0 0 0 0 0 0 0 0 0 0 0 0 0 0 0 0 0.01 0 0 0 0
"DDX3Y" 0 0.09 0.05 0 0.02 0.03 0.03 0 0 0.04 0.13 0 0.2 0 0.22 0 0.07 0 0 0.07 0.05
"SLC4A4" 0 -0.04 0 0 0 0 0 0 0 0 0 0 0 0 0 0 0 0 0 0 0
"PEA15" 0 0 0 0 -0.38 0 0 -0.39 -0.02 0 0 0 0 -0.13 0 -0.04 0 0 -0.11 0 -0.05
"CDC23" 0 0 0 0 0 0 0 0 0 0 -0.06 0 -0.02 0 -0.02 0 0 0 0 -0.1 -0.01
"B4GALT4" 0 0 0 0 0 0 0 0 0 0 0 0 0 0 -0.01 0 0 0 0 0 0
"EED" 0 0 0 0 0 0 0 0 0 0 0 0 0 0 0.1 0 0 0 0 0 0.01
"CTNNAL1" 0 0 0 0 0 0 0 0 0 0 0 0 0 0 0 0 0 0 -0.09 0 0
"NAPG" 0 0 0 0 0 0 0 0 0 0 0 0 0 0 0 0 0 0 0.13 0 0.01
"NAPA" 0 0 0 -0.17 -0.06 -0.34 0 0 -0.1 0 -0.17 0 0 0 -0.12 0 0 0 0 -0.12 -0.05
"CCNK" 0 0 0 0 0 0 0 -0.11 -0.1 0 0 0 0 0 0 0 -0.08 0 0 0 -0.01
"DPM1" 0 -0.44 -0.13 -0.38 0 -0.13 -0.04 -0.01 -0.27 0 -0.23 0 -0.3 -0.06 -0.21 -0.14 0 0 0 -0.15 -0.12
"INPP4B" 0.47 0.07 0.13 0 0.64 0 0.09 0.17 0 0.33 0 0 0 0 0.16 0 0.33 0 0 0 0.12
"LIN7A" 0 0 0 0 0 0 0 0 0 0 0 0 0 0 0.16 0 0 0 0 0 0.01
"NRP1" 0 0 0 0 0 0 0 0 0 0 0 0 0 0 0 0 0 0 0 0 0
"SYNGAP1" 0 -0.2 -0.25 0 -0.05 0 -0.06 -0.04 -0.34 0 0 0 0 0 -0.08 0 0 0 -0.04 0 -0.05
"KAT2B" 0 0 0 0 0 0 0 0 0 0 0 0 0.01 0 0 0 0 0 0 0 0
"PER2" 0 0 0 0 -0.1 0 0 0 0 0 0 0 0 0 0 0 0 0 0 0 0
"CACNA1G" 0 0 0 0 0 0 0 0 0 0 0 0 -0.01 0 0 0 0 0 0 -0.05 0
"HERC3" 0 0 0.04 0 0 0.13 0 0 0 0 0 0 0 0 0 0 0 0 0 0 0.01
"WASL" 0.43 0.3 0.14 0.04 0.26 0.04 0.37 0.27 0.46 0.31 0.1 0.89 0 0 0.31 0.63 0.02 0 0.21 0.11 0.24
"ATP6V0E1" 0 0 0 0 0 0 0 0 0 0 0.05 0 0 0 0 0 0 0 0 0 0
"UBA3" 0.28 0 0 0 0 0 0 0 0 0 0 0 0 0 0 0 0 0 0 0 0.01
"SLC7A6" 0 0 0 0 0 0 -0.03 0 0 0 0 0 0 0 0 0 -0.33 0 0 0 -0.02
"PIAS2" 0 0.77 0 0 0 0.4 0 0.19 0.2 0 0 0.69 0 0 0 0 0 0 0.23 0 0.12
"CLDN12" 0 0 0 0 0 0 0 0 0 0 0 0 -0.12 0 0 0 0 0 0 0 -0.01
"ASH2L" 0 0 0 0 0 0 0 0 0 0 0 0 0 0 -0.11 0 0 0 0 0 -0.01
"MTA1" 0 0 0 0 0 0 0 0 0 0 0 0 0 0 0 0 0 0 -0.01 0 0
"PRPF3" 0 -0.22 0 -0.01 0 0 0 0 -0.31 0 0 -0.05 -0.03 0 0 -0.01 -0.31 -0.19 0 -0.05 -0.06
"ATG12" 0 0.1 0 0 0 0 0 0 0 0 0.16 0 0 0 0 0.16 0.1 0 0 0.17 0.03
"CTDP1" 0 0 0 0 0 0 0 0.03 0 0 0 0 0 0 0 0 0 0 0 0 0
"DGKI" 0 0 0 0 0 -0.26 0 0 0 0 0 0 -0.05 0 0 0 0 0 0 -0.1 -0.02
"MYOM2" 0 0 0 0.17 0 0.02 0 0.08 0.01 0 0.01 0 0 0 0 0 0.07 0 0 0 0.02
"HTR3B" 0 0 0 0 0 0 0 0 0 0 0 0 0 0 0 0 0 0 0 0 0
"REPS2" 0.15 0 0 0 0 0 0 0.29 0 0 0 0 0 0 0 0 0 0 0 0 0.02
"DDX21" 0.11 0 0 0 0 0 0 0 0 0 0 0 0.02 0 0.15 0 0.18 0.17 0 0 0.03
"DCLK1" 0 0 -0.66 0 0 0 0 0 -0.57 0 0 0 0 0 0 0 0 0 0 0 -0.06
"LGI1" -0.29 0 0 0 0 0 0 0 0 0 0 0 0 0 0 0 0 0 0 0 -0.01
"MAGI1" -1.21 -0.92 -0.71 -1.32 -1.3 -1.36 -1.9 -1.5 -0.99 -1.76 -1.34 -1.32 -1.37 -1.33 -1.35 -1.14 -1.01 -1.31 -2.2 -1.37 -1.34
"RAB11B" 0 0 0 0 0 0 0 0 0 0 0 0 0 0 0 0 0 0 0 -0.09 0
"RPS6KA5" 0 0 0 0 0 0 0 0.26 0 0 0 0 0 0 0.04 0 0 0 0.03 0 0.02
"NUMBL" 0 0 0 0 0 0 0 0 0 0 0 0 0.05 0 0 0 0 0 0 0 0
"SRSF11" 0.39 0 0 0 0 0 0 0 0 0 0 0 0 0 0.21 0 0 0 0 0 0.03
"SOCS6" -0.18 0 0 0 0 0 0 0 0 0 0 0 0 0 0 0 0 0 0 0 -0.01
"NREP" -0.42 -0.16 -0.15 -0.43 0 -0.23 -0.01 0 -0.08 -0.18 -0.26 -0.13 -0.34 0 0 0 -0.34 -0.4 -0.52 -0.47 -0.21
"NRXN2" 0 0 0 0 0 -0.22 0 0 0 0 0 0 0 0 0 0 0 0 0 0 -0.01
"TGFBRAP1" 0 0 0 0 0 0 0 0 0 0 0 0 0 0 0.08 0 0 0 0 0 0
"ARHGAP29" -0.07 0 0 0 0 0 0 0 0 0 0 0 0 0 0 0 0 0 0 0 0
"MED23" 0 0 0 0 0 0 0 0 0.07 0.11 0 0 0 0 0.2 0.27 0.3 0 0 0.06 0.05
"HOMER1" 0 0 0 0 -0.12 0 0 0 0 0 0 0 0 0 0 0 0 0 0 0 -0.01
"ARHGEF6" 0 0 0 0 0 0 0 0 0 0 0 0 0.17 0 0 0 0 0 0 0 0.01
"EIF4E2" 0 0 0 0 0 0 0 0 0 0 0 0 0 0 -0.06 0 0 0 0 0 0
"ONECUT2" 0 0 0 0 0 0 0 0 -0.08 0 0 0 0 0 0 0 0 0 0 0 0
"SLC25A27" 0 0 0 0 0 0 0 0 0 0 0 0 0 0.04 0 0 0.01 0.2 0 0 0.01
"CHST10" 0 0 0 0 0 0 0 0 0 0 -0.09 0 0 0 0 0 0 0 0 0 0
"PGS1" 0 0 0 0 0 0 0 0 0 0 0 -0.13 0 0 0 0 0 0 0 0 -0.01
"AKAP5" 0 0 -0.22 0 0 0 0 -0.02 0 0 0 0 -0.13 0 0 0 -0.02 0 -0.07 0 -0.02
"TECR" 0 -0.11 0 -0.08 -0.02 -0.01 -0.11 0 -0.06 0 0 0 0 -0.09 0 0 0 0 -0.23 0 -0.04
"VPS4B" 0 0 -0.01 0 -0.15 0 0 0 0 0 0 0 -0.08 0 0 0 0 0 0 0 -0.01
"EI24" 0 0 0 0 0 0 0 0 0 0 -0.12 0 0 0 0 0 0 0 0 0 -0.01
"ABCG1" 0 -0.01 -0.12 0 0 0 0 0 0 0 0 0 0 0 0 0 0 0 0 0 -0.01
"ZNF592" 0 0 0 0.02 0 0 0.02 0 0 0 0 0 0 0 0 0 0 0 0.09 0 0.01
"MICAL2" 0 -1.25 -0.66 -0.32 -0.22 0 0 -0.46 -0.7 0 -0.36 -0.68 -0.61 -0.06 -0.32 0 -1.03 -0.79 0 -0.71 -0.41
"ZNF516" 0 0.11 0 0 0 0 0 0 0 0 0 0 0 0 0 0 0.12 0 0 0 0.01
"PDE4DIP" -1.73 -1.29 -0.68 -1.24 -0.96 -1.02 -1.04 -1.33 -1.31 -1.61 -1.58 -1.22 -1.02 -0.95 -1.5 -0.86 -1.84 -1.64 -1.37 -0.93 -1.26
"ZNF432" 0 0 0 0 0 0 0 0 0 0 0 0 0 -0.04 0 0 0 0 0 0 0
"SDC3" 0 0 0 0 0 0 0 0 0 0 0 0 0 0 0 0 0 -0.1 0 0 -0.01
"UBE3C" 0 0 0 0 0 0 0 0 0 0 0 0 0 -0.08 0 0 0 0 0 0 0
"EDEM1" 0 0 0 0 0 0 0 0 0 0 0 0 0.03 0 0.15 0 0 0 0 0 0.01
"SEC14L5" 0.11 0 0 0 0 0 0 0 0 0 0 0 0 0 0 0 0 0 0 0 0.01
"SEMA3E" 0 0 0 0 0 0 0 0 0 0 0 0 0 0 0 0 0 0.01 0 0 0
"KNTC1" 0 0 0 0 0 0 0 0 0 0 0 0 0 0 0.1 0 0 0 0 0 0
"MLEC" -0.08 0 0 -0.05 0 0 0 0 0 0 0 0 0 0 0 0 0 0 0 0 -0.01
"CTIF" 0 0 0 0.16 0 0 0 0 0 0 0.19 0 0 0 0 0 0.01 0 0 0 0.02
"TSC22D2" 0 0 0 0 0 0 0 0 0 0 0 0 0 0 0.09 0 0 0 0 0 0
"PLEKHM1" 0 0 0 0 -0.1 0 0 0 0 0 0 -0.07 -0.09 0 -0.26 -0.1 -0.22 0 0 0 -0.04
"CEP170" 0 0 0 0 0 0 0 0 0 0 0 0 0 0 0 0 0 0 0 -0.07 0
"MAGI2" 0.72 0.23 0.7 0.42 0 0.76 0.8 1.11 0.52 0.82 0.94 1.35 0.89 0.97 0.94 1.54 0.56 1.52 1.56 1.19 0.88
"URB1" 0 0 0 0 0 -0.14 0 -0.28 0 0 -0.15 0 -0.34 0 -0.03 -0.03 0 -0.24 0 0 -0.06
"DDX46" 0 0 0 0 0 0 0 0 0 0 -0.45 0 0 0 0 0 0 0 0 0 -0.02
"TBC1D4" 0 0 0 0 0 0 0 0 0 0 0 0 0 0 0 0.02 0 0 0 0 0
"PLPPR4" 0 0 0 0 0 0 0 0 0 0 0 0 -0.25 0 0 0 0 0 0 0 -0.01
"SRGAP3" -0.28 -0.59 -0.43 0 0 -0.01 0 0 0 -0.11 0 0 0 -0.14 0 -0.19 0 -0.56 0 0 -0.12
"HELZ" 0.6 0.14 0 0 0 0 0 0 0 0 0 0 0 0 0 0 0 0 0 0 0.04
"ARHGAP25" 0 0.08 0.02 0.15 0 0.09 0 0 0.13 0 0 0 0 0.21 0.06 0.15 0.09 0 0 0.23 0.06
"XYLB" 0 0 -0.06 0 -0.07 0 0 -0.04 -0.01 -0.12 0 -0.16 -0.14 0 0 0 0 -0.08 0 -0.08 -0.04
"GOLGA5" 0 0 0 0 0 0 0 0 0 0 0 0 0 0 0 0 0 0 0 0.05 0
"THRAP3" 0 0 0 0 0 0 0 0 0 0 0 0 0 0 0 -0.04 0 0 0 0 0
"NUP153" -0.09 0 -0.19 0 0 0 0 0 0 -0.05 0 0 -0.05 0 -0.4 0 0 0 0 -0.27 -0.05
"HNRNPDL" 0 0 0 0.08 0 0 0 0 0 0 0 0 0 0 0 0 0 0 0 0 0
"DMTF1" 0 0 0.04 0 0 0 0 0 0 0.04 0 0.01 0.08 0.09 0 0 0 0 0 0 0.01
"ATP9A" 0.46 0.04 0 0 0 0 0 0 0 0 0 0 0 0 0.66 0 0 0 0 0 0.06
"TSPAN5" 0 0 0 0 0 -0.28 0 0 -0.04 0 0 0 0 0 -0.86 -0.05 -0.69 -0.16 0 -0.12 -0.11
"CTDSP2" 0 0 0 0 -0.16 0 0 0 0 0 0 -0.08 -0.01 0 0 0 0 0 0 0 -0.01
"PLXNC1" 0 0.09 0 0 0 0 0 0 0 0 0 0 0 0 0 0 0 0 0 0 0
"ZNF197" 0 0 0 0 0 0 0 0 0 0 0 0 0 0 0.25 0 0 0 0 0 0.01
"RBM6" 0 0 0 0 0 0 0 0 0 0 0 0 0 0 -0.24 0 0 0 0 0 -0.01
"LHFPL6" 0 0 0 0 0 0 0 0 0 0 0 0 0 0 0 0 0 0 0 0 0
"RCAN2" 0 0.22 0.5 0 0.34 0.31 0.32 0 0.11 0 0.12 0 0.35 0.08 0.47 0.28 0.27 0.12 0.69 0 0.21
"ABCA9" 0 0 0 0 0 0 0 0 0 0 0 0 0 0 0 0 -0.03 0 0 0 0
"SEMA3A" 0.35 0.34 0.33 0.25 0.13 0.25 0.04 0.15 0 0.21 0.33 0.06 0.14 0.03 0.34 0.19 0.04 0.13 0.19 0.17 0.18
"TUBB3" -0.34 0 0 -0.2 0 -0.17 0 0 -0.06 -0.06 -0.26 -0.19 -0.26 0 -0.03 0 -0.07 0 0 -0.17 -0.09
"SYCP2" 0 0 0 0 0 0 0 0 0 0 0 0 0 0 0.05 0 0 0 0 0 0
"CPQ" 0 -0.13 0 0 -0.02 0 0 -0.39 -0.1 0 0 -0.21 -0.03 -0.07 0 0 0 0 0 0 -0.05
"C1D" 0 -0.2 0 0 0 0 0 -0.14 -0.02 0 0 0 0 0 -0.34 0 0 0 0 0 -0.03
"OLFM1" 0 0 0 0 0 0 0 0 0 0 0 0 -0.06 0 0 0 0 0 0 0 0
"TAB1" 0 0 0 0 0 0 0 0 0 0 0 0 0 0 0 0.15 0.12 0 0 0 0.01
"BAIAP2" 0 -0.19 0 0 -0.35 -0.26 0 -0.16 0 0 0 0 -0.29 0 0 0 0 0 0 -0.28 -0.08
"UNC13B" -0.3 -0.48 -0.59 -0.25 -0.38 -0.6 -0.15 -0.28 -0.39 -0.06 -0.48 -0.31 -0.56 -0.53 -0.83 -0.24 -0.61 -0.74 -0.06 -0.19 -0.4
"SEMA6B" 0 -0.02 0 0 0 0 0 0 0 0 0 0 -0.16 0 0 0 0 0 0 0 -0.01
"SEMA3C" 0.14 0.24 0 0 0 0.14 0 0.26 0.03 0 0.04 0.05 0.07 0.05 0 0.24 0.15 0 0.13 0 0.08
"NEBL" 0 0.67 0 0 0 0 0 0 0 0 0 0 0 0 0 0 0 0 0 0 0.03
"DRAP1" 0 0 0 0 0 0 0 0 0 0 0 0 0 0 -0.02 0 0 0 0 0 0
"USP16" 0.05 0 0 0 0 0 0 0 0 0 0 0 0 0 0 0 0 0 0 0 0
"CELF2" 0 0 0 0 0 0 0 0 0 0 -0.39 0 0 0 -0.57 0 0 -0.7 0 0 -0.08
"CGREF1" 0.05 0 0 0 0 0 0 0 0 0 0 0 0 0 0 0 0 0 0 0 0
"TNFSF13B" 0 0.05 0 0.16 0.07 0 0 0.04 0 0 0.18 0 0 0 0 0.03 0.08 0 0 0.47 0.05
"AVIL" 0 0 0 0 0 0 0 0 0 0 0 0 0 0 0 0 0 0 0 -0.06 0
"TCFL5" 0 0 0.03 0 0 0 0 0 0 0 0 0 0 0 0 0 0 0 0 0 0
"KIF1C" 0.01 0 0 0.07 0 0.04 0.05 0.09 0 0 0.2 0 0.25 0.04 0 0 0.1 0.22 0 0.12 0.06
"NOXA1" 0 0 0 0 0 0 0 0 0 0 0 0 0 0 -0.04 0 0 0 0 0 0
"PDE10A" 0.71 0.53 0.66 0.5 0.07 0.22 0.16 0.4 0.28 0.26 0.5 0.3 0.48 0.06 0.65 0.24 0.82 0.45 0.34 0.34 0.4
"CYP46A1" -0.07 -0.26 -0.21 -0.36 0 0 -0.25 -0.12 -0.1 -0.57 -0.35 -0.06 -0.11 -0.74 -0.06 0 -0.06 0 -0.24 0 -0.18
"PPARGC1A" 0 0 0.1 0 0.08 0.06 0 0 0 0 0 0.12 0.32 0 0.37 0 0.09 0 0 0 0.06
"EHMT2" 0 0 -0.03 0 0 0 0 0 0 0 0 0 0 0 0 0 -0.21 0 -0.03 0 -0.01
"FERMT2" 0.05 0 0 0 0 0 0 0 0 0 0 0 0 0 0.06 0 0 0 0 0 0.01
"STMN2" 0 0 0 0 0 0 0 0 0 0 0 0 0 0 0 0 -0.08 0 0 0 0
"ADAMTS13" 0.32 0.17 0 0 0 0 0 0 0.17 0 0.02 0 0 0 0 0 0 0 0 0.08 0.04
"PRDM4" -0.14 -0.06 0 0 0 0 0 0 -0.06 0 0 0 -0.14 0 -0.09 0 0 0 0 0 -0.02
"CLASRP" 0 -0.01 0 0 -0.19 0 0 0 0 0 0 0 0 0 0 0 0 0 0 0 -0.01
"PWP1" 0 0 0 0 0 0 0 0 0 0 0 0 -0.03 0 0 0 0 0 0 0 0
"KAT7" 0.05 0 0.28 0 0 0.11 0 0 0.27 0.09 0 0.19 0.1 0 0 0 0 0.05 0.03 0 0.06
"PSIP1" 0 0 0 0.42 0 0 0 0.27 0 0.37 0 0.19 0 0 0.51 0.62 0.27 0 0.67 0 0.17
"WDHD1" -0.06 0 0 0 0 0 0 0 0 0 0 0 0 0 0 0 0 0 0 0 0
"RPL35" 0 0 0 0 0 0 0 0 0 -0.03 0 0 0 0 0 0 0 0 0 0 0
"RNF24" 0 0 0 0 0 0 0 0 0 0 0 0 0 0 -0.05 0 0 0 0 0 0
"GPR176" 0 0 0.12 0 0 0 0 0 0 0 0 0.15 0 0 0.11 0 0 0 0 0 0.02
"SYNRG" 0.17 0.11 0.43 0 0 0 0 0 0.02 0.06 0 0 0 0 0.16 0 0 0 0.14 0 0.05
"KLF12" 0 0 0 0 0 0 0 0 0 0 0 0 0 0 0 0 0 0 0 0.12 0.01
"POU6F2" 0 0 0 0 0 0.03 0 0.14 0 0 0 0 0.12 0 0 0.06 0 0.06 0 0 0.02
"ACOT7" 0 0 -0.21 -0.02 0 0 0 0 0 0 0 -0.05 0 -0.14 0 0 0 0 0 0 -0.02
"PDAP1" 0.05 0 0 0 0 0 0 0 0 0 0 0 0 0 0 0 0 0 0 0 0
"ITGA11" 0 0 0 0 0 0 0 0 -0.1 0 -0.04 0 -0.11 0 0 0 0 0 0 0 -0.01
"HSPA4L" 0 0.04 0 0 0 0 0 0.49 0.01 0.05 0.09 0.18 0 0 0 0 0 0 0.03 0 0.04
"CEP162" 0 0 0 0 0 0 -0.04 -0.12 0 0 0 0 0 0 0 -0.03 -0.04 0 0 0 -0.01
"DLGAP4" 0 -0.2 0 0 0 0 0 0 -0.23 0 0 0 0 0 0 0 0 0 -0.1 0 -0.03
"VASH1" -0.03 -0.01 -0.15 0 0 -0.34 -0.23 0 -0.01 -0.24 0 0 -0.06 -0.01 -0.2 0 0 -0.25 -0.01 -0.07 -0.08
"LMTK2" 0 0 0 0 0 0 0 0 0 0 0 0 0 0 0 0 0 0 -0.07 0 0
"ZNF510" 0 0 0 0.04 0 0 0 0 0 0 0 0 0 0 0 0 0 0 0 0 0
"PPP6R1" 0 0 0 0 0 0 0 0 0 0 0 0 0 -0.17 0 0 0 0 0 0 -0.01
"ZHX2" -0.08 -0.03 -0.29 0 0 -0.27 -0.31 -0.06 -0.03 -0.26 0 0 0 -0.19 0 -0.2 -0.05 -0.01 -0.26 -0.21 -0.11
"WDR37" 0 0 0 0 0 0 0 0 0 0 0 0 0 0 0 0 0 0 -0.01 0 0
"ZBTB1" 0 0 0 0 0 0 0 0 0 0 0 0 0 0 0.06 0 0 0 0 0 0
"DIS3" 0 0 0.01 0 0 0 0 0 0 0 0 0 0 0 0 0 0.2 0 0 0 0.01
"HABP4" 0 0 0 0 0 0 0 0 0 0 0 0 0 0 0 0 0 0 0 0.21 0.01
"SHANK2" -0.29 -0.41 -0.17 0 -0.08 -0.38 0 -0.72 -0.42 -0.24 -0.03 -0.06 -0.28 -0.23 -0.36 -0.06 -0.17 0 -0.52 -0.75 -0.26
"CCT5" -0.1 -0.09 0 -0.1 -0.33 -0.11 -0.01 0 -0.39 0 -0.1 -0.01 -0.14 0 -0.3 -0.06 0 -0.2 0 -0.18 -0.11
"NT5C2" 0 0 0 0 0 0 0 0 0 0 0 0 0 0 0 0 -0.1 0 0 0 -0.01
"PDCD11" 0 0 0 0 0 0 -0.2 -0.11 0 0 0 -0.1 0 0 -0.04 0 -0.08 -0.06 0 -0.01 -0.03
"CEP152" -0.04 0 0 0 0 0 0 0 0 0 0 0 0 0 0 0 0 0 0 0 0
"PLCH1" 0 0 0 0.16 0.07 0.01 0.01 0 0.05 0 0 0 0.2 0 0.04 0.05 0 0 0.12 0 0.04
"RAB21" 0 0 0.02 0 0 0 0 0 0 0 0 0 0.03 0.1 0 0.27 0 0 0.17 0 0.03
"PDZD2" 0 0.44 0 0.26 0 0 0 0.06 0 0 0 0 0 0 0.31 0 0.2 0 0 0 0.06
"KIF21B" 0 0 0 0 0 -0.02 -0.03 -0.13 0 0 0 0 0 -0.08 0 0 0 -0.02 0 0 -0.01
"PDS5B" 0.2 0 0 0 0 0 0 0 0 0 0 0 0 0 0 0 0 0 0 0 0.01
"ZSWIM8" 0 0 0 0 0 0 0 0 0 0 0 0 0 0 -0.02 0 0 0 0 0 0
"ZNF609" 0 0 0 0.01 0 0 0 0 0 0 0 0 0 0 0 0 0 0 0 0 0
"CMTR1" 0 -0.01 0 0 0 0 0 0 0 0 0 0 -0.1 0 -0.04 0 0 0 0 0 -0.01
"TTLL5" -0.03 0 0 0 0 0 0 0 0 0 0 0 0 0 0 0 0 0 0 0 0
"DDN" -0.23 0 0 -0.01 -0.26 -0.14 -0.36 -0.11 -0.2 -0.16 0 -0.18 0 -0.2 -0.44 0 -0.01 -0.22 0 -0.18 -0.13
"SPART" 0 0 0 0.01 0 0 0 0 0 0 0 0.16 0 0 0 0 0 0 0 0.26 0.02
"HIC2" 0 0 0 0 0 0 0 0 0 0 -0.07 0 0 0 0 0 0 0 0 0 0
"EPB41L3" 0.17 0.27 0 0 0 0 0 0 0.23 0 0 0 0 0 0.22 0 0 0 0.47 0 0.07
"METAP1" 0 0 0 0 0 0 0 0 0 0 0 0 0 0 0.14 0.08 0 0 0 0 0.01
"CEP68" 0 0 0 0 0 0 0 0 0 0 0 0 0 -0.16 0 0 0 0 0 0 -0.01
"CYFIP1" 0 0 0 0.22 0 0 0 0 0.1 0 0.02 0 0 0 0 0 0 0 0 0.2 0.03
"FAM168A" 0 0 0 0 0 0 0 0 0 0 0 0 0 0 0 0 0 0 -0.1 0 0
"VPS13A" 0 0.51 0 0 0 0 0 0.26 0 0 0 0 0 0 0.22 0.44 0 0 0 0 0.07
"PDS5A" 0 0 0 0 0 0 0 0 0 0 0 0 0.03 0 0 0 0 0 0 0 0
"ANKRD12" 0 0 -0.12 0 0 0 0 0 0 0 0 0 -0.18 -0.06 0 -0.18 0 0 0 -0.09 -0.03
"TASOR" 0 0 0 0.01 0 0 0 0 0.2 0 0 0 0 0 0 0 0 0 0 0 0.01
"CLUH" 0 0 0 0 0 0 0 0 0 0 0 0 0 -0.01 0 0 0 0 0 0 0
"WWC1" 0 0 0 0 0 0 0 0 0 0 -0.18 0 0 0 0 0 0 0 0 0 -0.01
"SLC9A8" 0 0 0 -0.03 0 0 0 0 0 0 0 0 -0.02 -0.07 0 0 0 0 -0.05 0 -0.01
"TRIM2" 0 0 0 0 0 0 0 0 0 0 0 0 0 0 0 0 0 0 0 0.11 0.01
"RPGRIP1L" 0 0 0 0 0 0 0 0 0 0 0 0 -0.1 0 -0.18 0 0 0 0 -0.01 -0.01
"SASH1" 0 -0.05 -0.17 -0.01 0 0 -0.13 0 -0.04 -0.12 -0.22 -0.07 0 -0.22 -0.16 0 -0.35 0 0 0 -0.08
"SZT2" 0 0 0 0 -0.07 0 0 0 0 -0.07 0 0 0 0 0 0 0 0 0 0 -0.01
"PPP1R13B" 0.17 0 0 0 0 0 0 0 0 0 0 0 0 0 0 0 0 0 0 0 0.01
"AHCYL2" 0 -0.1 -0.1 -0.05 -0.04 -0.07 0 0 -0.35 -0.1 -0.62 -0.2 -1.1 0 0 -0.05 -0.17 -0.52 -0.16 -0.05 -0.18
"MAU2" 0 0 0 0 0 0 0 0 0 0 0 0 0 0 0.12 0 0 0 0 0 0.01
"SIK3" -0.24 0 -0.11 0 0 0 -0.1 0 0 0 0 0 0 0 -0.25 0 -0.19 -0.13 0 -0.17 -0.06
"PIP5K1C" 0 0 0 0 0 -0.14 0 0 0 0 0 0 -0.01 0 0 0 0 0 0 0 -0.01
"KCNH4" -0.13 -0.24 -0.17 -0.53 0 -0.03 -0.3 -0.33 -0.11 -0.32 -0.48 -0.24 -0.23 -0.22 -0.02 -0.05 -0.25 -0.08 0 -0.56 -0.21
"AP4E1" 0 0 0 0 0 0 0 0 0 0 0.11 0 0 0 0 0.1 0.08 0.02 0 0 0.02
"SF3B3" 0.44 0 0 0.09 0 0 0 0 0.07 0.17 0.25 0 0 0 0.39 0 0.12 0.01 0.01 0 0.08
"SF3B1" 0 0.46 0 0 0 0 0 0 0 0 0 0 0 0 0 0 0.46 0 0 0 0.05
"CBX7" 0.1 0 0.09 0.09 0 0 0 0 0.08 0 0 0 0.08 0 0 0 0 0 0 0.1 0.03
"SUZ12" -0.05 0 0 0 0 0 0 0 0 0 0 0 0 0 0 0 0 0 0 0 0
"R3HDM1" -1.41 -2.69 -1.95 -1.47 -1.92 -1.85 -1.34 -2.18 -1.68 -1.49 -1.25 -1.62 -1.61 -1.31 -2.62 -1.31 -1.25 -1.71 -2.72 -2.13 -1.78
"CABIN1" 0 0 0 0 0 0 0 0 0 0 0 0 0 0 0 0 -0.16 0 0 0 -0.01
"SRRM2" 0 0 0 0 0 0 0 0 0 0 0 0 0 0 0.26 0 0 0 0 0 0.01
"MAPK8IP2" -0.16 0 0 0 0 0 0 0 0 0 0 0 0 0 0 0 0 0 0 0 -0.01
"DDAH1" 0 0 0.39 0 0 0 0.45 0 0.38 0 0.32 0.1 0 0.34 0.02 0 0.14 0.19 0 0 0.12
"PDSS1" 0 0 0 0 0 0 0 0 0 0 0 0 0 0 -0.04 0 0 0 0 0 0
"MKRN2" 0 0 0 0 0 0 0 0 0 0 0 0 0 0 0 0 0 0 0 -0.24 -0.01
"SLC7A11" 0 0 0.27 0 0 0 0 0 0 0.03 0 0 0 0 0 0 0 0 0.06 0.27 0.03
"CEMIP2" 0 0 0 0 0 0 0 0 0 0 0 0 0.06 0 0 0 0 0 0 0 0
"ZNF318" 0 -0.26 0 0 -0.08 0 0 0 0 0 0 0 -0.04 0 0 -0.13 -0.03 0 0 0 -0.03
"KIAA1549L" 0 -0.11 -0.11 -0.17 -0.21 0 0 -0.66 -0.23 -0.1 -0.16 0 0 0 -0.47 -0.11 -0.34 0 0 -0.14 -0.14
"ARMC8" 0 0 0.1 0.02 0.11 0 0.47 0.13 0.07 0 0 0.19 0 0.12 0 0.4 0.15 0.13 0.03 0 0.1
"PART1" 0.16 0 0 0 0 0 0 0 0 0 0 0 0 0 0 0 0 0 0 0 0.01
"RCHY1" 0 0.06 0.02 0.17 0 0 0 0 0.03 0 0 0 0.26 0 0 0.08 0.32 0 0.04 0 0.05
"AHCTF1" 0.33 0 0 0 0 0 0 0 0 0 0 0 0 0 0 0 0 0 0 0 0.02
"RTTN" 0 0 0 0 -0.07 0 0 0 0 0 0 0 -0.16 0 0 0 0 0 -0.09 0 -0.02
"ATL3" 0.01 0 0 0 0 0 0 0 0 0 0 0 0 0 0 0.06 0 0 0 0 0
"MYRIP" 0 0 0 0 0 0 0 0 0 0 0 0 0 0 0 0 0.07 0 0 0 0
"FAM98A" 0 0 0 0 0 0 0 0 0 0 0 0 0 0 0 0 0 0 -0.06 0 0
"KBTBD2" 0 0 0 0 0 0 0 0 0 0 0 0 0 0 0 0.01 0 0 0 0 0
"VIRMA" 0 0 -0.25 0 0 -0.07 0 0 -0.08 0 -0.23 0 -0.18 0 -0.2 0 0 0 0 -0.5 -0.08
"C2CD2" 0 0 0 0.23 0 0.19 0 0 0.03 0 0 0 0 0 0 0 0.06 0 0 0 0.03
"SNED1" 0 0 0 0 0 0 0 0 -0.02 0 0 0 0 0 0 0 0 -0.24 0 -0.23 -0.02
"IBTK" 0 0 0 0 0 0 0 0 0 0 0 0 0 0 0 0 0.03 0 0 0 0
"C2CD3" 0 0 0 0 0 0.01 0 0 0.06 0 0 0.05 0 0 0 0 0.15 0 0 0 0.01
"SPATS2L" 0 0 0 0 0 0 0 0 0 -0.05 0 0 0 0 0 0 0 0 0 0 0
"UPF2" 0 0 0 0 0 0 0 0 0 0 0 0 0 0 0 0 0 -0.34 0 0 -0.02
"ACOT11" 0 0 0 0 0 0 0 0 0 0 0 0 0.1 0 0 0 0 0 0 0 0.01
"SETBP1" -0.05 -0.41 0 -0.04 -0.03 0 0 -0.28 0 0 -0.28 -0.15 0 -0.32 0 0 0 0 -0.26 0 -0.09
"ZNF500" 0 0 0 -0.02 0 -0.01 0 0 0 0 0 0 0 0 0 0 0 0 0 0 0
"SLITRK5" 0 0 0 0 0 0 0 0 0 0 0.15 0 0 0 0 0 0.21 0 0 0 0.02
"PPP1R16B" 0.09 0.4 0.98 0.66 0.56 0.4 0.49 0.48 0.73 0.39 0.72 0.62 0.6 0.29 0.15 0.38 0.3 0.61 0.84 0.42 0.51
"AUTS2" 0 0 0 0 0 0 0 0 0 0 0 0 -0.39 0 -0.15 0 -0.03 0 0 0 -0.03
"GGA1" 0 0 0 0 0 0 0 0 0 0 0 0 0 0 -0.03 0 0 0 -0.15 0 -0.01
"PTPN20" 0 0 0 0 -0.04 0 0 0 0 0 0 0 0 0 0 0 0 0 0 0 0
"TRPC4AP" 0 0 0 0 0 0 0 0 0 0 -0.43 0 0 0 0 0 0 0 0 0 -0.02
"ZBTB20" 0 -0.01 -0.21 -0.06 0 0 -0.15 -0.14 -0.23 -0.03 -0.04 0 -0.01 -0.13 0 -0.17 0 -0.11 -0.12 -0.08 -0.08
"RSL1D1" -0.14 0 0 0 0 0 0 0 0 0 -0.02 -0.08 -0.06 0 0 0 -0.32 0 0 -0.16 -0.04
"INTS1" -0.23 -0.56 -0.46 -0.5 -0.46 -0.34 -0.44 -0.25 -0.44 -0.24 -0.42 -0.33 -0.62 -0.47 -0.38 -0.25 -0.61 -0.38 -0.54 -0.12 -0.4
"FBXO8" 0.11 0.14 0 0.16 0 0 0 0.09 0.08 0.03 0.2 0 0.03 0.14 0.22 0.17 0.17 0.19 0.1 0.21 0.1
"AGO1" 0 0 0 0 0 0 -0.03 0 0 0 0 0 0 0 0 0 0 0 0 0 0
"DAZAP1" 0.07 0 0 0 0 0.02 0 0 0 0 0.54 0.06 0 0 0.17 0 0.04 0 0 0 0.04
"RPS6KC1" 0.03 0.68 0.19 0 0 0 0 0 0 0 0 0 0 0 0 0 0.05 0 0 0 0.05
"AKAP8L" -0.05 0 -0.21 -0.19 0 -0.59 0 0 0 -0.43 -0.08 0 -0.47 0 -0.34 0 0 0 0 -0.24 -0.13
"DNAJC2" 0 0 0 0 0 0 0 0 -0.06 0 0 0 0 0 -0.08 -0.04 -0.15 -0.04 0 0 -0.02
"UTP25" 0 0 0 0 0 0 0 0 0 0 0 0 0 0 0.11 0 0 0 0 0 0.01
"SND1" 0 0 0 0 0 0 0 0 0 0 0 0 0 0 0 0 0 0 0 0 0
"STAU2" 0 0 0 0.06 0 0 0 0 0 0 0 0 0 0 0 0 0 0 0 0 0
"PDE7B" -0.09 0 0 0 0 0 0 -0.12 0 -0.02 -0.01 0 0 0 -0.17 -0.09 -0.16 0 -0.1 0 -0.04
"KCNH5" 0 0 0 0 0 0 0 0.04 0 0 0 0 0 0 0 0 0 0 0 0 0
"FILIP1" -0.21 -0.11 -0.04 0 -0.11 -0.1 -0.04 0 -0.06 0 -0.01 -0.06 -0.33 0 -0.17 -0.26 -0.23 0 -0.17 0 -0.1
"FAM184B" 0 -0.13 0 0 0 0 0 -0.01 0 0 -0.13 0 0 -0.04 0 0 -0.12 0 0 -0.05 -0.02
"DENND2A" 0 0 0 -0.01 -0.04 0 0 0 0 0 0 -0.1 0 0 0 -0.04 0 0 -0.06 0 -0.01
"TUBGCP4" 0 0 0 0 0 0 0 0 -0.3 0 -0.08 0 -0.04 0 0 -0.1 -0.13 0 0 -0.21 -0.04
"RNF115" 0 0 0 0 0 0 0 0 0 0 0 0 0 0 0.33 0 0 0 0 0 0.02
"KLHL20" -0.04 0 -0.06 0 0 -0.16 0 0 -0.09 0 0 -0.03 -0.11 0 -0.14 0 0 0 -0.3 0 -0.05
"PCDH17" 0 0 0 0 0 0 0 0 0 0 0 0 0 0 0.39 0 0 0 0 0 0.02
"RAB30" -0.09 0 0 0 0 0 0 0 0 0 0 0 0 0 -0.21 0 0 0 0 0 -0.01
"UTP20" -0.03 -0.05 0 0 -0.02 0 0 0 0 0 0 0 0 0 -0.21 0 -0.24 0 0 0 -0.03
"CDH20" -0.05 0 -0.02 -0.12 0 -0.18 -0.08 0 0 0 -0.05 -0.04 -0.03 0 -0.02 -0.23 -0.16 -0.07 -0.16 -0.14 -0.07
"BZW2" 0 0 0 0 0 -0.2 0 0 0 0 0 0 0 0 0 0 0 0 0 0 -0.01
"DBNL" 0 0 0 0 0 0 0 0 0.06 0 0 0 0 0 0 0 0 0 0 0 0
"HIPK2" 0 0 0 0 -0.22 0 0 -0.12 0 0 0 -0.18 0 0 -0.12 0 0 0 0 -0.12 -0.04
"SETD2" 0 0 0 0 0 0 0 0 0 0 0 0 0 0 0 0 0 0 0 0 0
"STXBP6" 0.02 0 0.3 0.04 0 0.13 0.03 0.19 0.01 0.41 0.27 0.1 0.07 0.04 0.25 0.14 0.04 0.08 0.24 0.29 0.13
"DNAJC15" 0 0 0 0.07 0 0 0 0 0 0 0 0 0 0 0 0 0 0 0 0 0
"YPEL1" -0.01 0 -0.25 0 0 -0.01 0 -0.01 0 0 -0.16 0 0 0 0 -0.03 0 -0.03 0 0 -0.03
"SENP1" 0 0.03 0 0 0 0 0 0 0 0 0 0 0 0 0 0 0 0 0 0 0
"UBN1" 0.15 0 0 0 0 0 0 0 0.03 0 0 0.21 0.1 0.16 0 0 0 0 0 0 0.03
"ALG5" 0 0 0 0 0 0 0 0 0 0 0 0 0 0 0 0 -0.1 0 0 0 0
"DMGDH" 0 0 -0.11 -0.01 0 0 0 0 0 0 0 0 0 0 0 0 0 -0.13 0 0 -0.01
"PILRB" 0 0 0 0 0 0 0 -0.04 0 0 0 0 0 -0.01 0 0 0 0 0 0 0
"HUNK" 0.21 0.03 0.17 0 0 0.17 0 0 0 0 0 0 0.13 0 0.39 0 0.1 0 0 0.02 0.06
"KCNIP3" -0.04 0 -0.09 0 0 -0.01 -0.06 -0.01 -0.03 0 0 -0.34 0 0 -0.18 0 0 -0.19 0 0 -0.05
"KCNIP2" 0 0 0 0 0 0 0 0 0 0 0 0 0.01 0 0 0 0 0 0 0 0
"PIK3R4" 0 0 0 0 0 0 0 0 0 0 0 0 0 0 0.18 0.02 0 0 0 0 0.01
"ASAP1" 0 0 0 0 0 -0.3 0 -0.29 -0.39 0 -0.22 0 0 0 0 -0.22 -0.12 -0.05 -0.28 0 -0.09
"HDGFL3" 0 0 0 0 0 0.05 0 0 0 0 0 0 0.63 0 0 0 0 0 0 0 0.03
"NTM" 0 0 0 -0.21 0 0 0 0 0 -0.85 0 0 0 0 0 -0.07 0 -0.21 -0.48 0 -0.09
"RRP15" 0 0 0 -0.26 -0.17 -0.16 -0.34 0 -0.02 0 -0.25 -0.04 -0.25 -0.04 0 -0.22 0 0 0 0 -0.09
"MRPS18C" 0 0 -0.05 0 0 -0.05 -0.04 -0.01 -0.06 -0.16 0 -0.02 0 0 -0.16 0 -0.03 -0.05 0 0 -0.03
"APIP" 0 0 0 0 0 0 0 0 0 0 0 0 0 0 -0.28 0 0 0 0 0 -0.01
"IFT52" 0 0 -0.11 0 0 0 -0.14 -0.2 -0.03 0 0 -0.08 -0.08 -0.06 -0.15 0 -0.04 -0.02 0 -0.12 -0.05
"MECR" 0 0 -0.18 0 0 0 0 0 0 0 0 0 0 0 0 0 0 0 0 0 -0.01
"RLIM" 0 0 0 0 0 0 0 0 0 0 0 0 0 0 0 0 0 0 0.12 0 0.01
"KCTD3" 0 0 0 0.02 0 0 0 0 0 0 0 0 0 0 0 0 0 0 0 0.02 0
"AADAT" 0 0 0 0 0 0 0 0 0 0 0 0 0 0 0 0 0 -0.09 0 0 0
"ZDHHC2" 0 0.05 0 0 0 0.06 0 0 0 0.33 0 0 0 0 0 0.08 0.28 0.11 0 0.02 0.05
"CDKL3" 0 0 0 0 0 -0.01 0 0 0 0 0 0 0 0 0 0 0 0 0 0 0
"ZNF571" 0 0 0 0 0 0 0 0 0 0 -0.06 0 0 0 0 0 0 0 0 0 0
"TIMMDC1" 0 0 0 0 0.11 0 0 0 0 0 0 0 0.03 0 0 0 0 0 0 0 0.01
"PHF21A" 0.01 0 0 0 0.57 0.06 0 0.07 0.04 0.71 0 0.43 0.42 0.1 0.6 0.46 0.15 0 0.01 0.88 0.23
"ARL17A" -0.35 -0.36 -0.22 -0.31 -0.25 -0.19 -0.19 -0.1 -0.11 -0.36 -0.44 -0.19 -0.26 -0.22 -0.09 0 -0.2 -0.2 -0.34 -0.18 -0.23
"MBTPS2" 0 0 0 0 0 0 0 0 0 0 0 0 0.1 0 0 0 0 0 0 0 0.01
"CDC40" 0 0 0 0 0 0 0 0 0 0 0 0 0 0 -0.16 0 0 0 0 0 -0.01
"CHST15" 0 0 0 0 0 0 0 0 0 0 0 0 0 0 0 0.09 0 0 0 0 0
"SNX7" 0 0 0 0 0 0 0 0 0 0 0 0 0.22 0 0 0 0 0 0 0.11 0.02
"EIF3L" 0 0 0 0 0 0 0 0 0 0 -0.01 0 0 0 0 0 0 -0.07 0 0 0
"ANAPC5" 0 -0.19 0 0 0 0 0 0 0 0 0 0 -0.26 0 0 0 -0.44 0 0 0 -0.04
"PHF7" 0 0 0 0 0 0 0 -0.18 0 0 0 0 0 0 0 0 0 0 0 0 -0.01
"DYNC2LI1" -0.13 0 0 0 0 0 0 0 -0.16 -0.01 -0.36 0 0 0 0 0 0 0 -0.12 -0.07 -0.04
"MPC1" 0 0 0 0 0 0 0 0 0 0 0 0 -0.14 0 -0.14 0 0 0 0 0 -0.01
"WWOX" 0 0 0 0 0 0 0 0 0 0 0 0 0.04 0 0.1 0 0 0 0.17 0 0.02
"TMEM8B" 0 0 0 0 0 0 -0.11 0 0 0 0 0 0 0 0 0 0 0 0 0 -0.01
"RAB8B" 0 0 0 0 0 0 0 0 0 0 0 0 0 0 0 0 0 0 0.02 0 0
"RSF1" 0 0 0 -0.66 -0.01 0 0 -0.06 -0.07 0 -0.12 0 0 0 -0.27 0 -0.6 0 0 -0.23 -0.1
"MAP3K20" 0 0 0 -0.07 0 0 0 0 0 0 0 0 -0.11 0 -0.15 0 0 0 0 0 -0.02
"BTBD1" 0 0 0 0 0 0 0 0 -0.13 0 -0.07 0 0 0 0 0 0 0 0 0 -0.01
"FXYD7" 0 0 0 0 -0.08 -0.06 0 0 0 0 0 0 0 0 0 0 0 -0.13 0 -0.01 -0.01
"SETD4" 0 0.1 0.12 0.14 0.01 0 0.14 0.14 0.2 0.11 0.28 0.04 0.06 0.12 0 0.1 0 0.23 0.08 0.05 0.1
"MRPL39" 0 0 0 0 0 0 0 0 0 0 0 0 0 0 0 0 -0.03 0 0 0 0
"DGCR8" 0 0 0 0 0 0 0 -0.14 0 0 0 0 -0.08 0 0 0 0 0 0 0 -0.01
"OTULINL" 0 0 0 0 0 0.08 0 0 0 0 0 0.05 0 0 0 0 0 0 0 0 0.01
"ZDHHC13" 0 0 0 0 0 0 0 0 0 0 0 0 0 0 -0.2 0 0 0 0 0 -0.01
"SPATA6" 0.08 0.22 0 0 0 0.17 0.2 0.12 0.23 0 0.08 0.02 0 0 0 0 0.16 0 0.16 0.04 0.07
"EPB41L4B" 0 0 0 0 0 0 0 -0.09 0 0 0 0 0 0 0 0 0 0 0 0 0
"LZTFL1" 0 0 0 0.06 0 0 0 0 0 0 0.07 0 0 0 0 0 0 0 0 0 0.01
"KCTD9" -0.06 0 0 0 0 0 0 0 0 0 0 0 0 0 0 0 0 0 0 0 0
"AHI1" 0 0 0 0 0 0 0 0 0 0 0 0 0 0 -0.39 0 -0.01 0 0 0 -0.02
"SYTL2" 0 0 0 0 0 0 0 0 0 0 0 0 -0.22 0 0 0 0 0 0 0 -0.01
"SIDT1" 0.03 0.16 0 0.11 0 0 0 0 0 0 0 0 0 0 0.12 0 0 0 0 0 0.02
"CC2D1A" 0 0 0 0 0 0 0 0 0 0 0 0 0 0 0 0 0 0 0 0 0
"CNTLN" 0 0 0 0 0 0 0 0 0 0 0 0 0 0 -0.04 0 0 0 0 0 0
"ST7L" 0 0 0 0 0 0 0 0 0 0 0 0 0.3 0 0 0 0.11 0 0.19 0 0.03
"CWC25" 0 0 0 0.11 0 0 0 0 0 0 0 0 0 0 0 0 0 0 0 0 0.01
"PLPPR1" 0 0 0 -0.01 0 0 0 -0.12 0 -0.14 0 -0.04 -0.09 -0.06 -0.03 -0.12 -0.05 -0.04 0 0 -0.04
"NSUN2" 0.15 0 0.03 0 0 0.22 0 0 0 0 0 0 0.08 0 0 0.02 0 0.08 0 0 0.03
"NCAPG2" 0.22 0 0 0 0 0 0 0 0 0 0 0 0 0 0 0 0 0 0 0 0.01
"TTC12" 0 0 0 0 0 0 0 0 0 0 -0.05 0 0 0 -0.05 0 0 0 0 0 0
"C2orf42" 0.04 0 0 0 0 0 0 0 0 0 0 0 0 0 0.12 0 0 0 0 0 0.01
"NMRK1" 0.07 0 0 0.11 0 0.18 0.2 0.2 0.05 0.28 0.09 0.3 0 0 0 0.18 0 0 0 0 0.08
"ULK4" 0 0 0 0 0 0 0 0 0 0 0 0 0 0 0 0 -0.1 0 0 0 0
"ZNF770" 0 0 0 0 0 0 0 0 0.26 0 0 0 0 0 0 0 0 0 0 0 0.01
"PRPF39" 0 0 0 0 0 0 0 0 0 0 0 0 0.27 0 0 0 0 0 0 0 0.01
"NRDE2" -0.13 0 0 0 0 0 0 0 0 0 0 0 -0.04 0 0 0 0 0 0 0 -0.01
"SUSD4" 0 0 0 0 0 0 0 0 0 0 0 0 0 0 0.1 0 0 0 0 0 0.01
"SPATA6L" -0.09 -0.03 -0.06 0 0 0 0 0 0 0 -0.15 0 0 0 0 0 -0.26 0 -0.06 0 -0.03
"KIF26B" 0.16 0 0 0 0 0 0 0 0 0 0 0 0 0 0.03 0 0 0 0 0 0.01
"GPATCH1" 0 0 -0.16 0 0 0 0 0 0 0 0 0 0 0 0 -0.17 0 0 -0.03 0 -0.02
"ANO10" 0 0 0 0 0 0 0 0 0 0 0 0 0 0 0 0 0 -0.01 0 0 0
"RBM28" 0 0 0 -0.07 0 0 0 0 0 0 0 -0.26 0 0 -0.06 -0.19 0 0 -0.06 0 -0.03
"LARP1B" 0 0 0 0 0 -0.2 0 0 0 0 0 0 0 0 0 -0.12 -0.06 0 0 -0.07 -0.02
"SRBD1" 0 -0.05 -0.03 -0.07 0 0 0 0 -0.06 0 -0.03 -0.01 0 0 0 0 0 0 0 -0.06 -0.02
"MSL2" 0 0 0 0 0 0 0 0 0 0 0 0.05 0 0 0 0 0 0 0 0 0
"RESF1" 0 0 0.3 0 0.14 0.09 0 0.1 0.24 0.13 0.12 0.04 0.25 0.47 0 0.11 0 0 0 0.09 0.1
"MAP1S" 0 0 0 0 0 0 0 0 0 0 -0.01 0 0 0 0 0 0 0 0 0 0
"TMLHE" 0 0 0 -0.05 0 0 0 0 0 0 0 0 0 0 0 0 0 0 0 -0.03 0
"NAT10" 0 0 0 0 0 0 0 0 0 0 0 0 0 0 0 0 0 0 0 0 0
"PPP6R3" 0 0 0 0 0 0 0 0 0 0 0 0 0 0 0 0 -0.08 0 0 0 0
"DDX19A" 0.01 0 0 0 0 0 0 0 0 0 0 0 0 0 0 0 0.06 0 0 0 0
"RNLS" 0 0 0.03 0 0 0 0 0 0.18 0 0 0.04 0 0.13 0 0.12 0 0 0 0.06 0.03
"STRBP" 0 0 0 0 0 0 0 0.27 0 0 0 0 0 0.07 0 0 0 0.06 0 0.04 0.02
"PI4K2A" 0 -0.06 0 0 -0.04 0 0 0 0 0 0 0 0 0 0 0 0 0 0 0 -0.01
"CAMK2N1" 0 0 0 0 0 -0.17 0 0 0 0 0 0 0 0 0 0 0 0 0 0 -0.01
"TNFRSF19" 0 0 0 0 0 0 0 0 0 0 0 0 0 0 -0.05 0 0 0 0 0 0
"SLC35E3" -0.22 -0.43 -0.09 -0.18 0 -0.06 0 -0.22 -0.42 0 -0.06 0 0 -0.16 0 0 -0.19 -0.17 -0.18 0 -0.12
"ELMOD1" 0 0 0 0 0 0 0 0 0 0 0 0 -0.05 0 0 -0.2 0 -0.13 0 0 -0.02
"SLC30A10" -0.5 -0.52 -0.35 -0.24 -0.26 -0.4 -0.36 -0.32 -0.41 -0.46 -0.34 -0.44 -0.36 -0.36 -0.48 -0.36 -0.48 -0.2 -0.33 -0.25 -0.37
"CNOT11" 0.01 0 0 0 0 0.18 0 0 0 0 0 0 0.22 0 0 0 0 0 0.04 0 0.02
"SUPT20H" 0 0 0 0 0 0 0 0 0 0 0 0 0 0 0 0 0 0 0 0.03 0
"KIF27" 0 0 0 0 0 0 0 0 0 0 0.03 0 0 0 0 0 0 0 0 0 0
"ZCCHC8" 0 0 0 0 0 0 0 0 0 0 0 0 0 0 0 0 0 0.01 0 0 0
"TASP1" 0 0 0 0 0 0 0 0 0 0 0 0 0 0 0 0 0 0 0 0 0
"ZNF407" 0 0 0 0 0 0 0 0 0 0 0 0 0 0 0 0 -0.06 0 0 0 0
"ZNF692" 0.05 0 0.17 0.02 0.3 0.06 0.14 0.23 0.19 0.04 0.16 0.16 0.29 0 0.42 0.17 0.18 0.29 0.46 0.17 0.18
"DDX27" 0 0.04 0 0 0 0 0 0 0 0 0 0 0 0 0 0 0 0 0 0 0
"CDC37L1" 0 0 0 0 0 0 0 0 0 0 0 0 0 0 0 0 0 0 0 -0.19 -0.01
"DENND4C" 0 0 0 0 0 0 0 0 0 0 0 0 0 0 0 0 0 0 0 0 0
"SLC30A6" 0 0 0 0 0 0 0 0 0 0 -0.04 0 0 0 0 0 0 0 0 0 0
"IARS2" 0 0 0 0 0 0 0 0 0 0 0 0 0 0 0 0 0 0.05 0 0 0
"POLR3B" 0 -0.08 0 -0.42 0 0 0 -0.06 -0.19 0 -0.2 -0.11 0 0 -0.17 -0.03 -0.26 -0.24 -0.04 0 -0.09
"CCDC88A" 0 0 -0.44 0 0 -0.02 0 0 0 0 -0.89 0 -0.01 0 -0.09 0 0 0 0 -0.09 -0.08
"HHAT" 0 0.01 0.01 0 0 0 0 0 0 0 0 0 0 0.02 0 0 0 0 0 0.12 0.01
"ENAH" 0.43 0.07 0.41 0.31 0 0 0 0.01 0.22 0.28 0.34 0 0 0 0.27 0 0.46 0.06 0 0 0.14
"INTS9" 0 0 0 -0.03 0 0 0 0 0 0 0 -0.08 -0.01 0 0 0 0 0 0 0 -0.01
"UGGT2" 0 0 0 0 0 0 0 0 0 0 0 0 0 0 0 0 0.12 0 0 0 0.01
"WDR12" 0 0 0 0 0 0 0 0 -0.03 0 0 0 0 0 0 0 0 -0.17 0 0 -0.01
"MBD5" 0 0 -0.04 -0.82 0 0 0 0 0 0 0 0 0 0 0 0 0 0 0 -0.04 -0.04
"METTL2B" 0 0 0 0 0 0 -0.11 0 0 0 0 -0.19 -0.18 0 0 0 -0.17 -0.14 0 0 -0.04
"SCN3B" 0 0 0 0 0 0 0 0 0 0 0 0 0 0 0 0 0 0 -0.2 0 -0.01
"DCP1A" 0 0 0 0 0 -0.08 -0.03 0 0 0 -0.03 0 -0.14 0 0 0 0 0 -0.12 0 -0.02
"BDP1" 0 0 -0.35 0 0 -0.56 0 0 0 0 0 0 -0.32 0 0 0 -0.38 0 -0.07 0 -0.08
"CAND1" 0 0 0 0 0 0 0 0 0 0 0 0 0 0 0 0 -0.01 0 0 0 0
"CENPJ" 0 0 0 0 0 0 0 0 0 0 0 0 0.25 0 0.06 0 0.01 0 0 0 0.02
"WWC3" 0.14 0 0 0.01 0 0 0 0 0 0 0.07 0 0 0 0 0 0 0 0 0 0.01
"ACOT13" 0 0 0.06 0 0 0 0 0 0 0 0 0 0.02 0 0 0 0.11 0 0 0 0.01
"LMO3" 0 0 0.1 0 0 0 0 0 0 0 0.01 0 0 0 0.07 0.24 0 0.08 0.07 0 0.03
"UNC45A" 0 0 0 -0.06 0 0 0 0 0 0 0 0 0 0 0 0 0 0 0 0 0
"LANCL2" 0 0 0 0 0 0 0 0 0 0 0 0 -0.05 0 0 0 0 0 0 0 0
"ALG1" 0 0 0 0 0 0 0 0 0 0 0 0 0 0 0 0 0.05 0 0 0 0
"ZNF253" -0.19 -0.08 0 0 0 0 -0.04 0 -0.1 -0.01 -0.07 -0.03 -0.07 0 0 0 -0.21 0 0 0 -0.04
"WDR45B" 0.16 0 0 0 0 0 0 0 0 0 0 0 0 0 0 0 0 0 0 0 0.01
"CTPS2" 0 0 0 0 0 0 0 0 0 0.07 0 0 0.01 0 0 0 0 0.01 0 0 0
"BCCIP" 0 -0.29 0 0 0 0 0 0 -0.03 0 0 0 0 -0.04 0 0 0 0 -0.16 0 -0.03
"NPDC1" 0 0 0 0 0 0 0 0 0 0 0.06 0 0.07 0 0.18 0 0 0 0 0.01 0.02
"CELF4" 0 0 0 0 0 0 0 0 0 0 0 0 -0.53 0 0 0 0 0 0 0 -0.03
"CDC42SE1" -0.04 0 0 0 0 0 0 0 0 0 0 0 0 0 0 -0.04 0 0 0 0 0
"MEIS3" 0 0 0 0 0 0 0 0 0 0 0 -0.04 0 0 0 0 0 0 0 0 0
"PRTFDC1" -0.42 -0.24 0 -0.44 -0.51 -0.35 -0.47 -0.16 -0.34 -0.05 -0.33 -0.35 -0.55 0 -0.19 -0.38 -0.64 -0.6 -0.43 -0.45 -0.35
"ATXN7L3" 0 0 0 0 0 0 0 0 0 0 0 0 0 0 0 -0.17 0 0 0 0 -0.01
"STOX2" 0.26 0 0 0 0 0 0 0 0 0.03 0 0 0 0 0 0.11 0 0 0 0 0.02
"BBX" 0.14 0.26 0.09 0.04 0 0 0 0.16 0 0.07 0.2 0.34 0 0 0 0 0.2 0.14 0 0.11 0.09
"CTNNBIP1" 0.45 0.04 0.19 0 0 0.17 0 0 0.3 0.02 0.07 0 0.3 0 0.22 0 0.2 0.13 0.14 0 0.11
"PCNP" 0 0.02 0 0.54 0 0 0 0 0 0.17 0 0 0 0 0.13 0.16 0.22 0.06 0 0 0.06
"PARP11" 0 0 0 -0.1 0 0 0 0 0 0 0 0 0 0 0 0 -0.18 0 0 0 -0.01
"MAN1C1" 0 0.19 0 0 0 0 0 0 0.06 0.22 0.16 0.05 0 0 0 0 0 0 0 0.21 0.04
"PAK5" 0 0 0 -0.06 0 0 0 0 0 -0.12 -0.2 0 0 -0.21 -0.26 0 0 0 0 0 -0.04
"ANKRD50" 0 0.07 0 0 0 0 0 0 0 0 0 0 0 0 0 0 0 0 0 0 0
"NIPAL3" 0 0 0 0 0 0 0 0 0 0 0 0 0 0 0.09 0 0 0 0 0 0
"ATP8B2" -0.28 0 0 0 0 0 0 0 0 0 0 -0.12 0 0 0 0 0 0 0 0 -0.02
"PPP4R3B" 0 0 0 0 0 0 0 0 0 0 0 0 0 0 0 0 0 0 0 0.1 0.01
"LYRM2" 0 -0.09 0 0 0 0 0 0 0 0 0 0 0 0 0 0 0 0 0 -0.02 -0.01
"KAT14" 0 0 0 0 0 0 0 0 0 0 0 0 0.19 0 0 0 0 0 0 0 0.01
"JPH3" -0.7 0 -0.11 -0.2 -0.18 -0.04 -0.14 0 0 -0.04 -0.27 0 0 0 -0.01 -0.21 -0.26 -0.44 -0.07 -0.29 -0.15
"TTYH1" 0 0 0 0 0 0 0 0 0 0 0 0 -0.01 0 0 0 0 0 0 -0.1 -0.01
"NMRAL1" -0.34 -0.07 -0.2 -0.17 -0.03 0 -0.01 -0.22 -0.17 0 0 -0.09 -0.09 0 -0.08 -0.27 -0.09 0 0 -0.12 -0.1
"LRTM1" 0 0 0 0 0 0 0 0 0 0 0 0 0 0 0 0 0 0 0 -0.04 0
"GALNT16" 0 0 0 0 0 0 0 0 0 0.16 0 0 0 0 0 0 0 0 0 0 0.01
"SCAF4" 0 0 0 0.36 0 0 0 0 0 0 0 0 0 0 0 0.01 0 0 0 0 0.02
"ZNF490" 0.05 0 0 0 0 0 0 0 0 0 0 0 0 0 0 0 0 0 0 0 0
"PLEKHG1" 0 0 0 0 0 0 0 0 0 0 0 0 -0.07 0 0 0 0 0 0 0 0
"MAVS" -0.1 0 0 0 0 0 0 0 0 0 0 0 0 0 -0.14 0 0 0 0 0 -0.01
"XPO5" 0 0 0 0 0 0 0 0 0 0 0 0 0 0 0 0 -0.02 0 0 0 0
"MIB1" -0.3 -0.16 0 -0.66 0 0 -0.26 0 0 -0.13 -0.08 0 -0.04 0 0 0 0 0 -0.1 0 -0.09
"ZNF398" 0 0 0 0 0 0 0 0 0 0 0.06 0 0.15 0 0.1 0 0 0 0 0 0.02
"NLGN2" 0 0 0 0 0 0 0 0 0 0 0 0 0 0 0 -0.09 0 0 0 0 0
"KCNT1" 0 0 0 0 0 0 0 0 0 0 0 0 0 0 0.38 0 0 0 0 0 0.02
"PDZD4" -0.1 -0.13 -0.07 0 -0.25 -0.48 0 -0.15 -0.08 -0.61 0 0 -0.02 0 -0.41 0 -0.21 -0.15 -0.06 -0.06 -0.14
"USP36" 0 0 0 0 0 0 0 0 0 0 0 0 0 0 0 0 0 0 -0.08 0 0
"PITPNM2" 0 0 0 0 0 0 0 0 0 -0.01 0 0 0 0 0 0 0 0 0 0 0
"RELCH" 0 -0.33 0 0 0 -0.22 0 0 -0.21 -0.02 -0.04 0 0 0 -0.61 0 0 -0.25 0 0 -0.08
"NYAP2" -0.06 -0.03 -0.2 -0.22 -0.44 0 -0.11 -0.17 -0.38 -0.34 0 -0.51 -0.07 -0.3 0 -0.33 -0.39 -0.23 -0.36 -0.09 -0.21
"KIAA1549" 0 0 0 -0.07 0 -0.15 0 0 0 0 0 0 0 0 0 0 0 0 0 0 -0.01
"ZSWIM6" 0 -0.23 0 -0.26 -0.12 -0.22 0 0 -0.23 0 0 0 0 0 0 -0.3 -0.33 0 0 0 -0.08
"GBA2" 0 0 0 0 0 0 0 0 0 0 0 0.16 0.04 0 0.11 0 0 0 0 0 0.02
"MEAK7" 0 0 0 0 0 0 0 0 0 0 0 0 0 0 -0.03 0 0 0 0 0 0
"SFMBT2" -0.09 -0.25 0 0 0 0 0 0 0 0 0 -0.39 -0.13 0 -0.22 -0.09 -0.31 -0.17 0 -0.16 -0.09
"MARK4" 0 0 0 0 0 0 0 0 0 0 0 -0.1 0 0 0 0 0 0 0 0 -0.01
"ZBED5" 0 0 0 0.15 0 0 0 0 0 0 0 0 0 0 0 0 0.05 0 0 0 0.01
"JAM2" -0.2 -0.4 -0.19 -0.03 0 -0.34 0 -0.19 -0.2 -0.11 -0.14 -0.37 -0.16 0 -0.29 -0.24 -0.4 -0.02 -0.13 -0.11 -0.18
"ZNF462" 0 0 0 0 0 -0.05 0 0 -0.12 0 0 0 0 0 -0.03 0 0 0 0 0 -0.01
"SCAF1" -0.1 0 0 0 0 0 0 0 0 0 0 0 0 0 -0.11 0 0 0 0 0 -0.01
"DLGAP3" 0 0 0 0 0 0 0 0 0 0 0 0 0 0 0 -0.08 0 0 0 0 0
"PLEKHA1" 0 0 0 0 0 0 0 0 0 0 0 0 0 0 0.2 0 0 0 0 0 0.01
"SENP2" 0 0 0 0 0 0 0 0 0 0 0 0 0.19 0 0 0 0 0 0 0 0.01
"AFAP1" 0 0 0 0 0 -0.05 0 -0.07 0 0 0 0 0 0 0 0 0 0 0 0 -0.01
"TRMT11" 0.12 0 0.08 0 0.1 0 0 0 0.1 0 0 0.24 0 0 0.07 0 0 0 0 0 0.04
"GUF1" 0.16 0 0 0.07 0 0 0 0 0 0 0.13 0.22 0.03 0 0 0 0.07 0 0 0.12 0.04
"PAPPA2" 0 0 0 0 0 0 -0.05 -0.1 0 0 0 0 0 0 -0.03 0 0 0 0 0 -0.01
"CELF5" 0 0 0 0 0 -0.23 0 0 0 0 0 0 0 0 0 0 0 0 0 0 -0.01
"PKNOX2" 0 0 0 0 0 0 0 0 0 -0.1 0 0 0 0 0 0 0 0 0 0 -0.01
"KIF13A" 0 0.18 0.08 0.03 0 0.14 0 0.04 0 0 0.08 0 0 0 0 0 0 0 0 0 0.03
"SNX16" 0.26 0.1 0 0 0.09 0 0.05 0 0.21 0.02 0.03 0 0 0.01 0.06 0.1 0.1 0 0 0.16 0.06
"KIF9" 0 0 -0.01 0 0 0 0 0 0 0 0 0 0 0 0 0 0 0 0 0 0
"NECAB1" 0 0 0.21 0.04 0.43 0.76 0 0.31 0.64 0.5 0 0 0 0 0 0.22 0 0 0 0 0.16
"P3H1" -0.05 0 0 0 0 0 0 0 -0.04 0 0 0 0 0 -0.05 0 0 0 0 0 -0.01
"POPDC3" 0 0 0 0.03 0 0 0 0 0 0 0 0 0 0 0 0 0 0 0 0 0
"SEMA4A" -0.08 0 0 0 0 0 0 0 0 0 0 0 0 0 0 0 0 0 0 0 0
"PJA1" 0 0 0 0 0 0 0 0 0 0 0 0 0 0 -0.09 0 0 0 0 0 0
"NFKBIZ" 0 0 0 0 0 0 0 0 0 0 0 0 0 0 0 0 0 0 0 0 0
"ATG3" 0 0 0 0 0 0 0 0 0 0 0 0 0 0 0 0 0.01 0 0 0 0
"ALDH8A1" 0 0 0 0 0 0 0 0 0 0 0 0 0 0 0 -0.09 0 0 0 0 0
"ACBD3" 0 -0.02 0 0 0 -0.13 0 0 0 0 0 0 -0.31 0 0 0 -0.01 0 0 0 -0.02
"LMF1" 0 -0.15 -0.03 0 0 -0.1 0 0 -0.15 0 0 0 0 0 0 -0.02 -0.04 0 0 0 -0.02
"NMNAT1" 0 0 0 0 0 0 0 0 0 0 0 0 -0.03 0 0 0 0 0 0 0 0
"SLC13A3" 0 0 0 0 0 0 0 -0.04 0 0 0 0 0 0 0 0 -0.05 0 0 0 0
"MRPL1" 0 0 0 0 -0.02 0 0 0 -0.05 0 0 0 0 0 0 0 0 0 0 0 0
"TMEM237" 0 0 0 0.06 0 0 0 0 0 0 0 0 0.09 0 0 0 0 0 0 0 0.01
"GRAMD2B" 0 0 0 0 0 0 0 0 0 0 0 0 0 0 0.01 0 0 0 0 0 0
"DDRGK1" -0.29 -0.39 -0.28 -0.28 -0.41 -0.51 -0.31 -0.21 -0.17 -0.34 -0.3 -0.2 -0.24 -0.23 -0.19 -0.25 -0.33 -0.25 -0.01 -0.27 -0.27
"ZFYVE21" 0 0 0 -0.03 -0.24 0 0 0 0 -0.31 -0.13 -0.02 0 0 -0.12 0 0 -0.01 0 0 -0.04
"ALG8" 0 0 0 0 0 0 0 0 0 0 0 0 0 0 -0.29 0 0 0 0 0 -0.01
"ASPSCR1" -0.14 -0.11 0 0 0 0 0 0 0 0 0 -0.04 0 0 -0.28 -0.08 0 0 0 0 -0.03
"METTL22" 0.05 0 0 0 0 0 0 0 0 0 0 0 0 0 0 0 0 0 0 0 0
"PPDPF" 0 0 0 -0.14 0 0 0 0 0 0 -0.08 0 0 0 -0.02 0 0 0 0 0 -0.01
"EFHD2" 0 0 0 0 0 0 0 0 0 0 0 0 0 0 0 0 0.06 0 0 0.01 0
"TCTN1" -0.07 0 0 0 0 0 0 0 0 0 0 0 0 0 -0.02 0 0 0 0 0 0
"ACSS3" 0 0 0 0 0 0 0 0 0 0 0 -0.02 0 0 0 0 -0.03 0 0 0 0
"SCRN3" 0 0 0 0 0 0 0 0 0 0 0 0 0 0 0 -0.05 0 0 0 0 0
"ARHGAP10" -0.52 -0.27 -0.31 -0.58 -0.22 -0.44 -0.24 -0.05 -0.16 -0.4 -0.27 -0.43 -0.68 -0.31 -0.36 -0.24 -0.51 -0.58 -0.67 -0.36 -0.38
"NEIL1" 0 0 0 0 0 0 0 0 0 0 0 0 0 0 0 0 0 0 0 -0.12 -0.01
"PARP8" 0 0 0 0 0.87 0.08 0.35 0 0 0 0.44 0.04 0.6 0 0 0.15 0.06 0.09 0 0 0.13
"TUT7" 0 0.14 0.1 0.38 0.24 0.12 0 0.47 0.04 0.08 0 0.03 0 0 0.28 0.22 0.14 0 0.23 0.42 0.14
"ZDHHC14" 0 0 0 0 0 -0.09 0 0 0 0 0 0 0 0 0 0 0 0 0 0 0
"MSANTD2" 0 0 0 0 0 0 0 0 0 0 0 0 0 0 0 0 0 0 -0.09 0 0
"ZNF322" -0.07 0 -0.04 0 0 -0.06 0 0 -0.01 0 0 -0.12 -0.06 0 0 0 0 -0.08 -0.01 0 -0.02
"GTDC1" 0 0 0 0 0.11 0 0 0 0 0.67 0 0 0 0 0.49 0 0 0 0 0 0.06
"VPS37B" -0.34 0 -0.28 -0.28 0 0 -0.32 -0.23 -0.21 -0.2 -0.37 -0.46 -0.06 -0.29 -0.27 -0.05 -0.22 -0.36 -0.09 -0.15 -0.21
"KCTD17" 0 0 0 0 0 0 0 -0.13 0 0 0 0 -0.09 0 0 0 0 0 0 0 -0.01
"ZBBX" -0.23 -0.03 -0.02 0 0 0 0 -0.03 -0.06 0 -0.09 0 0 0 -0.32 -0.14 -0.27 0 0 0 -0.06
"SLC25A22" 0 0 0 0 0 0 0 0 0 0 0 0 0 0 0 0 0 0 0 0 0
"TXNDC15" 0.01 0.05 0.05 0.03 0.13 0.13 0 0.09 0 0 0.41 0.29 0.49 0 0 0.13 0.17 0.2 0.02 0.24 0.12
"NIPAL2" 0 0 0 0.06 0.01 0.22 0 0 0 0.07 0 0 0 0 0 0 0.1 0 0 0 0.02
"MOB3B" 0 0 0 0 0 0 0 0 0 0 0 0 0 0 0 0 -0.06 0 0 0 0
"CAMKMT" 0 0 0 0 0 0 0 0 0 0 -0.05 0 0 0 -0.04 0 -0.05 -0.16 -0.06 0 -0.02
"ZDHHC11" -0.06 -0.07 -0.15 0 0 -0.06 0 0 0 0 -0.25 0 -0.28 0 -0.15 -0.03 0 0 -0.07 -0.04 -0.06
"BAALC" 0 0 0 0 0 0 0.05 0 0 0 0 0 0 0 0 0 0 0 0 0 0
"GGNBP2" 0 0.04 0 0 0 0.02 0 0.01 0.2 0 0.1 0.03 0.16 0 0.06 0.12 0.24 0.16 0.09 0 0.06
"ATP8B4" 0 0 0 0.01 0 0 0.02 0 0.01 0 0 0 0.21 0 0 0 0 0 0.06 0.08 0.02
"ERMP1" 0 0.02 0 0 0 0 0 0 0 0 0 0.08 0.27 0.33 0 0 0 0 0.12 0.04 0.04
"C10orf88" -0.03 0 0 0 0 0 0 0 0 0 0 0 0 0 0 0 0 0 0 0 0
"WWC2" 0 0 0 0 0 0 0 0 0 0 0 0 0 0 0 0 0 0 0 0 0
"SLC8B1" 0 0 0 0 0 0 0 0 0 0 0 0 0 0 0 0 0 0 0 0 0
"CSRNP3" 0.06 0.53 0 0 0 0 0 0.28 0.11 0 0 0 0.59 0 0 0 0 0 0 0 0.08
"TRIM46" -0.01 0 0 0 0 0 0 0 0 0 0 0 -0.09 0 0 0 0 0 -0.01 -0.02 -0.01
"CCDC170" 0 0 0 0 0 0 0 0 0 0 0 -0.03 -0.1 0 -0.07 0 -0.11 0 -0.14 0 -0.02
"SIKE1" 0 0 0 0 0 0 0 0 0 0 0 0 0 0 0 0 0 0 -0.05 0 0
"THOC7" 0 0 0 0 0 0 0 0 0 0 0 0 0 0 0.05 0 0 0 0 0 0
"NAA15" 0 0 0 0 0 0 0 0 0 -0.03 0 0 0 0 0 0 0 0 0 0 0
"IFT74" 0 -0.02 0 0 0 0 0 0 0 0 0 0 0 0 0 0 0 0 0 0 0
"OPA3" 0 -0.16 -0.14 0 0 0 -0.19 -0.02 -0.18 0 -0.26 -0.2 -0.16 0 0 -0.04 0 -0.01 0 -0.15 -0.08
"ZNF430" 0 0 0 0 0 0 0 -0.14 0 0 0 0 -0.07 0 0 0 0 0 0 0 -0.01
"SPHKAP" 0 0 0 0 0 0 0 0 0 0 0 0 0 0 0 0 -0.01 0 0 0 0
"GKAP1" 0.31 0.36 0 0 0 0.16 0 0 0.22 0 0.12 0.01 0.41 0 0.16 0.18 0.31 0 0.16 0.05 0.12
"THSD7B" -0.04 0 0 0 0 0 0 0 0 0 0 -0.02 0 0 -0.27 0 0 0 -0.04 0 -0.02
"CMIP" -0.85 0 -0.03 0 -0.47 -0.07 0 -0.32 -0.04 -0.19 -0.65 -0.06 -0.47 -0.17 -0.06 -0.03 -0.18 0 -0.05 -0.25 -0.19
"CEP44" 0 0 0 0.03 0 0 0 0 0 0 0 0 0 0 0 0 0 0 0 0 0
"EEPD1" 0 0 0 0 0 0 0 0.03 0 0 0 0 0 0 0 0 0.01 0 0 0 0
"ILKAP" 0 0 0 -0.06 0 0 -0.01 -0.04 0 0 -0.18 0 0 0 0 0 -0.03 -0.07 0 -0.01 -0.02
"COL21A1" 0 0 0.07 0 0.12 0 0.01 0 0.25 0.11 0 0.03 0 0.09 0.2 0.1 0 0.19 0.05 0.05 0.06
"PPP1R14C" -0.05 0 0 0 0 0 0 -0.12 0 0 -0.39 0 -0.13 0 -0.36 -0.33 0 0 0 -0.04 -0.07
"NETO2" 0 0 -0.03 0 0 -0.32 0 0 -0.02 0 0 0 -0.14 0 -0.15 0 -0.12 0 0 0 -0.04
"ZNF611" 0 0 0 0 0 0 0 -0.05 0 0 0 0 0 0 0 0 0 -0.01 0 0 0
"MED25" -0.07 -0.06 0 0 0 0 0 0 0 0 0 0 0 0 0 0 0 0 0 0 -0.01
"LAS1L" 0 0 0 0 0 0 0 -0.05 0 0 0 0 0 0 0 0 0 0 0 0 0
"SLIRP" 0 0 0 0 0 0 0 0 0 0 0 0 0 0 0 0 -0.01 0 0 0 0
"ABHD17A" 0 0 0 0 0 0 0 0 0 0 0 0 0 0 0 0 -0.06 0 0 0 0
"SH3BGRL3" 0 0 0 0 0 0 0 0 0 0 0 0 0 0 0 0 0 -0.07 0 -0.15 -0.01
"DNAL1" -0.22 0 0 0 0 0 0 0 0 0 0 0 0 0 0 0 0 0 0 0 -0.01
"THAP2" 0.21 0.27 0.06 0.09 0.04 0 0 0 0 0.05 0 0.2 0.06 0.04 0 0.03 0.04 0 0.05 0 0.06
"SELENOO" 0 0 0 0 0 0 0 0 0 0 0 -0.02 0 0 0 0 0 0 0 0 0
"CCDC3" 0.25 0.53 0.03 0.12 0.1 0.21 0.32 0.93 0.06 0.1 0.83 0.34 0.51 0 0.32 0 0.4 0.26 0 0.49 0.29
"ATG10" 0 0 0 0 0 0 -0.01 0 -0.16 0 0 0 0 0 -0.19 0 0 0 -0.11 0 -0.02
"ITCH" -0.31 0 0 0 0 0 0 0 0 0 0 0 0 0 0 0 -0.1 0 0 0 -0.02
"TMTC1" 0.39 0.08 0 0.03 0.52 0.14 0.03 0 0.15 0 0.14 0 0.49 0.17 0 0.06 0.28 0.52 0.11 0 0.16
"LRMDA" -0.06 0 0 0 0 0 0 0 0 0 0 0 0 0 0 0 0 0 0 0 0
"SLC10A7" 0 -0.02 0 0 0 0 0 0 0 0 0 0 0 0 0 0 0 0 0 0 0
"CEP78" 0 0 0 0 0.01 0 0 0.26 0 0 0 0 0 0 0 0 0 0 0 0.07 0.02
"RHBDD1" 0 0 0 0 0 0 0 0 0 0 0 0 0 0 0 0 0 -0.18 0 0 -0.01
"FLYWCH1" 0 0 0 0 0 0 0 0 0 0 0.16 0 0 0 0 0 0 0 0 0 0.01
"DCUN1D5" 0 0 -0.05 -0.04 0 0 0 -0.06 -0.21 0 -0.05 0 0 0 0 0 -0.15 -0.03 0 0 -0.03
"TMEM175" 0 0 0 0 0 -0.06 0 0 0 0 0 0 0 0 -0.13 -0.02 0 0 0 -0.05 -0.01
"BRMS1L" -0.22 -0.44 -0.2 -0.51 -0.26 -0.11 -0.32 -0.37 -0.41 -0.28 -0.53 -0.28 -0.33 -0.3 -0.54 -0.31 -0.41 -0.55 -0.39 -0.39 -0.36
"THOC3" -0.08 0 0 0 0 0 0 0 0 0 0 0 0 0 0 0 0 0 0 0 0
"MAML2" 0 0 0 0 0.04 0 0 0 0 0 0 0 0 0 0 0 0 0 0 0 0
"MAP1LC3A" 0 0 0 0 0 0 0 0 0 0 0 0 -0.11 0 0 0 0 0 0 0 -0.01
"SLC12A8" -0.02 0 0 0 0 0 0 0 0 0 0 0 0 0 -0.2 0 0 0 0 0 -0.01
"ST6GAL2" 0 0 0 -0.3 -0.37 -0.31 -0.1 0 -0.18 0 0 -0.12 -0.14 0 -0.07 -0.09 0 -0.09 -0.04 0 -0.09
"FUT10" 0.01 0 0.1 0.11 0.08 0 0 0 0.23 0 0 0.06 0 0 0.22 0.05 0 0.08 0 0 0.05
"ZNF577" 0 0 0 0 0 0 0 0 0 -0.19 0 0 0 -0.18 -0.03 0 0 0 0 0 -0.02
"HAVCR2" 0 0 0 0 0 0 0 0 0 0 0 0 0 0 0 0 0 0 0 0 0
"CBR4" 0 0 0 0 0 0 0 0 0 0 0 0 0 0 0 0 0 0.01 0 0 0
"AIFM2" 0.07 0 0 0 0 0 0 0 0 0 0 0 0 0 0 0 0 0 0 0 0
"SLC49A4" 0 0 0 0 0 0 0 0 0 0 0 0 0 0 0 0 0 0 -0.02 0 0
"TMEM209" 0 0 -0.01 0 0 0 0 0 0 0 0 0 0 0 -0.24 0 0 0 0 0 -0.01
"IGSF21" 0 0 0 0 0 0 0 0 0 0 -0.18 0 0 0 0 0 0 0 0 0 -0.01
"RBM17" 0 0 -0.14 0 0 0 0 -0.16 -0.12 0 -0.07 0 0 0 0 0 0 0 -0.19 -0.02 -0.04
"USP45" 0 0 0 0 0 0 0 0 0 0.04 0 0 0 0 0 0 0 0 0 0 0
"CNTNAP4" 0.24 0.35 0.01 0 0 0.21 0 0 0 0 0.12 0.05 0 0 0.21 0.04 0.05 0 0 0.15 0.07
"DIXDC1" 0 0 0 0.1 0 0 0 0 0.01 0 0 0 0 0 0 0 0 0 0 0 0.01
"ANKRD13A" 0 0 0 0 0 0 0 0 0 0 0 0 0 0 0 0 0 0 0 0.05 0
"NAV2" -0.18 0 0 0 0 0 0 0 0 -0.05 0 0 0 0 0 0 0 0 0 0 -0.01
"RHOT2" 0 0 0 0 0 -0.05 0 0 0 0 0 0 0 0 0 0 0 0 -0.02 0 0
"DPH6" 0 0 -0.19 0 0 0 0 0 -0.04 0 -0.14 0 0 0 0 0 -0.14 0 0 -0.06 -0.03
"EFCAB11" 0 0 0 0 0 0 0 0 0 0 0 0 -0.04 0 0 0 0 0 0 0 0
"HS6ST2" 0 0 0 0 0 0.05 0.01 0.05 0.22 0 0 0.14 0 0 0 0.18 0 0.07 0 0.19 0.05
"KLHL13" 0 0 0 0 0 0 0 0 0 0 0 0 0.14 0 0 0 0 0 0 0 0.01
"STARD13" 0 0 0 0 0 0 0 0 0 0 0 0 0 0 0 0 0 0 0.06 0 0
"PPP1R3E" 0 0 -0.01 0 0 0 0 0 0 0 0 0 0 0 0 0 0 0 0 0 0
"LRSAM1" 0 0 0 0 0 0 0 0 0 0 0 0 0.03 0 0 0 0 0 0 0 0
"SEC11C" -0.08 0 0 0 0 0 -0.04 0 0 0 0 -0.09 0 0 0 0 0 0 0 0 -0.01
"DHX57" 0 0 0 0 0 -0.02 0 0 0 0 -0.04 0 0 0 0 0 0 0 -0.16 0 -0.01
"CCDC149" 0 0 0 0 0 0 0 -0.11 0 0 0 0 0 0 0 -0.24 -0.22 0 0 0 -0.03
"ZNF682" 0 0 0 0 0 -0.18 0 0 0 0 0 0 0 0 0 0 0 0 0 -0.18 -0.02
"TMEM67" 0 0 0 0 0 0 0 0 -0.05 0 0 0 0 0 0 0 0 0 0 0 0
"TMEM259" 0 0 -0.22 0 -0.03 -0.13 -0.09 0 0 0 0 0 0 0 0 -0.21 0 0 0 -0.02 -0.04
"RNF185" 0 0 0 0 0 0 0 0 0 0 0.08 0 0 0 0 0 0.1 0 0 0.05 0.01
"ATPAF2" 0 0 0 0 0 0 0 0 0 0 0 0 0 0 -0.07 0 0 0 0 0 0
"NEK9" 0 0 0 0 0 0 0 0 0 0 0.07 0 0 0 0 0 0 0 0 0 0
"CABLES1" 0 -0.1 -0.16 -0.14 0 0 -0.03 0 -0.01 0 0 -0.18 -0.01 -0.15 -0.26 0 -0.06 0 0 -0.02 -0.06
"TTC5" -0.09 -0.33 -0.48 -0.01 -0.32 -0.29 -0.32 -0.48 -0.12 -0.41 -0.42 -0.28 -0.33 -0.52 -0.33 -0.72 -0.74 -0.35 -0.06 -0.38 -0.35
"DSEL" 0 0 0 0 0 0 0 0 0 0 0 0 0 0 0 0 0 -0.07 0 0 0
"MRPS36" 0 0 0 0 0 0 0 0 0 0 -0.18 0 0 0 -0.28 0 0 -0.08 0 -0.06 -0.03
"ZNF461" 0 0 0 0 0 0 0 -0.02 0 0 0 0 -0.13 0 0 0 -0.03 0 0 0 -0.01
"SPECC1" 0.51 0 0.29 0 0.16 0.18 0.15 0 0.34 0 0 0 0 0 0 0 0 0 0.15 0 0.09
"DNER" 0 0 0 0 0 0 0 0 0 0 0 0 0 0 0.03 0 0 0 0 0 0
"TMEM44" 0.06 0.2 0.18 0.09 0.13 0.34 0.09 0.28 0.06 0.24 0.39 0.32 0.42 0.42 0.3 0.3 0.13 0.26 0.34 0.29 0.24
"IGSF8" 0 0 0 0 0 0 0 0 0 0 0 0 0 0 0 0 0 0 0 -0.03 0
"FBXO44" -0.09 0 0 0 0 0 0 0 0 0 0 0 0 0 0 0 0 0 0 0 0
"HPYR1" -0.05 0 0 0 0 0 0 0 0 0 -0.23 -0.05 0 0 0 0 -0.04 0 0 -0.12 -0.02
"LRRC4B" 0 0 0 0 0 0 0 0 0 0 0 0 0 0 0 0 0 -0.03 0 0 0
"GLB1L3" 0 0 0 0 0 0 0 0 0 0 0 0 0.14 0 0 0 0 0 0 0 0.01
"SAAL1" 0 0.16 0.2 0.16 0.12 0.06 0 0 0.2 0.01 0.3 0.22 0.05 0 0.16 0 0.2 0.05 0 0 0.1
"HELQ" 0.01 0.01 0 0.02 0 0 0 0 0 0 0.07 0 0 0 0 0 0 0 0 0.14 0.01
"LRRC37B" 0 -0.16 0 0 0 0 0 0 0 0 0 0 0 0 0 0 0 0 0 0 -0.01
"FMNL2" 0 0 0 0 -0.04 0 0 0 0 0 0 0 0 0 -0.07 0 0 0 0 0 -0.01
"TMEM132B" -0.28 0 0 0 0 0 0 0 0 0 0 0 0 0 0 0 -0.03 0 0 0 -0.02
"OSBPL1A" 0 0 0 0 0 0 0 0 0 0 0 0 0 0 0 0 0 0 0 0 0
"OSBPL5" 0 0 0 0 0 0 0 0 0 0 0 0 0 0 0 0 0 0 -0.04 0 0
"OSBPL11" 0 -0.04 0 0 0 0 0 0 0 0 0 0 0 0 0 0 0 0 0 0 0
"C1QTNF4" 0 -0.21 -0.13 -0.32 -0.14 0 -0.17 -0.1 -0.28 -0.12 -0.04 -0.05 -0.06 -0.18 -0.09 -0.05 -0.23 0 0 -0.32 -0.12
"LRRC3B" 0 0 0 0 0 0 0 0 0 0 0 0 0 0 0 0 0 0 0 0 0
"SLC26A8" 0 0 -0.01 0 0 -0.34 0 0 -0.22 0 0 0 0 -0.03 -0.02 -0.07 0 0 0 0 -0.03
"SLC18B1" 0 0 0 0.03 0 0 0.02 0 0.06 0 0.28 0 0 0 0 0 0.06 0 0 0.13 0.03
"ARAP2" 0 0 0 0.31 0 0 0 0 0 0 0 0 0 0 0 0 0 0 0 0 0.02
"THEM4" 0 0 0 0 0 0 -0.01 -0.1 0 0 -0.16 -0.1 0 0 -0.06 -0.03 -0.32 -0.14 -0.3 0 -0.06
"CATSPER2" -0.28 -0.45 0 -0.22 -0.04 0 0 -0.14 0 -0.3 0 0 0 0 0 0 0 0 0 -0.02 -0.07
"OLFM3" 0 0 0 0 0 0 0 0 0 0 0 0 0 0 0 0 0.16 0 0 0 0.01
"MSS51" 0 0.15 0 0 0 0.07 0 0.21 0.1 0 0.43 0.06 0 0 0 0 0.16 0 0 0.2 0.07
"SFXN4" 0 0 0 0 0 0.08 0 0 0 0 0 0 0 0 0 0 0.11 0.01 0 0 0.01
"TRAPPC6B" 0.14 0 0 0.19 0.1 0.37 0.17 0 0.38 0 0.06 0.08 0 0 0.44 0 0 0.19 0.15 0 0.11
"LEO1" 0 -0.14 0 0 0 -0.03 0 0 0 0 0 0 0 0 0 0 0 0 0 -0.07 -0.01
"MTFMT" 0 0 0 0 0 0 0 0 0 0 0 0 -0.25 0 0 0 0 0 0 0 -0.01
"IQCK" -0.01 0 0 0 0 0 0 0 0 0 0 0 0 0 0 0 0 0 0 0 0
"ANKS3" -0.03 0 -0.15 0 0 -0.18 0 0 -0.15 0 -0.06 -0.27 -0.17 0 0 0 0 0 -0.33 -0.1 -0.07
"TYW3" 0 -0.07 0 0 0 0 0 0 -0.04 0 0 0 0 0 -0.18 0 0 0 0 -0.03 -0.02
"DRAM2" 0 0 0 0 0 0 0 0 0 0.03 0 0 0 0 0 0 0 0 0 0 0
"TYW5" -0.14 0 0 0 0 0 0 0 -0.04 0 -0.04 0 -0.02 0 0 -0.09 -0.01 -0.05 0 -0.05 -0.02
"MITD1" 0 0 0 0 0 0 0 0 0 0 0 0 -0.01 0 0 0 0 0 0 0 0
"MBOAT2" 0 0 0 0 0 0 0 0 0 0 0 0 0 0 0 0 0 -0.09 0 0 0
"AP1S3" 0 0 0 0 0 0 0 0 0 0 0 0 0 -0.06 0 0 0 0 0 -0.14 -0.01
"PACRGL" 0 0 0 0 0 0 0 0 0 0 0 0 -0.08 0 0 0 -0.01 -0.23 0 0 -0.02
"UBLCP1" 0.02 0 0 0 0 0 0 0 0 0 0 0 0 0 0.03 0 0.01 0 0 0 0
"MTPN" -0.26 -0.25 0 -0.06 0 -0.19 0 0 -0.06 0 -0.03 -0.1 0 0 -0.19 0 0 -0.28 0 0 -0.07
"LRGUK" -0.09 0 0 0 0 0 0 0 0 0 0 0 0 0 -0.01 0 0 0 0 0 -0.01
"CARNMT1" -0.3 -0.07 0 0 0 0 0 0 0 0 0 0 -0.52 0 0 0 -0.4 0 0 0 -0.06
"MAGEC3" 0.18 0.15 0 0.1 0 0.18 0.28 0.06 0.14 0 0 0 0.14 0.05 0 0.13 0.14 0.03 0.19 0.01 0.09
"CHODL" 0 -0.01 0 0 0 0 0 -0.03 0 0 0 0 0 0 0 0 0 0 0 0 0
"BRI3BP" 0 0 0.06 0 0 0 0 0 0 0 0 0 0 0 0 0 0 0 0.05 0 0.01
"TRUB1" 0 0 0 0 0 0 0 -0.06 0 0 0 0 0 0 0 0 -0.13 0 0 0 -0.01
"CACUL1" 0 0 0 0 0 0 0 0 0 0 -0.03 0 0 0 0 0 0 0 0 0 0
"SPTY2D1" 0 0 0 0 0 0 0 -0.01 0 0 0 0 0 0 0 0 0 0 0 0 0
"GLT1D1" 0 0 0 0 0 0 0 -0.14 -0.07 0 0 0 0 0 -0.05 0 0 -0.1 0 0 -0.02
"CFAP54" 0 0 0 0 0 0 0 -0.1 0 0 0 0 0 0 -0.02 0 0 0 0 0 -0.01
"LYSMD4" 0.3 0 0 0.14 0 0.09 0 0.22 0.22 0 0.32 0.21 0.3 0.05 0.26 0.19 0.2 0.15 0.22 0.13 0.15
"FAM81A" 0 0 0 0 0 0 0 0 0 0 0 0 0.09 0 0 0 0 0 0 0 0
"TTBK2" 1.99 0.79 0.62 0.2 0.9 0.42 0.5 0 0.39 0.62 0.71 0.57 0.79 0.64 0.58 0.2 0.38 0.6 0.02 0.56 0.57
"GSG1L" 0 0 -0.08 -0.04 0 0 0 0 0 0 -0.15 0 0 0 0 0 0 0 0 0 -0.01
"ZNF785" 0 -0.08 0 0 0 0 0 -0.06 -0.07 0 -0.2 0 0 0 -0.18 0 -0.06 0 -0.12 -0.32 -0.06
"MGAT5B" -0.04 0 0 0 0 0 0 0 0 0 0 0 0 0 0 0 0 0 0 0 0
"CFAP52" -0.11 -0.06 0 0 -0.14 -0.01 0 0 -0.1 0 0 -0.29 -0.06 0 -0.15 0 0 -0.3 0 -0.14 -0.07
"CBLN2" 0 0 0 0.06 0 0 0 0 0 0 0 0 0 0 0 0 0 0 0 0 0
"ZNF420" 0 0 0 0 0 -0.03 0 0 -0.05 0 -0.11 0 -0.01 0 -0.02 0 0 0 0 -0.04 -0.01
"ZNF583" 0 0 0 0 0 -0.03 0 0 0 0 0 0 -0.03 0 0 0 -0.01 0 -0.02 0 0
"ZNF98" 0 0 0 0 0 0 0 0 0 0 0 0 0 0 0 0 0 0 0 0 0
"C1orf52" -0.03 0 -0.11 0 0 0 0 -0.18 0 -0.13 -0.29 -0.34 0 0 0 -0.1 -0.21 0 0 -0.31 -0.09
"PDIK1L" 0 0 0 0 0 0 0 0 0 0 0 0 0 0 0 0 0 0.04 0 0 0
"ZNF385B" 0 0 0 0 0 0 0 0 0 0 -0.08 0 0 0 -0.21 0 0 0 0 0 -0.01
"ARL6IP6" 0 0 0 0 0 0 0 0 0 0 0 0 0 0 0.07 0 0 0 0 0 0
"CMC1" 0 0 0 0 0 0 0 0.07 0 0 0 0 0 0 0 0 0 0 0 0 0
"TRMT44" 0 0 0 0 0 0 0 0 0 0 0 0 0 0 0 0 0 0 -0.21 0 -0.01
"RASGEF1B" 0 -0.05 -0.08 -0.03 -0.02 -0.06 0 0 0 0 -0.02 0 -0.13 0 0 -0.03 0 -0.14 0 -0.14 -0.03
"AMOT" 0.17 0.26 0.13 0.25 0.1 0.14 0.01 0.17 0.33 0.06 0.03 0.05 0.01 0.26 0.09 0 0.09 0.16 0.26 0.1 0.13
"AMOTL1" 0 0 0 0 0 0 0 0.09 0 0.02 0 0 0 0 0 0 0.13 0 0 0 0.01
"TMEM65" 0 0 0 0 0 0 0 0 0 0 0.02 0 0.08 0 0 0 0 0 0 0 0.01
"ERICH1" 0 0 0 0 0 0 0 0 0 0 -0.16 0 -0.35 0 0 0 0 0 0 0 -0.03
"TMEM74" -0.07 0 0 0 0 0 0 0 0 0 0 0 0 -0.02 0 0 0 0 0 -0.01 -0.01
"TTC39B" 0 0 0 0 0 0.04 0 0 0 0 0 0.2 0 0 0 0 0 0 0 0 0.01
"TMTC2" -0.35 -0.35 -0.31 -0.48 0 -0.36 -0.43 -0.29 -0.23 -0.27 -0.12 -0.28 -0.37 -0.34 -0.1 -0.47 -0.64 -0.41 -0.23 -0.22 -0.31
"RHBDL3" 1.2 0.89 0.88 1.14 0.65 0.57 0.68 0.74 0.86 1.04 0.79 0.76 0.9 0.84 0.86 0.86 0.78 1.09 1.37 0.87 0.89
"PRICKLE2" 0 0 0 0 0 -0.01 0 -0.08 0 0 0 0 0 0 0 0 0 0 0 0 0
"MIER3" 0.03 0 0 0 0 0 0 0 0 0 0 0 0 0 0 0 0 0 0 0 0
"ZNF800" 0 0 0 0 0 0 0 0 0 0.17 0 0 0 0 0 0 0 0 0 0 0.01
"GLIS3" 0.06 0 0 0 0 0 0 0 0 0 0 0 0.02 0 0 0 0 0 0 0 0
"DHX36" 0 0 0 0 0 -0.17 0 0 0 0 0 0 -0.02 0 0 0 0 0 0 -0.16 -0.02
"ZNF721" 0 -0.5 -0.26 0 -0.18 0 -0.15 0 -0.14 -0.02 0 -0.16 -0.23 -0.04 -0.01 0 -0.35 -0.4 -0.37 -0.25 -0.15
"ZNF675" 0.1 0 0 0 0 0 0.08 0 0 0 0 0 0 0 0.04 0 0 0 0.22 0 0.02
"RILPL2" 0 0 0 -0.09 0 -0.19 0 0 -0.04 -0.05 0 0 0 0 -0.03 -0.04 0 -0.07 0 -0.07 -0.03
"ARID2" 0 0 0 0 0 0 0 0 0.13 0 0 0 0.16 0 0 0 0 0 0 0 0.01
"FAM227B" 0 0 0 0 0 0 0 0 0 0 0 0 0 0 0.08 0 0 0 0 0 0
"TTC21A" -0.1 0 0 0 0 0 0 0 0 -0.09 0 0 0 0 0 0 0 0 0 0 -0.01
"FAM76A" 0.11 0.11 0.14 0.12 0 0 0 0.12 0 0 0 0 0 0 0 0 0.16 0 0 0 0.04
"APLF" -0.17 -0.2 0 0 0 0 0 0 0 0 0 0 -0.06 0 0 0 0 0 0 0 -0.02
"DENND6A" 0 0 0 0 0 0 0 0 0 0 0 0 0 0 0 0 0.08 0 0 0 0
"KHDRBS2" 0 0 0 0 0 0 0 0 0 0 0 0 -0.39 0 -0.56 0 0 0 0 -0.18 -0.06
"LGI3" 0 0 0 0 0 0 0 0 0 0.01 0 0 0 0 0 0 0 0 0 0 0
"ANO5" 0 0.21 0 1.01 0.2 0.53 0.21 0.08 0.17 0.26 0 0.29 0.24 0 0.2 0.3 0.08 0.15 0 0 0.2
"SLC44A5" -0.16 -0.07 0 0 0 0 0 0 0 0 -0.23 0 0 0 0 0 0 0 0 0 -0.02
"SENP5" -0.09 0 0 0 0 0 0 0 0 0 0 0 0 0 0 0 0 0 -0.08 0 -0.01
"AMER2" 0 0 0 0 0 0 0 0 0 0 0 0 0 0 0 0 -0.04 0 0 0 0
"CCNY" 0 0 -0.07 0 0 -0.21 0 0 0 -0.11 0 0 0 0 0 0 -0.22 0 -0.21 0 -0.04
"GLYATL2" 0 0 0 0 0 0.04 0 0 0 0 0 0 0 0 0 0 0 0 0 0 0
"DOK6" -0.39 -0.58 -0.31 -0.17 -0.22 -0.21 -0.19 0 -0.54 0 0 -0.19 -0.1 -0.05 -0.52 -0.12 -0.5 -0.36 -0.2 -0.12 -0.24
"REEP3" -0.1 0 0 -0.03 0 0 -0.14 0 0 0 -0.13 -0.29 0 0 -0.38 -0.27 -0.04 0 -0.06 0 -0.07
"JMJD1C" 0 0 0 0 0 0 0 0 0 -0.61 0 0 0 0 -0.2 0 0 0 0 0 -0.04
"FAM171A1" -0.48 0 0 0 0 0 0 0 -0.33 -0.21 -0.25 -0.18 0 -0.05 0 -0.22 0 0 0 -0.73 -0.12
"ARL5B" 0 0 -0.01 0 0 0 0 0 0 0 0 0 0 0 0 0 0 0 0 0 0
"FAM162B" 0.12 0.34 0 0 0.07 0 0.01 0.25 0.17 0.14 0.21 0.3 0.17 0 0.19 0.29 0.45 0.25 0.13 0.15 0.16
"TBC1D32" 0 0 0 0 0 0 0 0 0 0 0 0 0 0 0 0 0 0 0 0 0
"BEND6" 0 0 0.01 0 0.05 0 0 0 0 0 0 0 0 0 0 0 0 0 0 0 0
"KDM1B" 0.03 0.05 0.01 0 0 0 0 0 0 0 0.2 0 0.05 0 0 0 0.21 0.01 0.07 0 0.03
"MMD2" -0.07 -0.07 0 0 -0.13 -0.08 0 0 -0.06 0 -0.21 0 0 0 0 0 -0.06 0 0 -0.12 -0.04
"CCZ1B" 0 0 0 0 0 0 0 0 0 0 0 -0.02 -0.01 -0.05 0 0 0 0 0 0 0
"THSD7A" 0 0 0 0 0 0 0 0 -0.16 0 0 0 0 -0.01 0 -0.09 0 0 0 0 -0.01
"RSBN1L" 0 0 0 0 0 0.14 0 0 0 0 0 0 0 0 0 0 0 0 0 0 0.01
"HS3ST5" 0 0.05 0.08 0.15 0.01 0.11 0 0.01 0 0 0 0.05 0.09 0 0.23 0 0 0.13 0.31 0.03 0.06
"SLC35F1" 0 0 0 0 0 0 0 0 0 0 0 0 0.04 0 0 0 0 0 0 0 0
"ZSCAN23" 0 0 0 0 0 0 0 0 0 0 0 0 -0.1 0 -0.04 0 0 0 0 0 -0.01
"SPESP1" -0.32 -0.28 -0.24 -0.44 -0.43 -0.3 -0.28 -0.41 -0.23 0 -0.17 -0.18 -0.38 -0.35 -0.21 -0.22 -0.62 0 -0.11 -0.37 -0.28
"TMEM9" 0 0 0 0 0 0 0 0 0 0 -0.02 0 -0.06 0 0 0 0 0 0 0 0
"CERS6" 0 -0.92 -0.29 0 0 -0.21 0 0 -0.23 -0.23 0 0 -0.28 0 0 -0.32 0 -0.03 0 -0.39 -0.14
"MSRB3" 0 0 0 0 0 0 0 0 0 0 0 0 0 0 0 0 0 0 0.06 0 0
"METAP1D" 0.06 0 0 0 0 0 0 0 0 0 0 0 0 0 0 0 0.08 0 0 0 0.01
"LCORL" 0 0 0 0 0 0 0 0 0 0 0.25 0 0.1 0 0.04 0 0 0 0 0 0.02
"CNIH2" 0 0 0 0 0 0 0 0 0 0 0 0 0 0 -0.01 0 0 0 0 0 0
"COL24A1" 0 0 0 -0.06 -0.24 0 -0.04 0 -0.01 -0.28 -0.25 -0.06 0 -0.12 0 -0.34 0 -0.01 -0.1 -0.08 -0.08
"SYT14" 0.66 0.17 0 0 0 0 0 0 0 0.34 0 0 0 0 0.18 0 0.38 0 0.3 0 0.1
"BCLAF3" 0 0 0 0 0 0 0 0 0 0 0 0 0 0 0 0 0 0 0 0 0
"MAMDC2" 0 0.08 0.08 0 0 0.11 0 0 0.05 0 0.3 0.08 0 0.18 0.12 0 0 0.04 0 0.08 0.06
"C10orf67" 0 0 0.18 0 0 0 0 0 0 0 0 0 0 0 0 0 0.1 0 0 0 0.01
"CATSPERE" 0 -0.07 0 0 0 0 0 0 0 0 0 0 0 0 0 0 0 0 0 0 0
"PLCXD2" 0 0 0 0 0 0 0 0 0 0 0.07 0 0 0 0 0 0 0 0 0.03 0
"RNF214" 0 0 0 0 0 0 0 0 0 0 0 0 0 0 0.03 0 0 0 0 0 0
"NALCN" 0.23 0 0 0 0 0 0 0 0 0 0 0 0.06 0 0.06 0 0.77 0 0 0 0.06
"CYP4X1" 0 0 0 0 0 0 0 0 -0.12 0 0 0 0 0 0 0 0 0 0 0 -0.01
"NPHP4" 0.32 0.35 0 0.21 0 0.01 0 0 0.23 0 0 0.05 0.12 0 0.35 0 0.46 0.04 0 0.36 0.12
"HS6ST3" 0 0 0 0 0 0 0 0 0 0 0 0.11 0 0 0 0 0 0 0 0 0.01
"TTC9C" 0 0 0 0 0 0 0 0 0 0 0 0 0 0 0 0 0 0 0 -0.1 -0.01
"ANKRD52" 0 -0.03 -0.1 -0.05 0 -0.27 0 -0.07 -0.04 0 -0.22 -0.42 -0.58 -0.04 -0.03 -0.18 -0.08 -0.22 -0.42 -0.16 -0.15
"DPY19L2" 0 0 0 0 0 0 0 0 0 0 0 0 0 0 0 0 0 0 0 0 0
"GATC" 0 0 0 0 0 0 0 0 0 0 0 0 0 0 -0.03 0 0 0 0 0 0
"GPR137C" 0.14 0.18 0 0 0 0 0 0.07 0 0 0 0 0 0 0.11 0 0 0 0 0 0.03
"FAM98B" 0 0 0 0 0 0 0 0 0 0 0 0 0 0 -0.04 0 -0.01 0 0 0 0
"IGSF10" 0 -0.01 0 -0.1 0 -0.09 -0.01 0 -0.1 0 0 -0.08 -0.14 0 0 0 0 0 0 0 -0.03
"SUMF1" -0.29 -0.56 0 0 0 -0.18 0 0 -0.15 0 -0.74 -0.41 -0.56 0 -0.1 0 0 -0.43 -0.01 -0.37 -0.19
"C3orf70" 0 0 0 0 0 0 0 0 0 0 0.03 0 0 0 0 0 0 0 0.04 0 0
"STPG2" 0 0 0 0 0 0 0 0 0 0 -0.08 0 0 0 0 0 0 0 0 0 0
"SREK1IP1" 0 0 0 0 0 0 -0.08 0 0 0 0 0 0 0 0 0 0 0 0 0 0
"PPIL6" 0 0 0 0 0 0 0 0 0 0 0 0 0 0 0.33 0 0 0 0 0 0.02
"XKR6" 0.1 0 0.76 0 0 0 0 0 0.09 0 0 0.59 0.16 0 0 0.14 0.51 0.32 0 0.23 0.14
"LURAP1L" 0.11 0.03 0 0.22 0.38 0.22 0.22 0.21 0.31 0 0.45 0.2 0.46 0.21 0.14 0.24 0.46 0.09 0.18 0.13 0.21
"ZBTB8OS" 0 0 0 0 0 0 0 0 0 0 0 0 0 0 0.03 0 0 0 0 0 0
"NRBP2" -0.03 0 0 0 0 0 0 0 0 0 0 0 0 0 0 0 0 -0.01 0 -0.06 0
"RSPO2" 0 0 0 0 0 0.13 0 0 0 0 0 0 0 0 0 0 0 0 0 0 0.01
"ZDHHC21" 0 0 0.13 0 0 0 0 0 0 0 0 0 0 0 0 0 0 0 0 0 0.01
"SATL1" 0 0 0 0 0 0 0 0 0 0 0 0 0 0 0 -0.04 -0.01 0 0 0 0
"SYT10" 0.39 0.24 0.2 0.14 0.02 0.25 0.18 0.27 0.12 0.32 0.13 0.25 0.11 0.03 0.24 0.31 0.11 0.07 0.24 0.35 0.2
"SH3RF3" -0.19 0 0 0 0 0 0 -0.14 0 0 -0.09 0 0 0 0 0 -0.21 0 -0.14 0 -0.04
"EYS" 0 0 0 0 -0.02 0 0 0 0 0 -0.11 0 0 0 -0.04 0 0 0 0 0 -0.01
"ZNF81" 0.21 0 0.04 0.04 0 0 0 0 0 0.02 0 0.03 0.12 0 0.05 0 0 0 0 0 0.02
"RTN4RL2" 0 0 0 0 -0.01 0 0 0 -0.08 0 0 0 0 0 0 0 -0.03 0 0 0 -0.01
"SLCO4C1" 0.19 0 0 0.21 0.08 0.08 0.05 0 0.17 0.07 0 0 0.23 0 0 0 0 0 0.12 0 0.06
"GSTK1" 0 0 0 -0.09 0 0 0 0 0 0 0 0 0 -0.03 0 0 0 0 0 0 -0.01
"LRRC37A3" -0.26 -0.2 -0.24 0 -0.47 -0.12 -0.02 -0.34 -0.25 -0.25 0 -0.2 -0.29 -0.04 0 -0.3 -0.06 -0.12 -0.04 -0.42 -0.18
"ANKRD30B" 0 0 0 0 0 0 0 0 0 0 0 0 0 0 0 0 -0.22 0 0 0 -0.01
"VWC2" 0.29 0.3 0.09 0.39 0.13 0.24 0.11 0.08 0 0.14 0.43 0.18 0.22 0.26 0.2 0.12 0.08 0.14 0.12 0.21 0.19
"SLC27A1" 0 0 0 0 0 0 0 0 0 0 0 0 -0.09 0 0 0 0 0 0 0 0
"CA13" 0 0 0 0 0 0 0 0 0 0 0 0 0 0 0 0 -0.22 0 0 0 -0.01
"SLC22A10" 0 0 0 0 0 0 0 0 0 0 -0.02 0 0 0 0 0 0 0 0 0 0
"NHLRC3" 0 0 0 0 0 0 0 0 0 0 0 0 0 0 -0.04 0 0 0 0 0 0
"ZNF470" 0 -0.06 0 0 -0.01 0 -0.03 -0.11 0 0 -0.08 0 0 0 -0.29 -0.13 -0.01 -0.19 -0.05 0 -0.05
"SAMD5" -0.1 -0.02 0 -0.08 -0.08 -0.08 -0.08 -0.24 -0.01 0 -0.16 0 0 -0.01 -0.08 0 -0.1 -0.1 -0.26 -0.04 -0.07
"XKR9" -0.53 -0.71 -0.45 -0.44 -0.65 -0.38 -0.36 -0.43 -0.49 -0.48 -0.56 -0.66 -0.34 -0.41 -0.52 -0.8 -0.52 -0.6 -0.48 -0.74 -0.53
"ZNF793" -0.16 0 -0.15 -0.29 0 -0.04 0 -0.09 -0.06 -0.2 -0.09 -0.16 0 -0.03 -0.23 0 0 -0.09 0 -0.01 -0.08
"HEATR4" 0 0.07 0 0 0 0 0 0.01 0.19 0 0.01 0 0 0 0.15 0 0.32 0 0 0 0.04
"KNOP1" 0 0 0 0 0 0 0 0 0 0 0 0 0 0 0 0 0.01 0 0 0 0
"MIRLET7BHG" 0 0.12 0 0.16 0 0 0 0 0 0 0 0 0 0 0.24 0 0.09 0 0 0 0.03
"TMEM41B" 0 0 0.13 0 0 0 0 0 0 0 0 0 0 0 0 0 0 0 0 0 0.01
"MZT1" 0 0 -0.02 0 0 0 0 0 0 0 0 0 0 0 0 0 0 0 0 0 0
"ANKRD18B" 0 0 0.04 0 0 0 0 0.28 0 0 0 0.17 0 0 0 0.12 0 0 0 0 0.03
"PTCHD4" 0 0.02 0.24 0 0 0 0 0 0.03 0 0.11 0 0.06 0 0 0.01 0.32 0.09 0.03 0.08 0.05
"IGFL4" -0.01 -0.12 -0.36 -0.04 -0.38 -0.21 -0.08 0 -0.11 -0.09 -0.32 -0.12 -0.19 0 -0.18 -0.18 -0.17 -0.26 -0.23 0 -0.15
"LRRC37A2" -0.26 -0.49 -0.39 -0.28 -0.49 -0.24 -0.08 -0.59 -0.26 -0.2 -0.31 -0.45 -0.15 -0.3 -0.4 -0.24 -0.33 -0.29 -0.41 -0.09 -0.31
"COA5" 0 0 0 0 0 0 0 0 0 0 0 0 0.02 0 0 0 0 0 0 0 0
"RNF165" -0.02 0 0 -0.69 -0.09 -0.52 -0.7 0 -0.34 -0.09 -0.23 -0.22 -0.07 -0.24 0 0 0 -0.2 -0.09 -0.14 -0.18
"MIR4435-2HG" 0 0 0 0 0 0 0 0 0 0 0 0 0 0 0 -0.03 0 0 0 0 0
"WIPF3" 0.22 0 0 0.04 0 0 0 0 0.04 0 0 0.14 0 0 0 0.23 0 0 0 0 0.03
"MIR3976HG" 0 0 0 0 0 0 0 0 0 0 0 0 0 0 0 0 0 0 0 -0.17 -0.01
"PRB2" 0 0 0 0 0 0 0 0 0 0 0 0 0 0 0 0 0 0 -0.09 0 0
"FRG1-DT" 0 0 0 0 0 0 0 0 0 0 0 0 0 0 0 0 0 0 0 0 0
"SHISA9" 0 0 0 0 0 0 0 0 0 0 0 0 0 0 -0.06 0 0 0 0 0 0
"TVP23A" -0.04 0 0 0 -0.08 0 0 0 0 0 0 0 0 0 -0.06 0 0 0 0 0 -0.01
"PWRN1" -0.02 0 0 0 0 0 0 0 0 0 0 0 -0.04 0 0 0 0 0 0 0 0
"C16orf95" 0 -0.05 0 0 0 0 0 0 0 0 0 0 0 0 0 0 0 0 0 0 0
"BCL2L2-PABPN1" 0 0 0 0 0 0 0 0 0 0 0 0 0 0 0 0 0 0 0 0 0
"TIMM23B" 0 0 0 0 -0.13 0 -0.13 -0.08 0 -0.06 0 0 0 -0.21 0 0 0 0 0 0 -0.03
"KIAA2012" 0 -0.11 -0.22 0 0 -0.03 0 0 0 0 -0.09 0 0 0 0 -0.14 -0.07 0 0 -0.1 -0.04
"MMP24OS" 0 -0.02 0 0 0 0 0 0 0 0 0 0 0 0 0 0 0 0 0 0 0
"MIR4300HG" 0 -0.08 0 0 0 0 -0.08 0 0 0 0 0 -0.16 -0.01 0 0 0 -0.08 0 0 -0.02
"AK6" 0 -0.2 0 0 0 -0.1 0 -0.08 -0.13 0 0 -0.03 0 0 0 0 0 0 0 -0.17 -0.04
"KANTR" 0 0 0 0 0 0 0 0.09 0 0 0 0 0 0 0 0 0 0 0 0 0
