"seed_1" "seed_2" "seed_3" "seed_4" "seed_5" "seed_6" "seed_7" "seed_8" "seed_9" "seed_10" "seed_11" "seed_12" "seed_13" "seed_14" "seed_15" "seed_16" "seed_17" "seed_18" "seed_19" "seed_20" "mean"
"ADD1" 0 0 0 0 0 0 0 0 0 0 0.04 0 0 0 0 0 0 0 0 0 0
"ADD2" -0.02 0 0 0 0 0 0 0 0 0 0 0 0 0 0 0 0 0 0 0 0
"GRK2" -0.18 0 0 0 0 0 0 0 0 0 0 0 0 0 0 0 -0.07 0 0 0 -0.01
"AMD1" 0 0 0 0 0 0 0.07 0 0.06 0 0.29 0 0 0.24 0 0.16 0 0 0 0 0.04
"AMFR" 0 0 0 0 0 0 0 0 0 0 0 0 0 0 0 0.09 0 0 0 0 0
"BIRC2" 0 0 0 0 0 0 0 0 0 0 0.07 0 0 0 0 0 0 0 0.02 0 0
"XIAP" 0.12 0 0 0.08 0 0 0.21 0 0 0.15 0.18 0.14 0.16 0.45 0.14 0.27 0.04 0.07 0.26 0 0.11
"APLP1" 0 0 0 0 0 0 0 0 0 0 0 0 0 0 0 -0.11 0 0 0 0 -0.01
"ARG2" 0 0 0 0 0 0 0 0 0 0 0 0 0 0 0 0 0 0.09 0 0 0
"ARL3" 0 0 0 0 0 0 0 0 0 0 0 0 0 0 0 -0.35 0 0 0 0 -0.02
"ATM" 0 0 0 0 0 0 0 0 0 0 0 0 0 0.01 0 0 0 0 0 0 0
"ATP2B1" 0 0 0 -0.12 0 0 0 0 0 0 0 0 -0.03 0 0 0 0 0 0 0 -0.01
"ATP5ME" 0 0 0 0 0 0 0 0 0 0 0 0 0 0 0 0 0 0 -0.21 -0.01 -0.01
"ATP6V1A" 0 0 0 0 0 0 0 0 0 0 -0.05 0 0 -0.28 0 -0.23 0 0 -0.27 0 -0.04
"ATP6V0C" -0.6 0 0 0 0 0 0 0 0 0 0 0 -0.11 0 0 0 -0.07 -0.2 -0.53 0 -0.08
"B2M" 0 0 0 0.04 0 0 0.16 0 0.08 0.12 0 0 0.01 0.15 0.13 0.1 0 0.02 0 0 0.04
"BACH1" 0 0 -0.07 0 0 -0.33 -0.43 0 0 0 0 -0.16 0 0 0 -0.17 -0.09 -0.1 0 -0.05 -0.07
"BMP6" 0 0 0 -0.11 0 0 0 0 0 -0.02 0 0 -0.03 0 0 0 0 0 0 0 -0.01
"DST" 0 0 0 0 0 0 -0.28 0 0 0 0 0 0 0 0 -0.46 0 0 0 0 -0.04
"BSG" -0.23 0 0 0 0 0 0 0 0 0 0 0 0 0 0 0 0 0 0 0 -0.01
"LDLRAD4" 0 0 0 0.05 0 0 0 0 0 0 0 0 0 0 0 0 0.1 0 0 0 0.01
"TMEM50B" 0.24 0.6 0 0.58 0.24 0.4 0.79 0.54 0.66 0.55 0.43 0.58 0.6 0.41 0.34 0.63 0.19 0.7 0.69 0.42 0.48
"CA3" 0 0 0 0 0 0 0 0 0 0 0.06 0 0.01 0 0 0 0 0 0 0 0
"CACNB2" 0 0 0 0.01 0 0 0.21 0 0 0 0 0 0.18 0.4 0 0.1 0 0 0.39 0 0.06
"CALB1" 0 0 0 0 0 -0.03 0 0 0 0 0 0 0 0 0 0 0 0 0 0 0
"CALU" -0.04 -0.05 0 -0.02 0 0 0 -0.06 0 0 0 0 0 0 0 0 0 0 0 0 -0.01
"CAMK2D" 0 0 0 0.54 0 0.22 0.39 0 0.38 0.15 0.18 0.35 0.17 0.47 0 0.49 0.01 0.16 0.57 0 0.2
"RUNX2" 0 0 0 0.01 0 0 0 0 0 0 0 0 0 0 0 0.09 0.06 0 0.08 0 0.01
"CCND3" 0.03 0 0.03 0.32 0 0.07 0.08 0 0 0.11 0.31 0.14 0.17 0.08 0.17 0.43 0 0.15 0.26 0.05 0.12
"CCNT2" 0 0 0 0 0 0 0 0 0 0 0 0 0 0 0 0 0 0 0 0 0
"ENTPD3" 0 0 0 0 0 0 0 0.05 0 0 0 0 0 0 0 0 0 0 0 0 0
"CD81" -0.57 -0.35 -0.4 -0.78 -0.47 -0.58 -0.52 -0.5 -0.81 -0.55 -0.33 -0.54 -0.35 -0.51 -0.58 -0.74 -0.42 -0.47 -0.61 -0.38 -0.52
"CDH12" 0 0 0 0 0 0 0 0 0 0 0 0 0 0 0 0 -0.07 0 0 0 0
"CENPC" 0 0 0 0 0 0 0.13 0 0 0 0 0 0 0 0 0 0 0 0 0 0.01
"CHD3" 0 0 0 0 0 -0.21 -0.06 0 0 -0.1 0 -0.09 0 0 0 0 0 0 0 0 -0.02
"LYST" 0 0 0 0 0 0 0 0 0.1 0 0 0 0 0 0.03 0 0 0 0 0.06 0.01
"AP2S1" 0 0 0 0 0 0 0 0 0 0 -0.09 0 0 0 0 0 0 0 -0.02 0 -0.01
"CLU" 0 0 0 0 0 0 0 0 0 0 0 -0.05 0 0 0 0 -0.07 -0.08 0 -0.04 -0.01
"CNN3" 0 0 0 0 0 0 0.04 0 0 0 0 0 0 0 0 0.13 0 0 0 0 0.01
"COL19A1" 0 0 0 0 0 0 -0.05 0 0 0 0 0 0 0 0 0 0 0 0 0 0
"COPB1" 0 0 0 0 0 0 0 0 0 0.03 0.21 0.49 0.03 0.01 0 0 0 0.27 0.1 0 0.06
"CRK" 0 0 0 0 0 0 0 0 0 0 0 0 0 0 0 0 0 0 0.02 0 0
"CRY2" 0 0 0 0 0 0 0 0 -0.01 0 0 0 0 0 0 0 0 0 0 0 0
"CSNK1D" 0 0 0 -0.22 0 -0.37 0 0 -0.01 0 -0.09 0 0 -0.37 0 -0.18 -0.03 0 -0.22 0 -0.07
"CSTB" 0 0 0 0 0 0 0 0 0 0 0 0 0 0 0 0.1 0 0 0 0 0
"CTNND2" 0 0 0 -0.81 0 -0.68 -1.43 0 -0.13 -0.09 -1.11 -0.94 -0.7 -0.86 0 -1.67 0 -1.16 -1.33 0 -0.55
"CUX1" 0 0 0 0 0 0 0.12 0 0 0 0 0 0 0 0 0 0 0 0 0 0.01
"CYLD" 0 0 0 0.16 0 0 0 0 0 0 0.26 0.23 0.04 0.03 0 0.26 0 0 0.32 0 0.07
"DGKB" 0 0 0 0 0 0.01 0 0 0 0.04 0.34 0.08 0.03 0.26 0.42 0.3 0 0.07 0 0.1 0.08
"DGKG" 0 0 0 0.03 0 0 0 0 0 0 0 0 0 0.19 0 0.22 0 0 0 0 0.02
"DDX6" 0 0 0 0 0 0 0 0 0 0 0 0 0 0 0 0 0 0 0 0 0
"DDX10" 0 0 0 0 0 0 0 0 0 0 0 0 0 0 0 -0.14 0 -0.01 0 0 -0.01
"COCH" 0.48 0 0 0 0.24 0 0 0 0 0 0.72 0.42 0 0 0.5 0.77 0.49 0.38 0 0 0.2
"DIAPH1" 0 0 0 -0.09 0 0 0 0 0 0 0 -0.02 0 -0.18 0 0 0 0 0 0 -0.01
"DLG4" 0 0.1 0 0 0 0 0 0.02 0 0 0 0 0 0 0 0.3 0 0 0 0 0.02
"DPP6" 0.02 1.22 0.17 0.68 0.85 0.62 1.61 1.05 1.19 1.14 1.19 1.34 0.8 0.79 0.69 1.27 0.63 0.99 1.19 0.82 0.91
"DTNA" 0 0 0 0 0 0 0 0 0 0 0 0 0 0 0 0.03 0 0 0 0 0
"DUT" 0 0 0 0.01 0 0 0 0 0 0 0 0 0 0 0 0 0 0 0 0 0
"EEF1A1" 0 0 0 0 0 0 0 0 0 0 0 0 0 0 0 0 0 0 0.19 0 0.01
"EEF1A2" 0 0 0 -0.12 0 -0.26 0 0 -0.09 0 0 -0.36 -0.13 -0.24 -0.04 0 0 -0.29 -0.03 0 -0.08
"EIF2S3" 0 0 0 0 0 0 0 0 0 0 -0.03 0 0 0 0 0 0 0 0 0 0
"ELAVL2" 0.08 0.29 0.68 0.78 0.21 0 0.26 0.48 0.2 0.65 0.77 0.33 0.63 0.66 0.66 0.71 0 0.39 0.64 0.66 0.45
"EXTL3" 0 0.02 0 0 0 0 0.16 0 0.08 0 0.06 0 0.11 0 0 0.05 0 0.03 0.09 0 0.03
"ACSL4" 0 0 0 0 0 0 0 0 0 0 0 0 0 0 0 -0.11 0 0 0 0 -0.01
"BPTF" 0 0 0 0 0 0 0 0 0 0 0 0 0 0 0 -0.2 0 0 0 0 -0.01
"FKTN" 0 0 0 -0.18 0 0 -0.06 0 -0.01 0 -0.29 -0.28 0 -0.14 0 0 0 0 -0.11 0 -0.05
"FLT3" 0 0 0 0 0 0 0 0 0 0 0 0 0 0.13 0 0.12 0 0 0 0 0.01
"FMR1" 0 0 0 0 0 0 0.14 0.07 0 0.01 0.09 0 0.17 0 0.05 0 0 0 0 0 0.03
"FYN" 0 0 0 -0.5 0 0 -0.23 0 0 0 -0.34 -0.29 -0.07 -0.38 0 -0.44 0 -0.22 -0.56 0 -0.15
"GABRB3" -0.08 -0.19 -0.31 -0.76 -0.12 0 -0.09 -0.34 -0.44 -0.36 -0.94 -0.02 -0.39 -0.4 0 -1 0 0 -0.26 0 -0.28
"GALNT1" 0 -0.04 0 -0.61 0 -0.04 -0.58 0 0 -0.01 -0.8 -0.06 -0.14 -0.4 -0.1 -0.86 0 -0.26 -0.53 0 -0.22
"GART" 0 0 0 0.02 0 0 0 0 0 0 0 0.11 0 0 0 0.29 0 0 0 0 0.02
"GFPT1" 0 0 0 0 0 0 0 0 0 0 0 0 0 0 0 0 0 0 -0.15 0 -0.01
"GLG1" 0 0 0 0 0 0 0 0 0 0 0 0 0 0 0 0.06 0 0 0 0 0
"GNB1" 0 0 0 0.46 0 0 0.58 0 0 0 0.17 0 0 0 0 0.07 0 0 0.75 0 0.1
"GNG7" 0 0 0 0.4 0 0 0.45 0.06 0.22 0.18 0.25 0 0.24 0.48 0.09 1.03 0.01 0.42 0.47 0.1 0.22
"GOLGB1" -0.02 0 0 -0.16 -0.25 0 -0.16 -0.11 -0.28 -0.13 0 -0.09 -0.05 -0.12 0 -0.25 -0.01 -0.27 0 0 -0.09
"GPM6B" 0 0 0 0 0 -0.28 0 0 0 0 -0.26 0 0 0 0 0 0 0 0 0 -0.03
"GRIA1" 0 0 0 0 0 0 -0.2 0 0 0 -0.03 0 0 -0.24 0 -0.49 0 0 0 0 -0.05
"GRIA2" 0 0 0 0 0 0 0 0 0 0 0 0 0 0 0 0 0 -0.53 0 0 -0.03
"GRIK1" 0 0 0 0 0 0 -0.61 0 0 0 0 0 0 0 0 0 -0.23 0 0 0 -0.04
"GRIN1" 0 0 0 0 0 0 0 0 0 0 0 0 0 0 -0.04 0 0 0 0 0 0
"GUCY1A1" 0 0 0 0 0 0 0 0 0 0 0 0.24 0 0 0 0 0 0.12 0 0 0.02
"HIVEP1" 0 0 0 0 0 0 0 0 0 0 0 0 0 0 0 0 0 0 0.04 0 0
"HNRNPA2B1" 0 0 0 0 0 0 0 0 0 0 0.11 0 0 0 0 0.3 0 0 0 0 0.02
"PRMT1" -0.06 -0.04 -0.2 -0.42 0 -0.18 -0.37 0 -0.11 -0.07 -0.26 -0.14 -0.33 -0.25 -0.29 -0.42 0 -0.16 -0.36 -0.23 -0.19
"HSBP1" 0 0 0 0 0 -0.01 0 0 0 0 -0.01 0 0 -0.26 0 -0.05 0 0 0 0 -0.02
"HSD17B4" 0 0 0.17 0 0 0 0 0.01 0 0 0 0.03 0 0 0 0 0 0.07 0 0 0.01
"HSPA8" 0 0 0 0 0 0 0 0 0 0 0 0 0 0 0 0 0 0 0 0 0
"IL12RB2" 0 0.05 0 0.05 0 0.03 0.03 0 0 0.03 0.19 0.01 0.13 0 0 0.2 0.28 0.08 0.32 0 0.07
"ILF3" 0 0 0 0 0 0 0 0 0 0 0.22 0.02 0.21 0.07 0 0.33 0 0.24 0.09 0 0.06
"INSR" 0.26 1.26 0.56 0.98 0.82 0.8 0.7 1.19 0.87 0.9 1.16 0.8 0.98 1.37 1.03 1.12 0.23 0.6 1.14 0.78 0.88
"KCNQ1" 0 0 0 0 0 0 0 0 0 0 0 0 0 0 0 0.09 0 0 0 0 0
"KCNQ3" 0 -0.13 0 -0.37 0 0 0 0 0 0 0 -0.19 0 -0.19 0 -0.37 0 0 -0.04 0 -0.06
"KPNA4" 0 -0.07 0 0 -0.1 0 0 0 0 0 0 0 0 0 0 0 0 0 0 0 -0.01
"TNPO1" 0 0 0 0 0 0 0 0 0 0 0 0 0 0 0 0.1 0 0 0 0 0
"LEPR" 0.25 0.04 0.19 0.1 0.01 0 0.22 0 0.14 0.09 0 0.32 0 0.03 0 0.02 0.2 0.23 0 0 0.09
"LIMK1" 0 0 0 0.25 0 0.08 0.25 0 0 0.06 0.05 0.32 0.33 0.25 0 0.24 0 0.22 0.19 0 0.11
"VWA5A" 0.19 0 0.16 0 0.1 0.06 0 0.01 0.15 0 0 0 0.37 0 0.19 0 0 0.15 0 0.32 0.09
"CAPRIN1" 0 0 0 0.02 0 0 0 0 0 0 0 0 0 0 0 0 0 0 0.18 0 0.01
"SMAD2" -0.03 -0.15 -0.46 -0.31 0 -0.32 -0.53 -0.16 -0.14 -0.2 -0.58 -0.27 -0.37 -0.4 -0.17 -0.4 0 -0.34 -0.57 -0.06 -0.27
"MAP4" 0 0.37 0 0.18 0 0.17 0.3 0 0 0 0.23 0.1 0.44 0.31 0 0.55 0 0.16 0.15 0 0.15
"MCC" 0 0 0 0 0 -0.19 0 0 0 0 -0.36 0 -0.06 -0.3 -0.01 -0.26 0 0 0 0 -0.06
"CD46" 0 0 0 0 0 0 0 0 0 0 0 0 0 0.06 0 0 0 0 0 0 0
"MAP3K3" 0 0 0 0.1 0 0 0 0 0 0 0.19 0 0 0 0 0.2 0 0 0 0 0.02
"MGMT" -0.19 -0.24 -0.38 0 -0.04 -0.47 -0.52 -0.12 -0.46 -0.45 -0.47 0 -0.48 -0.58 -0.41 -0.62 -0.28 -0.4 -0.62 -0.32 -0.35
"MITF" 0.1 0 0.05 0.24 0.02 0 0 0 0 0.04 0.16 0.09 0.02 0 0.05 0.18 0.1 0.1 0.14 0 0.07
"MLH1" 0 -0.02 0 -0.22 0 -0.13 -0.11 -0.17 -0.12 -0.15 -0.11 -0.02 -0.14 -0.36 -0.11 -0.24 0 -0.14 -0.32 -0.16 -0.13
"AFDN" 0 0 0 0 0 0 0 0 0 0 0 0 0 0 0 0 0 0 -0.45 0 -0.02
"MNAT1" 0 -0.01 0 0 0 0 -0.2 0 -0.02 0 0 -0.48 -0.35 0 0 -0.12 0 0 0 -0.08 -0.06
"MTHFD1" 0 0 0 0.31 0 0 0 0 0 0 0 0 0 0.18 0 0.11 0 0 0.04 0 0.03
"MXI1" 0 0.46 0.42 0.21 0.04 0 0.42 0.4 0.22 0 0.45 0.58 0.17 0.09 0.56 0.29 0.07 0 0.11 0.43 0.25
"MYL6" 0 0 0 0 0 0 0.03 0 0 0 0 0 0 0 0 0 0 0 0 0 0
"MYO5A" 0 0 0 0.07 0 0 0 0 0 0 0 0 0 0 0 0 0 0 0 0 0
"MYO5B" -0.01 -0.05 0 -0.03 0 -0.03 0 -0.05 0 -0.11 0 -0.12 0 0 -0.14 0 0 -0.17 0 -0.1 -0.04
"PPP1R12B" 0 0.03 0 0.12 0 0 0.57 0 0.5 0 0.87 0 0.09 0 0.48 0 0 0 0.28 0.05 0.15
"NDUFB9" 0 0 0 0 0 0 0 0 0 0 0 0 0 0 0 -0.03 0 0 0 0 0
"NDUFS5" 0 0 0 0 0 0 0 0 0 0 0.06 0 0 0 0 0.26 0 0 0.08 0 0.02
"NEFL" 0 0 0 0 0 0 -0.15 0 0 0 0 -0.15 0 0 0 0 0 -0.23 0 0 -0.03
"NGF" 0 -0.04 0 0 0 0 0 0 0 0 0 0 0 0 0 -0.03 0 0 -0.03 0 -0.01
"NOVA2" 0 0 0 0 0 0 0 0 0 0 0 0 0 0 0 0.01 0 0 0.1 0 0.01
"NSF" 0 0 0 0 -0.01 0 0 0 0 0 0 0 0 -0.06 0 -0.06 0 0 0 0 -0.01
"DDR2" 0 -0.02 0 0 0 0 0 0 0 0 -0.01 0 0 0 0 0 0 0 0 0 0
"NUMA1" 0 0 0 0 0 0 0 0 0 0 0.24 0 0 0 0 0 0 0 0 0 0.01
"NUP98" 0 0 0 0 0 0 0 0 0.12 0 0 0 0 0 0 0.21 0 0 0 0 0.02
"OAZ2" 0 0 0 0.14 0 0 0 0 0 0 0 0.21 0 0 0 0.07 0 0 0 0 0.02
"OPA1" 0 0 0 0 0 0 0 0 0 0 0 0 0 0 0 0 0 -0.09 0 0 0
"P4HA1" 0 0 0 0 0 0 0 0 0 0 -0.03 -0.03 0 0 0 0 0 -0.02 0 0 0
"PAM" 0 0 0 0 0 0 0.19 0 0 0 0 0 0 0 0 0 0 0 0 0 0.01
"PARN" 0 0 0 0.06 0 0 0 0 0 0 0.01 0 0 0 0 0.07 0 0 0 0 0.01
"PBX1" 0.78 0.46 0.7 0.85 0 0.75 0.43 0.21 0.6 0.63 1.07 1.04 0.67 1.24 1.02 0.72 0.47 1.19 0.8 0.47 0.7
"PCCB" 0 0 0 0.02 0 0 0 0 0 0 0 0 0 0 0 0 0 0 0 0 0
"PCM1" 0 0 0 0 0 0 0 0 0 0 0.3 0 0 0 0 0 0 0 0.01 0 0.02
"PDE1A" 0 0 -0.04 0 0 0 -0.1 0 0 0 0 0 0 0 0 0 -0.05 0 0 0 -0.01
"PDE4D" 0 0.64 0 0.06 0.25 0 0.7 0.31 0 0.04 0.67 0.88 0.11 0 0.38 0.4 0 1 0.74 0 0.31
"PDK1" 0 0 0 0 0 0 0 0 0 0 0 0 0 0 0 0 0 0 0 0 0
"PDK3" 0.5 0.35 0.1 0.67 0.16 0.6 0.76 0.37 0.34 0.57 0.54 0.66 0.73 0.77 0.53 0.54 0.44 0.6 0.71 0.6 0.53
"PLEC" 0 0 0 0 0 0 0.05 0 0 0 0.02 0.34 0 0.15 0 0 0 0.17 0 0 0.04
"PLS1" 0 -0.08 0 -0.32 0 -0.22 -0.06 0 -0.17 -0.08 -0.23 0 -0.21 -0.15 -0.14 0 0 -0.31 -0.24 -0.1 -0.11
"PLXNA2" -0.09 0 0 0 0 0 0 0 0 0 0 0 0 0 0 0 0 0 0 0 0
"UBL3" 0 0 0.18 0.43 0 0.39 0.03 0 0.09 0.15 0.59 0.25 0.55 0.39 0.18 0.01 0 0 0.48 0 0.19
"POLB" 0 0 0 0 0 0 0 0 0 0 0 0 0 0 0 -0.17 0 0 0 0 -0.01
"POLR2A" 0 0 0 0 -0.14 0 -0.06 -0.02 0 0 0 -0.1 0 0 0 0 -0.02 0 0 -0.12 -0.02
"PPARG" 0 0 0 0 0 0 0.08 0 0 0 0 0 0 0 0 0 0 0 0 0 0
"PPM1A" 0 0 0 0.03 0 0 0 0 0 0 0 0 0 0 0 0.33 0 0 0 0 0.02
"PPP2R1A" 0 0 0 0 0 0 0 0 0 0 -0.05 -0.11 -0.08 0 0 -0.29 0 -0.1 0 0 -0.03
"PPP2R2B" -0.2 0 -0.16 0 0 0 -0.28 0 0 0 -0.1 0 0 -0.2 0 0 -0.77 -0.26 -0.01 0 -0.1
"PPP2R5E" 0 0 0 0 0 0 0 0 0 0 -0.41 0 0 0 0 0 0 0 0 0 -0.02
"PPP6C" 0 0 0 0 0 0 0 0 0 0 0 0 0 0 0 0 0 -0.04 0 0 0
"PREP" 0 0 0 0.1 0 0 0.03 0 0 0 0 0.16 0.01 0 0 0 0 0.14 0.15 0 0.03
"PRKAA1" 0 0 0.27 0.14 0 0.02 0.06 0.07 0.17 0.1 0.37 0.02 0.27 0 0 0.24 0 0 0.34 0 0.1
"PRKAA2" 0.01 0 0 0.5 0 0.25 0 0 0.24 0 0.19 0.34 0 0 0.12 0.15 0 0.31 0.13 0 0.11
"PRKAG1" 0 0 0.18 0 0 0.13 0 0 0.12 0 0.17 0 0 0.11 0.08 0.21 0 0 0.11 0.16 0.06
"PRKDC" 0 0 0 0 0 0 -0.09 0 0 0 -0.46 0 0 0 0 -0.15 0 0 0 0 -0.04
"MAPK6" 0 0 0 0 0 0 0 0 0 0 0 0 0.01 0 0 0.25 0 0 0 0 0.01
"MAP2K6" 0 0 0 -0.1 0 0 -0.14 0 0 0 -0.28 0 0 -0.16 -0.05 -0.03 0 0 -0.27 0 -0.05
"PRPSAP1" 0 0 0 0 0 0.15 0 0 0 0 0 0 0 0 0 0 0 0 0 0 0.01
"HTRA1" 0.17 0.64 0.63 0.57 0.14 0.34 0.8 0.42 0.28 0.52 0.53 0.73 0.49 0.56 0.47 0.3 0.41 0.67 0.58 0.45 0.49
"PSD" 0 0 0 -0.17 0 -0.16 -0.01 0 0 0 -0.17 -0.01 0 0 -0.01 0 0 -0.44 0 0 -0.05
"PSMA7" 0 0 0 -0.33 0 -0.17 0 0 -0.03 -0.03 -0.52 -0.27 -0.25 -0.38 0 -0.37 0 -0.08 -0.23 0 -0.13
"PSMC6" 0 -0.03 0 0 0 0 0 0 0 -0.12 0 0 0 0 -0.09 0 0 0 0 0 -0.01
"PSMD1" 0 0 0 0 0 0 0 0 0 0 -0.01 0 0 0 0 0 0 -0.16 0 0 -0.01
"QSOX1" 0 -0.09 0 -0.13 0 0 -0.15 0 0 0 -0.07 0 0 -0.04 0 0 0 0 -0.15 0 -0.03
"PTPN11" 0 0 0 0 0 0 0 0 0 0 0.03 0 0 0 0 0.11 0 0 0 0 0.01
"PTPRB" 0 0.1 0 0 0 0 0 0.01 0 0 0 0 0 0 0 0 0 0 0 0 0.01
"PTPRR" -0.05 -0.11 0 -0.58 0 -0.29 -0.53 -0.46 -0.17 -0.32 -0.52 -0.18 -0.3 -0.68 -0.53 -0.64 -0.71 -0.32 -0.54 -0.22 -0.36
"PVT1" -0.26 -0.47 -0.25 -0.31 -0.59 -0.36 -0.54 -0.43 -0.38 -0.52 -0.23 -0.55 -0.52 -0.43 -0.35 0 -0.34 -0.48 -0.22 -0.45 -0.38
"ABCD3" 0 0.07 0.26 0.17 0.05 0.06 0.28 0 0.18 0.1 0.27 0 0.21 0.33 0.18 0.24 0.01 0.23 0.22 0.02 0.14
"RAB1A" 0 0 0 0 0 0 0 0 0 0.02 0 0 0 0.02 0 0 0 0.06 0 0 0.01
"RAB2A" 0 0 0 -0.12 0 0 0 0 0 0 -0.64 0 -0.16 -0.54 0 -0.37 0 0 0 0 -0.09
"RAB4A" 0 0 0 0 0 0 0 0 0 0 0 0 0 0 0 0.17 0 0.02 0 0 0.01
"MOK" 0 0 0 0 0 0 0.07 0 0 0 0 0 0 0 0 0 0 0 0 0 0
"RAP1GDS1" 0 0 0 0 0 0 0 0 0 0 -0.2 0 0 0 0 0 0 0 0 0 -0.01
"RARB" 0 0.27 0.16 0.12 0.17 0.13 0.17 0.41 0.18 0.21 0.24 0.24 0.19 0.25 0.19 0.17 0 0.27 0.53 0.02 0.2
"RDX" 0 -0.03 0 0 0 0 -0.14 0 -0.12 -0.03 0 0 -0.14 -0.09 0 0 0 -0.3 0 -0.01 -0.04
"REV3L" 0.3 0.06 0.6 0.35 0.35 0.27 1.1 0.76 0.2 0.69 0.53 0.11 0.83 0 0.1 0 1.08 0.8 0.52 0.37 0.45
"RFX1" 0 -0.03 0 0 0 0 0 0 0 0 0 0 0 0 0 -0.04 0 0 -0.09 -0.05 -0.01
"RPA1" 0 0 0 0.23 0 0 0.19 0 0.09 0 0.51 0.04 0.23 0.15 0.25 0.34 0 0.23 0.34 0.05 0.13
"RPL37A" 0 0 0 0 0 0 0 0 0 0 0 0 0 0 0 0 -0.01 0 0 -0.06 0
"RPS3A" 0 -0.26 -0.19 -0.42 0 -0.01 0 -0.22 0 -0.2 -0.16 0 -0.4 -0.2 0 -0.34 0 0 -0.34 0 -0.14
"CLIP1" 0 0 0 0.05 0 0 0.23 0 0 0 0 0 0 0 0 0 0 0 0.02 0 0.02
"RXRA" 0 0 0 0 0 0 0 0 0 0 0 0 0 0 0 0.15 0 0 0 0 0.01
"RYR2" 0 0 0.07 0.26 0 0.06 0.33 0 0 0.15 0.66 0.06 0.06 0 0.25 0 0 0.34 0.51 0 0.14
"SAT1" 0.17 0.58 0.61 0.65 0.24 1.11 0.86 0.62 0.51 0.43 0.4 0.42 0.4 0.76 0.44 0.56 0.7 0.61 0.74 0.17 0.55
"SC5D" 0 0 0 0 0 0 0 0 0 0 0 0 0 0 0 0 0 -0.02 0 0 0
"SCN7A" 0 0 0 0 0 0 0 0 0 0 0 0.03 0 0 0 0.07 0 0.02 0 0 0.01
"SRSF5" 0.21 0.03 0.14 0.01 0 0.15 0 0.02 0.2 0 0.55 0.56 0.35 0 0 0 0.32 0.29 0.09 0 0.15
"FBXW4" 0 0 0 0 0 0 0 0 0 0 0 0 0 0 0 0.05 0 0 0 0 0
"SIAH1" 0 0 0 0 0 0 0 0 0 0 0 0.06 0 0 0 0 0 0 0 0 0
"ST6GAL1" 0 0 0 0 0 0 0 0 0 0 0 0.03 0 0.04 0 0.1 0 0 0 0 0.01
"SKI" -0.06 0 0 0 0 0 -0.06 0 -0.34 -0.12 0 -0.42 -0.31 0 -0.22 0 0 -0.01 -0.04 0 -0.08
"SLC1A2" 0 0 -0.11 0 0 -0.13 0 0 -0.23 -0.05 0 0 -0.06 0 0 0 0 0 0 0 -0.03
"SLC6A11" 0 0 0 -0.12 0 -0.06 0 0 0 0 -0.04 0 -0.1 0 0 -0.03 0 0 -0.34 0 -0.03
"SLC8A3" -0.28 0 0 -0.18 0 0 0 0 0 0 -0.32 -0.09 0 0 -0.16 0 0 -0.18 0 0 -0.06
"SMARCA1" 0 0 -0.09 -0.15 0 -0.08 0 0 -0.09 -0.14 0 -0.41 -0.16 0 -0.1 0 -0.18 -0.24 -0.1 -0.29 -0.1
"SNCB" 0 -0.04 0 0 0 0 0 0 0 0 -0.46 0 0 0 0 -0.01 0 0 -0.12 0 -0.03
"SNX1" 0 0 0 0 0 0 -0.11 0 0 0 0 0 -0.03 -0.1 0 0 0 0 0 -0.04 -0.01
"SOX5" 0 0 0 0 0 0 0 0 -0.3 0 0 0 0 0 0 0 0 0 0 0 -0.02
"SPAG1" 0 0 0 -0.02 0 0 0 0 0 0 0 0 0 0 0 0 0 -0.12 0 0 -0.01
"SPTBN2" -0.18 -0.58 -0.06 -0.35 -0.41 -0.13 -0.24 -0.33 -0.29 -0.37 0 -0.22 -0.26 0 -0.23 0 -0.22 -0.34 -0.12 -0.37 -0.23
"SST" 0 0 -0.01 0 0 -0.09 0 0 0 0 0 0 0 -0.05 0 0 0 0 0 0 -0.01
"SS18" 0 0 0 0 0 0.06 0 0 0 0 0 0 0 0 0 0 0 0 0 0 0
"STAT1" -0.67 -0.62 -1.03 -0.87 -0.6 -0.59 -0.66 -0.41 -0.84 -0.77 -0.92 -0.52 -0.78 -0.54 -0.76 -0.69 -0.86 -0.59 -0.43 -0.74 -0.69
"STXBP3" 0 0 0 0.01 0 0 0 0 0 0 0 0 0 0.07 0 0.27 0 0 0 0 0.02
"SVIL" 0 0 0 -0.06 0 -0.22 -0.13 0 -0.06 0 -0.08 0 -0.07 -0.09 -0.04 0 0 0 -0.17 0 -0.05
"VAMP1" 0 0 0 0 0 0 0 0 0 0 0.19 0 0 0 0 0 0 0 0 0 0.01
"SYT4" 0 -0.1 0 -0.04 -0.02 -0.03 -0.05 0 0 0 -0.41 0 -0.02 0 -0.15 -0.28 -0.07 -0.09 0 -0.17 -0.07
"TAC1" 0 0 -0.06 -0.07 0 -0.12 -0.07 0 0 -0.02 -0.16 0 -0.06 -0.19 0 -0.19 0 -0.07 -0.13 0 -0.06
"TACR1" 0 0 0 0.01 0 0 0 0 0 0 0 0 0.02 0 0 0.04 0 0 0.01 0 0
"TCEA1" 0 0 0 0 0 -0.03 0 0 0 0 -0.07 0 0 0 0 0 0 0 -0.09 0 -0.01
"TERF1" 0 -0.1 -0.09 -0.33 0 -0.17 -0.16 -0.11 -0.28 -0.1 -0.29 -0.23 -0.27 -0.16 -0.11 -0.46 0 -0.23 -0.29 -0.09 -0.17
"TJP1" 0 0.1 0 0 0 0 0 0 0 0 0 0 0 0 0 0 0 0 0 0 0
"TOP3A" 0 0 0 0 0 0 0 0 0 0 0 0 0 0 0 -0.03 0 0 0 0 0
"TP53BP1" 0 0 0 0 0 0 0 0 0 0 -0.22 -0.02 0 0 0 -0.5 0 0 0 0 -0.04
"TPD52L1" -0.08 0 0 0 0 0 0 0 0 0 0 0 0 -0.03 0 0 0 0 0 0 -0.01
"TPD52L2" 0 0 0 -0.11 0 0 0 0 0 0 -0.08 0 0 0 0 0 0 0 -0.14 0 -0.02
"TRAF3" 0 0 0 0.1 0 0 0.15 0 0 0 0 0 0 0 0 0 0 0 0.17 0 0.02
"TRPC1" 0 0 0 0 0 0.09 0 0 0 0 0.23 0 0 0.08 0 0.31 0 0 0.19 0 0.05
"TSN" 0 -0.19 0 -0.42 0 0 -0.28 0 0 0 -0.05 0 -0.17 -0.16 0 -0.28 0 -0.1 -0.46 -0.02 -0.11
"TTC3" 0 0 0 0.28 0 0.18 0.57 0 0 0 0 0.99 0.66 1 0 0.26 0 0.67 0 0 0.23
"TTN" 0 0 0 0 0 0 0 0 0 0 0 0 0 0 0 0 0 0 -0.1 0 -0.01
"UCHL3" -0.06 0 -0.05 0 -0.03 0 -0.05 0 0 0 -0.07 0 -0.01 0 0 -0.1 -0.06 0 0 0 -0.02
"UPP1" 0 0 0 0 0 0 0 0 0 0 0 0 0 0 0 0.14 0 0.01 0 0 0.01
"UQCRFS1" 0 0 0 0 0 0 0 0 0 0 0 0 0 0 0 0 0 0 0 0 0
"XIST" 0 0 0 -0.1 -0.06 0 -0.05 -0.12 -0.17 -0.04 0 0 -0.09 -0.08 0 0 0 -0.01 0 0 -0.04
"YY1" 0 0.05 0 0.01 0 0 0.05 0.08 0.3 0.16 0.14 0.15 0.2 0 0.06 0.14 0.3 0.1 0.18 0.17 0.1
"ZNF33B" 0 0.04 0 0 0 0 0 0 0 0 0 0 0 0 0 0 0 0.01 0 0 0
"ZNF91" 0 -0.03 0 0 0 0 -0.51 -0.08 0 0 0 -0.42 0 0 0 0 0 -0.22 0 0 -0.06
"ZBTB16" 0 0 0 0 0 0 0 0.11 0.18 0 0 0.08 0 0 0 0 0 0 0 0 0.02
"ZNF146" 0 0 0 0 0 0 0 0 0 0 0 0 0 0.01 0 0 0 0 0 0 0
"MTERF1" 0 -0.53 -0.31 -0.76 -0.16 -0.26 -0.48 -0.47 -0.44 -0.47 -0.56 -0.55 -0.6 -0.22 -0.37 -0.51 -0.35 -0.54 -0.44 -0.23 -0.41
"SHOC2" 0 0 0 0 0 0 0 0 0 0 0 0 0 0 0 0 0 0 0 0 0
"PABPN1" 0.71 0.99 0.84 0.75 0.67 0.78 0.5 0.89 0.76 0.76 0.38 0.59 0.73 0.72 0.43 0.58 0.55 0.78 0.77 0.43 0.68
"AP3B2" 0 0 0 -0.19 0 0 -0.36 0 0 0 -0.36 -0.08 -0.22 -0.1 -0.16 -0.12 0 0 -0.5 0 -0.11
"ANP32A" 0 0 0 0 0 -0.07 0 0 0 0 0 0 0 0 0 0 0 0 0 0 0
"KDM5D" 0 0.11 0 0 0 0 0 0 0 0 0 0 0 0 0 0.13 0 0 0 0 0.01
"COLQ" -0.12 -0.06 0 -0.41 0 -0.46 -0.37 -0.23 -0.28 -0.37 -0.47 -0.2 -0.4 -0.56 -0.26 -0.41 0 -0.04 -0.58 -0.13 -0.27
"ULK1" 0 0 0 0 0 0 0 0 0 0 0 0 0 0 -0.01 0 -0.08 -0.03 0 0 -0.01
"BCAR3" 0 0 0 0 0 0 0.01 0 0 0 0 0 0 0 0 0.06 0 0 0 0 0
"STX7" 0.09 0 0 0 0 0 0.47 0 0 0 0.13 0 0.1 0 0.22 0 0.32 0 0.06 0.14 0.08
"NCK2" 0 0.26 0 0.13 0.04 0 0.01 0.1 0 0.17 0 0 0.21 0 0.16 0.04 0 0.06 0.26 0 0.07
"CUL3" 0 0 -0.29 -0.22 0 -0.01 -0.64 0 -0.41 -0.15 -0.76 -0.26 -0.2 -0.16 -0.47 -0.64 0 -0.17 -0.49 -0.16 -0.25
"CUL1" 0 0.53 0.2 0 0 0 0.64 0.28 0.07 0.36 0.26 0.01 0.1 0.35 0.1 0.23 0.4 0 0.24 0.3 0.2
"PPM1D" 0 0 0 0 0 0 0 0 0 0 0 0 0 0 0 -0.01 0 0 -0.03 0 0
"PPFIA1" 0 0 0 0.15 0 0 0 0 0 0 0.01 0.07 0 0.03 0 0 0 0 0 0 0.01
"PARG" 0 0 0 -0.18 0 0 -0.03 0 0 0 0 -0.03 0 0 0 -0.45 -0.1 -0.08 0 0 -0.04
"ENC1" -0.74 -0.68 -1.04 -0.86 -0.92 -0.59 -0.68 -0.85 -0.94 -0.81 -0.81 -0.72 -0.85 -0.76 -0.95 -0.48 -1.01 0 -0.94 -1.22 -0.79
"NIPSNAP1" -0.17 0 0 -0.21 0 0 0 0 0 0 -0.1 0 0 -0.04 -0.01 -0.12 0 0 -0.2 0 -0.04
"ELP1" 0 0 0 -0.45 0 -0.03 -0.25 0 0 -0.01 -0.31 -0.2 -0.32 -0.28 0 -0.33 0 -0.13 -0.38 0 -0.13
"API5" 0 0 0 0 0 0 0.17 0 0.13 0 0 0 0.14 0 0 0 0 0 0.11 0 0.03
"AGPS" 0 0 0 0 0 0 0 0 0 0 -0.19 0 0 0 0 0 0 0 0 0 -0.01
"SLC25A12" 0 0 0 0 0 -0.43 0 0 -0.22 0 0 0 0 -0.43 0 -0.03 0 0 0 0 -0.05
"PLPP1" 0.14 0 0 0.34 0 0 0.16 0.07 0.38 0.13 0 0.35 0.49 0.17 0.13 0.07 0.1 0.06 0.06 0.19 0.14
"USO1" 0.45 0.34 0.26 0 0.46 0.52 0.15 0.38 0.07 0.34 0.43 0.21 0.38 0 0.44 0.28 0.55 0.47 0.31 0.46 0.33
"EIF3H" 0 0 0 0 0 0 0 -0.22 0 0 -0.1 0 0 0 0 0 0 0 0 0 -0.02
"B3GALT2" 0 0 0 0 0 0 0 0 0 0 -0.07 0 0 0 0 0 0 0 0 0 0
"RGS11" 0 0 0 0.11 0 0 0 0 0.1 0 0 0.12 0 0 0 0.04 0 0.23 0 0 0.03
"DPM1" 0 0 0 -0.22 0 -0.01 0 0 0 -0.06 -0.05 0 0 -0.2 0 -0.14 0 0 -0.29 0 -0.05
"DCAF5" 0 0 0 -0.06 0 -0.14 -0.04 0 -0.09 -0.13 -0.48 -0.07 -0.1 0 0 0 0 0 -0.31 0 -0.07
"LIN7A" 0 0 0 0.01 0 0 0 0 0 0 0 0 0.16 0.17 0 0.25 0 0 0.11 0.02 0.04
"HDAC3" -0.08 -0.12 0 0 0 -0.15 0 -0.04 -0.28 -0.11 -0.12 -0.25 -0.26 -0.15 -0.19 -0.28 0 -0.23 -0.26 -0.01 -0.13
"CDC123" 0 0 0 0 0 -0.06 0 0 0 0 0 0 0 0 0 0 0 0 0 0 0
"DDX18" 0 0 0 0 0 0 0.11 0 0 0 0 0 0 0 0 0 0 0 0 0 0.01
"MCM3AP" 0 0 0 0 0 0 0 0 0 0 -0.01 0 0 0 0 0 0 0 0 0 0
"MTMR3" 0 0 0 0 0 0 0 0 0 0 0 0 0.04 0 0 0 0 0 0 0 0
"MTMR2" -0.16 -0.22 -0.23 -0.31 -0.11 -0.28 -0.17 -0.4 -0.41 -0.32 -0.37 -0.26 -0.39 -0.46 -0.32 -0.42 -0.18 -0.3 -0.53 -0.28 -0.31
"HERC2" 0 0 0 0 0 0 0 0 0 0 0 0 0 0 0 -0.02 0 0 0 0 0
"TAF1B" 0 0 0 0 0 0 -0.07 0 0 0 0 0 0 0 0 0 0 0 0 0 0
"UBA3" 0 0 0 0 0 0 0 0 0 0 0 0 0 0 0 0 0 0 0 0 0
"PAPSS1" 0 0 0 0 0 -0.01 -0.06 0 0 0 0 0 0 0 0 0 0 0 -0.06 0 -0.01
"ATG12" 0 0 0 0 0 0 0 0 0 0 -0.24 0 0 0 0 -0.07 0 0 -0.01 0 -0.02
"SYNGR1" -0.37 -0.1 -0.11 -0.19 -0.24 -0.25 0 -0.47 -0.2 -0.32 -0.08 -0.24 -0.34 0 -0.32 0 -0.15 -0.32 -0.13 -0.28 -0.21
"DGKI" 0 0 0 0 0 0 -0.23 0 0 0 0 -0.7 -0.12 0 0 0 0 -0.39 0 0 -0.07
"MAP3K13" 0 0 0 0 0 0 0.01 0 0 0 0 0.01 0 0 0.02 0 0 0.03 0 0 0
"ZMYM5" 0 0 0 0 0 0 0 0 0 0 0 0 0 0 0 -0.01 0 0 0 0 0
"LGI1" 0 0 0 -0.42 0 0 0 0 -0.09 -0.05 -0.12 -0.14 -0.3 -0.07 -0.21 -0.46 -0.03 -0.25 0 0 -0.11
"CCPG1" 0 0 0 0 0 0 0 0 0 0 0 -0.13 -0.01 -0.02 0 -0.35 0 -0.1 -0.03 0 -0.03
"CYTH3" 0 0 0 0 0 0 0 0 0 0 -0.02 0 0 0 0 0 0 0 0 0 0
"ZNF235" 0 0 -0.07 -0.08 0 0 -0.24 -0.02 0 0 0 0 -0.06 0 0 0 0 0 -0.31 0 -0.04
"TRIP4" -0.72 -0.7 -0.66 -0.83 -0.39 -0.77 -0.73 -0.66 -0.72 -0.73 -0.88 -0.51 -0.76 -0.8 -0.49 -0.64 -0.6 -0.65 -0.61 -0.63 -0.67
"B4GALT6" 0.06 0 0 0 0 0 0 0 0 0 0 0 0 0 0 0 0 0 0 0 0
"TXNL1" 0.08 0 0 0 0 0.1 0 0 0.11 0 0 0 0 0 0 0.05 0.02 0 0 0 0.02
"NMT2" 0.35 0.29 0.05 0 0.29 0.26 0 0.01 0.24 0.23 0.05 0 0.23 0.17 0.39 0.14 0.38 0.01 0.23 0.35 0.18
"SELENOF" 0 0 0 0 0 0 0 0 0 0 0 0 0 0.02 0 0 0 0 0 0 0
"MED23" 0 0 0 0 0 0 0 0 0 0 0 0.04 0 0 0 0 0 0 0 0 0
"SH3BP5" 0 0 0 0.14 0 0 0.32 0 0 0 0.09 0 0 0 0 0 0 0 0.16 0 0.03
"ROCK2" 0 -0.52 -0.69 -0.41 0 0 0 -0.99 -0.44 -0.4 -0.32 -0.67 -0.16 0 -0.36 -0.38 0 -0.9 -0.4 -0.42 -0.35
"SLC4A7" 0 0 0.1 0 0 0 0 0 0 0 0 0 0 0 0 0 0 0 0 0 0
"STXBP5L" 0 -0.12 -0.21 -0.33 0 -0.84 0 0 -0.48 -0.17 0 0 -0.15 -0.21 -0.02 -0.25 0 0 -0.48 -0.01 -0.16
"CIR1" 0 0 0 0 0 0.04 0.23 0 0.04 0 0 0 0 0.03 0.14 0 0 0 0.24 0.02 0.04
"CXCL14" 0 0 0 -0.13 0 0 0 0 0 -0.05 -0.14 -0.06 -0.04 0 -0.02 0 0 0 0 -0.04 -0.02
"VPS26A" 0 0 0 0 0 0 0 0 0 0 0 0.05 0 0 0 0 0 0.01 0 0 0
"GABBR2" -0.73 0 0 0 -0.3 -0.05 0 0 -0.05 -0.07 -0.33 0 0 -0.22 -0.17 0 0 0 0 -0.56 -0.12
"GDA" -0.11 0 -0.27 -0.13 0 -0.37 0 0 0 -0.09 -0.06 0 -0.07 -0.28 -0.15 -0.01 -0.21 -0.01 -0.09 -0.15 -0.1
"ZNF592" 0 0 0 0 0 0 0 0 0 0 0 0 0 0 0 -0.12 0 0 0 0 -0.01
"WSCD2" 0 0 0 0 0 0 0 0 0 0 -0.11 0 0 0 0 -0.24 0 0 0 0 -0.02
"PHF14" 0 0 0 0 0 0 0 0 0 0 -0.3 0 0 0 0 0 0 0 -0.12 0 -0.02
"CLINT1" 0 0 0 0 0 0 -0.02 0 0 0 0 0 0 -0.08 0 0 0 0 0 0 0
"RIMS2" 0 0 0 0 0 -0.16 0 0 0 0 0 0 0 0 0 0 0 0 0 0 -0.01
"PPP6R2" -0.03 0 0 -0.1 0 -0.13 -0.26 0 0 0 0 0 0 -0.44 -0.19 -0.36 -0.17 0 -0.28 0 -0.1
"AQR" 0 0 0 0 0 0 0 0 0 0 0 0.23 0.09 0 0 0 0 0 0.11 0 0.02
"NOS1AP" -0.68 -0.84 -0.53 -0.82 -0.57 -0.47 -0.45 -0.72 -0.63 -0.88 -0.64 -0.57 -0.83 -0.92 -0.88 -0.78 -0.6 -0.64 -0.91 -0.86 -0.71
"RIPOR2" 0 0 0 0.01 0 0 0 0 0 0 0 0 0 0 0 0 0 0 0 0 0
"KIAA0232" 0 0 0 0.08 0 0 0 0 0 0 0 0 0 0.18 0 0 0 0 0.05 0 0.02
"KIAA0586" 0 0 0 0.06 0 0 0 0 0 0 0 0.05 0.03 0 0 0.09 0 0.22 0.11 0 0.03
"RB1CC1" -0.12 -0.79 -0.14 -0.59 -0.09 0 -0.39 -0.21 -0.1 -0.06 -0.42 -0.29 -0.57 -0.48 -0.09 -0.21 0 -0.35 -0.42 0 -0.27
"TLK1" 0 0 0 0 0 0 0 0 0 0 -0.03 0 0 0 0 0 0 0 0 0 0
"TRANK1" 0.33 0.35 0 0.54 0 0.46 0.63 0.06 0.22 0.33 0.32 0.36 0.52 0.62 0.42 0.34 0.25 0.43 0.39 0.11 0.33
"ARNT2" 0 0.16 0 1.06 0 0.08 0.94 0 0.06 0.57 1.07 0.45 0.57 0.42 0.11 0.19 0 0 1.3 0 0.35
"FAM20B" 0 0 0 0.1 0 0 0 0 0 0 0 0.06 0 0 0 0 0 0 0 0 0.01
"HS3ST1" 0 0 0 0 0 0 0 0 0 0 0 0 0 -0.04 0 0 0 0 0 0 0
"RBX1" 0 0 0 0 0 0 0 0 0 0 0 0 0 -0.01 0 0 0 0 0 0 0
"HNRNPDL" 0.6 0.04 0.21 0 0.02 0.66 0.44 0 0.22 0.18 0 0.45 0.41 0.54 0.09 0.5 0.5 0.72 0 0.49 0.3
"DMTF1" 0 0 0 0.19 0 0 0.43 0 0 0 0.07 0.34 0 0.09 0 0.41 0 0.47 0.13 0 0.11
"AKT3" 0 0 0 0 0 0 -0.28 0 0 0 -0.44 -0.58 0 0 0 0 0 -0.28 -0.06 0 -0.08
"TANK" 0 0 0 0.14 0 0.2 0 0 0.22 0 0.16 0 0.08 0 0 0.07 0 0.1 0.06 0 0.05
"GNE" 0 0.02 0 0 0 0.23 0.3 0 0.14 0.08 0.14 0 0.1 0.34 0 0.27 0 0.12 0.3 0 0.1
"TOM1L1" 0 0 0 0.06 0 0 0.06 0 0 0 0 0 0 0.15 0 0.15 0 0 0.08 0 0.03
"RANBP9" 0 0.03 0 0.18 0 0 0.18 0 0 0 0.1 0 0 0.26 0.04 0 0 0 0.19 0 0.05
"PDIA6" 0 -0.02 0 -0.13 0 -0.15 -0.03 -0.14 -0.22 0 -0.24 0 0 -0.24 -0.23 -0.15 0 0 -0.15 -0.1 -0.09
"OPTN" 0 -0.09 -0.38 -0.16 0 -0.06 -0.12 -0.14 -0.13 -0.27 0 -0.07 -0.44 -0.25 0 -0.22 0 -0.06 -0.18 -0.29 -0.14
"SUGP2" 0 0 0 0 0 0 0 0 0 0 0 0 0 -0.05 0 0 0 0 -0.19 0 -0.01
"ABI2" -0.96 -1.63 -1.21 -1.15 -1.24 -1.27 -1.56 -1.47 -1.44 -1.34 -0.86 -1.32 -1 -1.15 -1.18 -1.08 -0.8 -1.24 -1.58 -1.1 -1.23
"PLXNC1" 0.34 0.61 0.3 0.72 0.2 0.42 0.3 0.6 0.35 0.43 0.55 0.58 0.35 0.63 0.07 0.58 0.33 0.5 0.56 0.09 0.43
"SLC25A13" 0 0.13 0 0 0 0 0 0 0 0 0 0 0.13 0.09 0 0.05 0 0 0 0 0.02
"MPHOSPH9" 0.17 0.15 0 0.24 0 0.12 0.3 0 0.35 0.18 0.35 0.01 0.17 0.3 0.08 0.19 0 0.34 0.37 0 0.17
"PATJ" 0 0 0.3 0.2 0 0.24 0.23 0 0.12 0.41 0.41 0.13 0.34 0.33 0 0.74 0.27 0.29 0.22 0 0.21
"STAG1" 0 0 0 0 0 -0.05 0 0 0 0 0 0 0 0 0 0 0 0 0 0 0
"MAEA" 0 0 0 0.17 0 0.09 0 0 0 0 0.01 0 0 0 0 0 0 0 0.05 0 0.02
"RRAGB" 0 0 0 0 0 0 0 0 0 0 0.02 0.29 0 0.06 0 0.11 0 0.12 0.15 0 0.04
"ABCA9" 0 0 -0.09 0 0 0 0 0 0 0 0 0 0 0 0 -0.05 0 0 0 0 -0.01
"MICU1" 0 0 0 0 0 0 0 0 0 0 0 0 0 0 0 -0.27 0 0 -0.05 0 -0.02
"CACNG2" -0.52 -0.65 -0.36 -0.91 -0.16 -0.69 -1.08 -0.47 -0.76 -1.07 -0.87 -0.96 -1.04 -0.86 -0.9 -0.72 -0.42 -1.41 -1.14 -0.82 -0.79
"NSA2" 0 0 0 0 0 0 0 0 0 0 0 0 0 -0.04 0 -0.19 0 0 0 0 -0.01
"UBAC1" 0 0 0 0 0 0 0.01 0 0 0 0 0 0 0 0 0 0 0 0 0 0
"C1D" -0.07 -0.12 -0.09 -0.16 -0.08 -0.13 -0.06 -0.2 -0.09 -0.15 -0.45 -0.16 -0.23 -0.17 -0.13 -0.23 0 -0.23 -0.24 0 -0.15
"TAB1" 0 0 0 0.03 0 0 0.04 0 0.03 0.04 0.24 0 0.08 0.24 0 0.25 0 0 0.15 0 0.06
"SEC23A" 0 0 0 0 0 0 0 0 0 0 0 0 0 0 0 0.24 0 0 0 0 0.01
"SEMA6B" 0 0 0 0 0 -0.07 0 0 0 0 0 0 0 0 0 0 0 0 0 0 0
"DDX17" 0 0 0 0 0 0 0 0.36 0 0 0 0 0 0 0 0 0 0 0 0 0.02
"SLU7" 0 0 0 -0.09 0 0 0 0 0 -0.01 -0.18 -0.17 -0.08 -0.09 0 -0.28 0 -0.16 -0.19 0 -0.06
"SORBS1" 0 0 0.38 0 0 0 0 0 0 0 0.19 0 0 0 0 0.36 0 0 0 0 0.05
"CAMKK2" 0 0 0 -0.04 0 0 0 0 0 0 0 0 0 0 0 0 0 0 0 0 0
"MTX2" 0 0 0 0.01 0 0 0.03 0 0 0 0 0.05 0.05 0.23 0 0.24 0.35 0.06 0.16 0.35 0.08
"CELF1" 0 0 0 -0.38 0 0 0 0 0 0 0 0 0 0 0 0 0 -0.26 0 0 -0.03
"OGA" 0.65 0 0.36 0 0.14 0 0 0 0.18 0.3 0.2 0.53 0.36 0 0.15 0.21 0 0.31 0.25 0.19 0.19
"MAP3K2" 0 0 0 0 0 0 -0.24 0 0 0 0 0 0 -0.03 0 0 0 0 -0.21 0 -0.02
"GIPC1" 0 0 0 0 0 0 0 0 0 0 0 0 0.07 0 0 0.05 0 0 0 0 0.01
"CPLX2" 0 0 0 0 0 0 0 0 0 0 0.12 0 0 0 0 0 0 0 0 0 0.01
"PDE10A" 0 0.06 0 0.44 0 0.33 0.06 0 0 0 0.72 0.43 0 0.33 0 0.21 0 0.09 0.24 0 0.15
"OS9" 0 0 0 0 0 0 0 0 0 0 0 -0.07 0 0 0 -0.03 0 0 0 0 0
"METAP2" 0 0 0 0 0 0 0 0 0 0 0 -0.05 0 -0.05 0 0 0 0 0 0 -0.01
"GLIPR1" 0 0.02 0 0 0 0.17 0 0 0 0 0 0 0 0 0 0 0 0 0 0 0.01
"WWP2" 0 0 0 0 0 -0.03 -0.2 0 0 0 0 0 -0.01 -0.14 0 0 0 0 -0.26 0 -0.03
"RAPGEF4" 0 0 0 0 0 0 0 0 0 0 0 0 0 0 0 0.05 0 0 0 0 0
"HNRNPUL1" 0 0 0 0.1 0 0 0 0 0 0 0 0 0 0 0 0 0 0 0 0 0
"PRDM5" 0 0 0 0 0 0 0 0 0 0 0 0 0 0 0 -0.05 0 0 0 0 0
"HIBADH" 0.11 0.18 0.09 0 0.06 0 0.36 0.18 0.17 0.12 0.13 0.15 0.01 0 0 0.24 0.05 0.07 0.32 0.09 0.12
"PKIG" 0 0 0 0 0 0 0 0 0 0 0.23 0 0 0 0 0 0 0 0 0 0.01
"MAP4K5" 0 0 0 0 0 0 0 0 0 -0.06 0 0 0 0 0 -0.23 0 0 -0.01 0 -0.02
"MRPL3" 0 0 -0.12 0 0 -0.15 -0.08 -0.06 0 -0.08 0 0 -0.01 -0.03 0 0 0 0 -0.01 0 -0.03
"SEC63" 0 0 0 0 0 0.06 0 0 0 0 0 0 0 0 0 0 0 0 0 0 0
"GPR176" 0 0 0 0 0 0 0 0 0 0 0.01 0 0 0 0 0 0 0 0.03 0 0
"STK38" 0 0 0 0 0 0 0 0 0 0 0 0 0 0 0 -0.05 0 0 0 0 0
"ACOT7" -0.03 0 0 0 0 0 0 -0.03 0 0 0 0 0 0 -0.02 0 0 0 0 0 0
"RRAS2" 0 0 0 0.05 0 0 0 0 0 0 0 0 0 0 0 0 0 0 0 0 0
"MTF2" 0 0 0 0 0 0 0 0 0 0 0 0 0 0.23 0 0 0 0 0 0 0.01
"DNAJC8" 0 0 0 -0.01 0 -0.27 -0.03 0 0 0 -0.01 0 -0.18 -0.16 0 -0.26 0 0 -0.06 0 -0.05
"RAB11FIP2" 0 0.16 0 0.16 0 0.1 0.44 0 0 0.21 0.25 0.06 0.28 0.52 0.08 0.5 0.1 0.29 0.02 0 0.16
"R3HDM2" 0 0 0 0 0 0 0 0 0 0 0.35 0 0 0.34 0 0.53 0 0 0 0 0.06
"FASTKD2" 0 0 0 -0.18 0 0 0 0 0 0 0 0 0 -0.13 0 -0.19 0 0 -0.02 0 -0.03
"ZBTB1" 0.24 0.6 0.32 0.49 0.63 0.42 0.21 0.56 0.45 0.5 0.77 0.49 0.77 0.41 0.41 0.19 0.31 0.58 0.77 0.35 0.47
"DIS3" 0 0 0 0 0 0 0 0 0 0 0 0 0 0 0 0 0 0 0 0 0
"PLA2R1" 0.04 0.48 0.28 0.41 0.36 0.45 0.23 0.59 0.37 0.41 0.13 0.23 0.24 0.44 0.3 0.17 0.24 0.26 0.43 0.36 0.32
"SNW1" 0 0 0 0 0 0 0 0 0 0 0 0.04 0 0 0 0 0 0 0 0 0
"HMGXB3" 0 0 0 0 0 0 -0.03 0 0 0 0 0 0 0 0 0 0 0 -0.03 0 0
"FBXO21" 0 0 0 0.17 0 0.13 0 0 0 0 0.27 0.1 0 0.13 0 0.25 0 0 0 0 0.05
"SAMD4A" 0 0 0 0.17 0 0 0 0 0.19 0 0 0 0 0 0 0 0 0 0 0 0.02
"PHLPP2" 0.28 0 0.39 0.27 0 0 0.22 0 0.19 0.18 0.19 0.28 0.11 0 0.37 0.16 0.09 0.14 0.17 0.12 0.16
"ZNF292" 0 0.15 0.65 0.36 0.08 0 0.54 0.83 0.61 0.43 0 0.24 1.03 0 0.26 0.34 0.27 0.01 0.65 0.45 0.35
"WDTC1" 0 0 0 -0.09 0 -0.08 -0.01 0 0 0 -0.12 0 0 -0.11 0 -0.16 0 0 -0.11 0 -0.03
"PDXDC1" 0 0 0 0 0 0 0 0 0 0 0 0 0 0.08 0 0 0 0 0 0 0
"ZHX3" 0 0 0 0 0 0 0 0 0 0 -0.35 0 0 0 0 0 0 0 0 0 -0.02
"ZNF609" 0 0.56 0 0.28 0 0.12 0.93 0 0.06 0.16 0.63 0.56 0.4 0.48 0.5 0.53 0 0.35 0.26 0 0.29
"ERC1" 0.47 0.43 0.27 1.24 0 0 0.84 0 0.07 0 0.34 0 0.53 1.05 0.69 0.67 0 0 0.81 0.02 0.37
"PEG10" 0 0 0 0 0 0 0 0 0 0 0 0 0 -0.04 0 0 0 0 0 0 0
"ZC3H13" -0.1 -0.05 -0.25 -0.3 -0.21 -0.04 -0.27 -0.23 -0.2 -0.57 -0.33 -0.2 -0.2 -0.07 -0.15 -0.51 0 -0.47 -0.23 0 -0.22
"SPART" 0.01 0.41 0.45 0.56 0.54 0.31 0.31 0.23 0.41 0.39 0.42 0.02 0.19 0.24 0.42 0.58 0.07 0.13 0.45 0.08 0.31
"TNRC6B" 0 0.03 0.23 0 0.62 0 0 0.87 0 0.34 1.03 0 0 0 0 0.62 0 0 0.17 0 0.2
"CLASP2" 0.37 0 0 0 0 0 0 0 0 0 0 0 0 0 0 0 0 0 0 0 0.02
"POGZ" 0.12 0.56 0.3 0.72 0.36 0.74 0.31 0.11 0.27 0.62 0.74 0.95 0.47 0.81 0.66 0.82 0.31 0.74 0.37 0.85 0.54
"LRCH1" 0.41 0.77 0.21 0.66 0.26 0.54 0.44 0.5 0.36 0.58 0.76 0.63 0.57 0.51 0.71 0.56 0.39 0.62 0.71 0.56 0.54
"NUP205" 0 0 0 0 0 0 -0.04 0 0 0 0 0 0 0 0 0 0 0 0 0 0
"RGL1" 0 0 0 0 0 0 0 0 0 0 0 0 0 0.02 0 0 0 0 0 0 0
"ATP11B" 0 0 0 0.05 0 0.08 0.34 0 0 0 0.08 0 0.03 0.06 0 0.07 0 0.08 0.05 0 0.04
"FAM168A" 0 0 0 0 0 0 0 0 0 0 0 0 0 -0.04 0 -0.18 0 0 0 0 -0.01
"SULF1" 0 0 0 0 0 0 0 0 0 0 0 0 0 0.09 0 0 0 0 0.05 0 0.01
"TBC1D1" 0 0 0 0 0 0 0 0 0 0 0.09 0.01 0.03 0 0 0.29 0 0 0 0 0.02
"SEL1L3" 0 0 0 -0.03 0 0 0 0 0 0 0 0 0 0 0 0 0 0 0 0 0
"DNAJC9" 0 0 0 0 0 0 -0.06 0 -0.02 -0.04 0 -0.16 0 0 -0.07 -0.04 0 0 0 -0.02 -0.02
"PDS5A" 0 0 0 0 0 0 0 0 0 0 0 0 0 0.01 0 0 0 0 0 0 0
"ANKRD12" 0 -0.36 0 -0.25 -0.35 0 -0.01 -0.51 0 0 0 -0.09 0 -0.1 0 -0.36 0 -0.25 0 0 -0.11
"CAMTA1" 0.49 0.44 0 0.43 0.31 0 0.66 0.59 0.35 0.69 1.22 0.43 0.43 0 1.36 0.03 0.47 0.74 0.62 0.66 0.5
"ZC3H7B" 0 0 0 0 0 0 0 0 0 0 -0.04 0 0 0 0 0 0 0 0 0 0
"CAMSAP2" 0 0 0 0 0 0 0 0 0 0 -0.27 0 0 0 0 0 0 0 0 0 -0.01
"KLHL18" 0 0 0 -0.04 0 0 0 0 0 0 -0.23 0 0 0 0 0 0 0 0 0 -0.01
"MGRN1" 0 -0.16 -0.07 -0.22 -0.22 0 -0.22 -0.2 -0.02 0 0 -0.15 0 -0.01 -0.07 0 0 0 -0.02 -0.2 -0.08
"KIF13B" 0 0 0 0.06 0 0 0 0 0 0 0 0 0 0 0 0.01 0 0 0 0 0
"SLC9A8" -0.59 -0.33 -0.33 -0.34 -0.23 -0.18 -0.41 -0.32 -0.33 -0.31 -0.47 -0.2 -0.45 -0.31 -0.52 -0.33 -0.62 -0.42 -0.42 -0.49 -0.38
"CUX2" -0.45 -0.52 -0.34 -0.43 -0.4 -0.35 -0.53 -0.47 -0.41 -0.47 -0.34 -0.23 -0.53 -0.3 -0.57 -0.19 -0.5 -0.33 -0.48 -0.45 -0.41
"DNAJC13" 0 0 0 0 0 0 0 0 0 0 0 0 0 0 0 -0.09 0 0 0 0 0
"TRIM2" 0.14 0 0 0 0 0.39 0 0 0 0 0.16 0 0 0 0.19 0 0.24 0 0 0 0.06
"WASHC4" 0 0 0 0 0 0 0 0 0 0 0 0.05 0 0 0 0 0 0 0 0 0
"TTC28" 0 0 0 0 0 0 0 0 0 0 0.62 0.19 0 0 0.07 0.02 0 0 0 0 0.04
"DNAJC16" 0 0.4 0.06 0.09 0.16 0.06 0.15 0.32 0 0.13 0.06 0.2 0.07 0.02 0.02 0.04 0 0.19 0.21 0.2 0.12
"SYNE1" 0.22 0 0.54 0 0 0.83 0 0 0.01 0 0 0.81 0 0.13 0 0 0 0 0 0 0.13
"U2SURP" 0 0 0 0 0 0 0 0 0 0 0 0.39 0 0 0 0 0 0.02 0 0 0.02
"SUN1" 0 0 0 0 0 0.04 0 0 0 0 0.23 0.1 0 0.09 0 0.03 0 0 0.3 0 0.04
"VPS8" 0 0 0 0.26 0 0 0.01 0 0 0 0.21 0 0 0.34 0 0.22 0 0.17 0.05 0 0.06
"ICE1" 0 0 0 0 0 0 0 0 0 0 0 0 0 0 0 0 0 0 0 0 0
"NUDCD3" 0 0 0 0 0 0.12 0.15 0 0.09 0 0 0 0 0.32 0 0 0 0 0 0 0.03
"ZDHHC17" 0 0 0 0.41 0 0.26 0.46 0 0.26 0.21 0.38 0.38 0.25 0.52 0.26 0.56 0 0.36 0.2 0.12 0.23
"ITGB3BP" 0 0 0 0 0 -0.02 -0.11 0 0 0 0 0 0 -0.06 0 -0.1 0 -0.01 0 0 -0.02
"ABCA5" 0 0 0.03 0 0.33 0 0 0.53 0 0 0 0 0 0 0 0 0 0 0 0 0.04
"SEC11A" 0 0 0 0 0 0 0 0 0 0 0 0 -0.06 0 0 -0.04 0 0 0 0 0
"CBX7" 0 0 0 0.29 0 0 0 0 0.07 0.03 0.04 0 0.13 0.08 0 0.1 0 0 0.16 0 0.04
"BICRAL" 0 0 0 0.01 0 0.06 0.05 0 0 0 0 0 0 0.05 0 0 0 0 0.04 0 0.01
"KAT6B" 0 0 0 0 0 0 0 0 0 0 -0.03 0 0 0 0 0 0 0 0 0 0
"MAPK8IP2" -0.06 0 0 -0.03 0 0 0 0 0 0 0 0 0 -0.12 -0.08 0 0 0 -0.04 0 -0.02
"RBFOX2" 0 0.88 0.9 0.33 0.09 0.18 1.13 0.58 0.56 0.65 0.03 0.74 1.03 0.6 0.27 0 0 0.47 1.16 0.2 0.49
"CORO1C" 0 0 0 0 0 0 0 0 0 0 0 0 0 0 0 0.03 0 0 0 0 0
"CD2AP" 0.08 0 0 0.12 0 0 0.38 0.05 0.3 0.17 0 0.23 0.34 0 0.2 0 0 0.2 0.12 0.27 0.12
"SSBP2" 0.08 0 0.08 0.12 0.03 0 0.06 0.26 0 0.04 0.17 0.33 0.32 0 0 0.16 0 0.22 0 0 0.09
"PPIL2" 0 0 0 0 0 0 0 0 0 0 0.12 0 0 0.24 0 0.09 0 0 0.2 0 0.03
"PITPNB" 0 0.54 0 0.44 0.07 0.49 0.34 0.55 0.32 0.42 0.24 0.39 0.29 0.5 0.27 0.37 0 0 0.4 0.36 0.3
"ZNF318" 0.1 0.39 0.2 0.51 0.17 0.68 0.27 0.3 0.33 0.3 0.22 0.32 0.33 0.22 0.35 0.46 0.13 0.4 0.22 0.33 0.31
"TMEM184B" 0 0 0 0 0 0 0 0 0 0 0.07 0 0 0 0 0 0.07 0 0 0 0.01
"MPC2" 0 0 0 0 0 0 0.09 0 0 0 0.04 0 0 0.1 0 0 0 0 0 0 0.01
"ABI3BP" 0 0 0 0 0 0 0 0 0 0 0 0 0 0 0 0 0 0 0 0 0
"HEATR5A" 0 0 0 -0.02 0 -0.06 -0.14 0 -0.22 0 -0.37 -0.02 0 -0.13 -0.3 -0.26 0 -0.04 -0.11 -0.12 -0.09
"SH2B1" 0 0 0 0 0 0 0 0 0 0 0 0 0 0 0 -0.01 0 0 0 0 0
"SNED1" 0 -0.09 -0.07 -0.04 -0.05 -0.16 -0.26 -0.12 0 -0.05 -0.22 -0.11 -0.18 -0.06 -0.08 -0.07 -0.13 -0.27 -0.15 -0.15 -0.11
"SIPA1L1" 0.44 0.48 0.1 0.8 0.65 0.51 0.48 0.34 0.4 0.34 1.34 0.66 0.78 0.81 0.32 0.86 0.88 0 0.44 0.03 0.53
"FAM169A" 0 0.05 0 0 0 0 0 0 0 0 0.12 0 0 0 0 0.01 0 0 0 0 0.01
"SLITRK5" 0.58 0.21 0.46 0.75 0.05 0.55 0.71 0.19 0.46 0.46 0.63 0.89 0.72 0.56 0.52 0.43 0.39 0.64 0.52 0.43 0.51
"ERC2" 0 0 0 -0.32 0 0 -0.34 0 0 -0.26 -0.3 -0.03 -0.01 -0.19 -0.3 -0.52 0 -0.24 -0.52 0 -0.15
"TANC2" 0 0 0 0 0 -0.49 0 0 0 0 0 0 0 -0.43 0 0 0 0 0 0 -0.05
"WSB1" 0 0 0 0 0 0 0 0 0.26 0 0 0 0 0 0 0 0 0 0 0 0.01
"SERBP1" 0 0 0 0 0 0 0 0 0 0 0.03 0 0 0 0 0 0 0 0 0 0
"ZNF337" 0 0 0 0 0 0 0 0 0 0 0 -0.13 0 0 0 0 0 -0.05 0 0 -0.01
"FBXO22" 0 0 0 0 0 0 0 0 0 0 0 0 0 0 0 -0.14 0 0 0 0 -0.01
"CNNM1" 0 0 0 0.18 0 0 0 0 0.26 0.08 0 0.07 0 0.02 0 0 0 0 0 0 0.03
"COPG2" 0 0 0 0 0 0.08 0 0 0 0 0.07 0 0.02 0.32 0 0.01 0 0 0 0 0.03
"MLH3" 0 0 0 0 0 0 0.16 0 0 0 0 0 0 0.04 0 0 0 0 0.02 0 0.01
"B3GAT1" 0 0 0 0.19 0 0 0.42 0 0.04 0 0.22 0 0.09 0.21 0 0.22 0 0 0.3 0 0.08
"DMAC2L" 0 0.09 0 0 0 0.12 0 0 0.06 0.02 0.02 0 0.07 0.19 0.13 0.28 0 0 0 0.07 0.05
"DKK2" -0.1 -0.07 0 -0.04 -0.01 0 -0.14 0 -0.1 -0.04 0 0 0 0 -0.04 0 -0.13 -0.02 -0.02 -0.09 -0.04
"FAM184B" 0 0 0 0 0 0 0 0 0 0 0 0 0 0 0 -0.03 0 0 0 0 0
"AGO2" 0 0 0 0 0 0 0 0 0 0 0.01 0 0 0 0 0 0 0 0 0 0
"ERLEC1" 0 0 0 -0.11 0 0 -0.18 0 0 -0.02 -0.16 0 0 -0.17 0 -0.13 0 -0.06 -0.26 0 -0.05
"KLHL20" -0.3 -0.26 -0.15 -0.53 0 -0.41 -0.72 -0.21 -0.4 -0.46 -0.73 -0.2 -0.57 -0.63 -0.54 -1.05 -0.44 -0.5 -0.5 -0.36 -0.45
"RBMX" 0 0 0 -0.12 0 0 0 0 0 0 -0.03 0 0 0 0 -0.04 0 0 -0.09 0 -0.01
"TNRC6A" 1.32 1.08 0.83 1.49 0.78 0.76 1.56 0.77 2.4 1.21 1.33 0.49 1.78 0.65 1.02 1.05 2.03 1.43 2.24 1.39 1.28
"EIF3K" -0.29 -0.39 -0.17 -0.33 -0.18 -0.25 -0.11 -0.28 -0.3 -0.27 -0.29 -0.12 -0.23 -0.28 -0.21 -0.08 -0.14 -0.22 -0.28 -0.19 -0.23
"PCLO" 0 0 0 0 0 0 -0.16 0 0 0 -0.17 0 0 0 0 -0.36 0 -0.1 0 0 -0.04
"SLC27A6" 0 0 0 0 0 0 0 0 0 0 0 -0.03 0 0 0 0 0 0 0 0 0
"BZW2" -0.34 -0.36 -0.33 -0.27 -0.15 -0.37 -0.27 -0.23 -0.3 -0.41 -0.3 -0.39 -0.23 -0.4 -0.36 -0.15 0 -0.15 -0.32 -0.38 -0.29
"MRPL42" 0 0 0 0.06 0 0 0.06 0 0 0.12 0 0.23 0.04 0 0 0.12 0 0.12 0 0 0.04
"MCTS1" 0 -0.01 0 -0.05 0 0 -0.03 0 0 0 0 -0.06 -0.02 0 0 0 0 -0.11 0 0 -0.01
"MAGEH1" 0 0 -0.12 -0.09 0 -0.39 -0.22 0 -0.27 -0.04 -0.22 -0.16 -0.28 -0.29 -0.19 -0.31 0 -0.16 -0.18 -0.04 -0.15
"ZC3H7A" -0.01 -0.47 -0.02 -0.26 -0.13 -0.32 -0.4 -0.36 -0.48 -0.35 -0.49 -0.12 -0.26 -0.3 -0.15 -0.27 0 -0.19 -0.22 -0.14 -0.25
"MED4" 0 0 0 0 0 0 0 0 0 0 0 0 0 0 0 -0.03 0 0 0 0 0
"TBK1" 0 0 0 0 0 0 0 0 0 0 0 0.03 0 0 0 0.07 0 0 0 0 0
"DDX25" 0 0 0 0 0 0 0 0 0 0 0.07 0 0 0.09 0 0 0 0 0 0 0.01
"CTNNA3" 0 0 0 0 0 0 0 0 0 -0.04 0 0 0 0 0 0 0 0 0 0 0
"OLA1" 0 0 0 0 0 0 0 0 0 0 0 0 0 0 0 0.35 0 0 0 0 0.02
"TRA2A" 0 0 0 0.12 0 0 0.48 0 0 0.02 0.09 0.18 0.09 0.51 0 0.38 0 0.04 0 0 0.1
"DSE" 0 0 0 0 0 0 0 0 0 0 0 0 0 0 0 0.09 0 0 0 0 0
"SH3KBP1" 0 0 0 -0.5 0 -0.04 0 0 -0.33 -0.05 -0.29 0 -0.19 0 -0.14 -0.17 0 0 -0.06 0 -0.09
"HUNK" -0.05 -0.39 0 -0.46 0 -0.17 -0.54 -0.12 -0.13 -0.3 -0.75 -0.42 -0.37 -0.25 -0.24 -0.45 -0.02 -0.3 -0.38 -0.15 -0.27
"SMARCAL1" 0 0 0 0 0 0 0 0 0 0 0.12 0 0 0.1 0 0 0 0 0 0 0.01
"SPOCK3" 0 0 0 -0.6 0 -0.1 -0.15 0 0 -0.15 -0.38 -0.37 0 -0.4 0 -0.08 0 -0.23 -0.48 0 -0.15
"HDDC2" -0.03 -0.04 -0.12 -0.02 0 -0.42 -0.22 -0.01 -0.33 -0.15 -0.1 -0.04 -0.23 -0.28 -0.04 -0.11 -0.16 0 -0.16 -0.02 -0.12
"NMD3" 0.04 0 0 0.01 0 0 0 0 0 0 0.3 0.05 0.14 0.12 0 0.08 0 0.16 0.4 0 0.07
"SAR1B" 0 0 0 0 0 0 0 0 0 0 -0.16 0 0 0 0 0 0 0 0 0 -0.01
"IPO11" -0.21 -0.24 -0.06 -0.12 -0.04 -0.12 -0.25 -0.11 0 -0.11 -0.26 -0.26 -0.21 -0.14 -0.11 0 -0.18 -0.3 -0.11 0 -0.14
"ANKMY1" 0 -0.01 0 0 -0.05 0 0 0 0 0 0 0 0 0 0 0 0 0 0 0 0
"ARL17A" -0.63 -0.56 -0.68 -0.51 -0.79 -0.58 -0.41 -0.71 -0.28 -0.47 -0.26 -0.43 -0.48 -0.34 -0.33 -0.25 -0.68 -0.49 -0.5 -0.29 -0.48
"COMMD10" 0 0 0 0 0 0 0 0 0 0 0.16 0 0 0 0 0.05 0 0 0.03 0 0.01
"PPME1" 0 -0.13 0 -0.26 0 -0.25 -0.13 -0.14 -0.01 -0.01 -0.32 -0.18 0 -0.28 -0.11 -0.46 -0.02 -0.51 -0.51 -0.04 -0.17
"ACTL6B" 0 0 0 -0.03 0 0 0 0 -0.1 0 -0.44 0 -0.07 -0.04 0 -0.4 0 0 -0.19 0 -0.06
"ANAPC5" 0.42 0.23 0 0.15 0.02 0.2 0.25 0.14 0.22 0.38 0.48 0.12 0.07 0.39 0.1 0.2 0.2 0.26 0.37 0 0.21
"HPCAL4" -0.01 0 0 0 0 0 0 0 0 0 0 0 0 0 0 0 0 0 0 0 0
"REV1" 0 0 0 0 0 0 0 0 0 0 0 0 0 0 0 0.15 0 0 0 0 0.01
"HACD3" 0 -0.1 -0.07 0 0 0 -0.23 0 0 0 0 -0.43 0 -0.18 0 -0.14 0 -0.45 -0.13 0 -0.09
"PPHLN1" 0 0 0 0 0 0 0 0 0 0 0.01 0 0 0 0 0 0 0 0 0 0
"PEX5L" 0 -0.58 -0.09 0 -0.17 0 -0.38 -0.55 0 -0.24 -0.19 0 -0.11 -0.58 -0.09 -0.64 0 -0.16 -0.51 -0.02 -0.22
"ATP6V1H" 0 0 0 0 0 0 0.01 0 0 0 0 0 0 0.04 0 0 0 0 0 0 0
"CAB39" -0.09 0 0 -0.06 0 -0.04 0 0 0 -0.11 -0.38 0 -0.11 -0.16 -0.07 -0.32 0 0 0 0 -0.07
"WWOX" 1.18 1.35 0.78 0.92 1.19 0.22 0.91 1.21 1.08 1.28 0.18 1.14 1.25 0.63 0.79 0.84 0.71 0.81 1.18 1.22 0.94
"LUC7L3" -0.16 0 0 -0.15 0 0 0 0 0 0 0 0 -0.07 -0.34 0 0 0 0 -0.09 0 -0.04
"ATP8A2" 0 0 0.12 0 0 0 0 0 0 0 0.31 0 0 0 0.01 0 0.02 0 0 0 0.02
"TM7SF3" 0 0 0 0 0 0 0 0 0 0 0 0 0 0 0 0 0 0.05 0 0 0
"KDM3B" 0 0 0 0 0 0.23 0 0 0 0 0 0 0 0.05 0 0 0 0 0 0 0.01
"PHAX" 0 0 0 0 0 0 0.23 0 0.18 0.02 0.19 0 0.1 0 0 0.32 0 0.02 0.13 0 0.06
"NUP54" 0 -0.16 0 -0.32 -0.05 -0.08 -0.08 -0.15 0 -0.18 -0.48 -0.46 -0.04 -0.06 -0.02 -0.14 0 0 -0.3 0 -0.13
"ADAM22" 0 0 0 0 0 0 -0.27 0 0 0 -0.37 0 -0.06 0 -0.1 0 0 0 0 0 -0.04
"CNTN5" 0 0 0 -0.08 0 0 -0.22 0 0 0 0 0 0 0 0 0 -0.03 0 0 0 -0.02
"PCBP3" 0 0 0 0 0 0.15 0 0 0 0 0 0 0 0 0 0 0 0 0 0 0.01
"SLC38A2" 0 0 0 0 0 0 0 0 0 0 0 0 0 0 0 -0.04 0 0 0 0 0
"ATAD2B" 0 0.14 0 0.31 0 0 0.41 0 0.08 0.06 0 0 0.3 0.32 0.06 0 0 0.22 0.41 0 0.11
"FBXO42" 0 0 0 0 0 0 0 0 0 0 0 0 0 0 0 0 0 0 0.07 0 0
"PLEKHA5" 0 0 0 0 0 0 0 0 0 0 0 0 0 -0.13 0 -0.13 0 0 0 0 -0.01
"PRMT7" 0 0 0 -0.29 0 -0.05 -0.18 0 0 -0.03 -0.3 0 -0.19 0 0 0 0 0 -0.19 0 -0.06
"HEATR5B" 0 0 0 -0.12 0 -0.07 -0.15 0 -0.22 -0.04 0 0 -0.25 -0.22 0 -0.2 0 0 -0.21 0 -0.07
"LRRN3" -0.47 -0.46 -0.31 -0.79 -0.28 -0.33 -0.43 -0.4 -0.38 -0.45 -0.31 -0.26 -0.26 -0.59 -0.31 -0.34 -0.25 -0.27 -0.39 -0.34 -0.38
"ZNHIT6" 0 0 0 -0.01 0 0 0 0 0 0 0 0 0 0 0 0 0 0 0 0 0
"TRIM44" 0 0 0 0 -0.04 0 0 0 0 0 0 0 0 0 0 0 0 0 0 0 0
"DCHS2" 0 0 0 0 0 0.06 0 0 0.01 0 0 0 0.01 0 0 0 0 0 0.16 0 0.01
"TRIT1" -0.12 -0.18 -0.16 -0.48 -0.02 -0.33 -0.32 -0.07 -0.39 -0.35 -0.2 -0.3 -0.47 -0.18 -0.19 -0.29 -0.24 -0.23 -0.54 -0.32 -0.27
"AHI1" -2.21 -1.85 -4.32 -3.16 -1.83 -3.58 -2.47 -2.41 -2.52 -3.06 -3.48 -2.18 -3.48 -3.91 -2.62 -3.59 -1.95 -1.85 -3.44 -2.8 -2.84
"ZNF586" 0 0 0 0 0 -0.01 0 0 0 0 -0.05 0 0 0 0 0 0 0 0 0 0
"BCAS3" 0 0 0 0 0 -0.17 0 0 0 0 0 0 0 0 0 0 0 0 0 0 -0.01
"GDAP2" 0 0 0.2 0 0 0.15 0.17 0 0.29 0.09 0.24 0.26 0.19 0.21 0.15 0.25 0.11 0.18 0.26 0 0.14
"SIDT1" 0 0 0 0.04 0 0 0 0 0 0 0.05 0 0 0 0 0 0 0 0.09 0 0.01
"CNTLN" 0.12 0 0 0 0 0 0 0 0 0 0 0 0 0 0 0 0 0 0 0 0.01
"TEX10" 0 0 0 0 0 0 0 0 0 0 0 0.25 0 0.08 0 0.04 0 0 0 0 0.02
"NSUN2" 0 0.02 0.1 0.46 0 0.29 0.35 0 0.25 0.14 0.22 0.15 0.28 0.32 0.2 0.37 0 0.07 0.29 0 0.18
"INO80D" -0.05 -0.36 -0.14 -0.58 -0.41 -0.2 -0.59 -0.18 -0.25 -0.21 -0.78 -0.49 -0.62 -0.17 -0.49 -0.54 0 -0.32 -0.57 -0.15 -0.35
"UBE2R2" 0 0 0 0 0 0 0 0 0 0 0 0 0 0 0 0 0 0 -0.02 0 0
"BANP" 0 0 0 0 0 0 0 0 0 0 0.01 0 0 0 0 0 0 0 0 0 0
"TRMT61B" 0 0 0 0 0 0 0 0 0 0 0 0 0 0 0 0.16 0 0 0 0 0.01
"PPP2R3C" 0 0.01 0 0.04 0 0 0 0 0 0 0 0 0 0 0 0 0 0 0 0 0
"OXR1" 0 0 0 0 0 0 0 0 0 0 0 0.34 0.02 0 0 0 0 0.22 0.22 0 0.04
"SOBP" 0 0 0.07 0 0 0 0 0.06 0 0 0 0.13 0 0 0 0 0 0 0 0 0.01
"SAMD4B" -0.09 0 0 0 0 0 0 0 0 0 -0.06 0 0 -0.36 -0.12 -0.03 0 0 -0.03 -0.16 -0.04
"WDR70" 0 0 0 0.25 0 0 0 0 0 0 0 0 0 0 0 0 0 0 0 0 0.01
"PRPF38B" 0 0 0 0 -0.03 0 0 0 0 0 0 0 0 0 0 0 0 0 0 0 0
"CEP192" 0.19 0 0 0 0 0.12 0 0 0 0.04 0 0 0 0 0 0 0 0.06 0 0.11 0.03
"SRBD1" 0 0 0.03 0.11 0 0 0.04 0.04 0.14 0 0.15 0 0.05 0 0.02 0.29 0 0.04 0 0 0.05
"ELP3" 0 0 0 0 0 0 0 0 0 0 0 0 0 0 0 0 0 0 0.09 0 0
"SEC61A2" 0 0.23 0 0.04 0 0 0.21 0.18 0.07 0.15 0.44 0.23 0.06 0.35 0 0.31 0 0.02 0.25 0 0.13
"RIF1" 0 0 0 -0.14 0 0 -0.16 0 0 0 -0.32 0 0 0 0 0 0 0 -0.14 0 -0.04
"RPRD1A" 0 0 0 0 0 0 -0.14 0 -0.18 -0.13 0 -0.26 -0.04 0 0 0 0 -0.25 -0.06 -0.04 -0.05
"SETD5" 0.12 0.18 0.99 0.19 0.16 0.71 0.34 0.09 0.43 0.56 0.21 0.78 0.3 0.39 0.51 0.28 0.11 0.03 0.23 0.55 0.36
"SLC47A1" 0 0 0.05 0.27 0 0.34 0.24 0 0.25 0.05 0.37 0.33 0.22 0.3 0.34 0.4 0.13 0.38 0.3 0.31 0.21
"UQCC1" 0 0 0 0 0 0 0 0 0 0 0.02 0 0 0 0 0.21 0 0 0 0 0.01
"PSPC1" 0 0 0 0 0 0 0 0 0 0 0 0 0.03 0 0 0 0 0 0.25 0 0.01
"PHF10" 0 0.08 0 0 0 0.06 0 0.05 0 0 0 0.06 0.04 0 0 0 0 0 0 0 0.01
"PPP6R3" 0.48 0.78 0.68 1.17 0.17 0.6 0.78 0.49 0.91 0.79 0.45 0.77 0.81 0.66 0.87 0.19 0.7 0.47 0.87 0.89 0.68
"CCDC91" 0.75 0.79 0.93 0.53 0.59 1 0.55 0.8 0.82 0.93 0.93 0.13 0.53 0.7 0.61 1.06 0.72 0.43 0.8 0.5 0.71
"SLC39A9" 0 0 0 0 0 0 0 -0.07 0 0 0 0 0 0 0 0 0 0 0 0 0
"WDR33" 0 0 0 0.35 0 0.09 0.43 0 0 0.02 0.48 0 0.4 0.69 0 0.25 0 0 0.39 0 0.15
"STK32B" -0.14 -0.18 -0.17 -0.17 -0.27 -0.19 -0.21 -0.21 -0.27 -0.12 -0.2 -0.06 -0.23 -0.18 -0.23 -0.17 -0.16 -0.19 -0.4 -0.18 -0.2
"SLC22A15" 0 0 0 0 -0.05 0 0 0 0 0 0 -0.09 0 0 0 0 0 -0.06 0 0 -0.01
"TMEM63B" -0.04 0 0 -0.3 0 -0.13 -0.26 -0.03 -0.06 -0.18 -0.06 -0.12 0 -0.13 -0.03 -0.01 0 -0.34 -0.13 -0.2 -0.1
"STRADB" 0 -0.11 0 -0.15 0 -0.07 -0.2 0 0 -0.18 -0.23 -0.01 -0.22 -0.38 0 0 -0.23 -0.05 -0.02 -0.04 -0.09
"CAMK2N1" 0 -0.23 0 0 0 0 0 0 0 0 -0.12 0 0 0 0 -0.26 0 0 -0.06 0 -0.03
"SVOP" 0 0 0 0 0 0 0 0 0 0 0.04 0 0.12 0 0 0 0 0 0.06 0 0.01
"SLC30A10" -0.55 -0.56 -0.26 -0.61 -0.59 -0.76 -0.5 -0.53 -0.58 -0.63 -0.66 -0.3 -0.54 -0.69 -0.53 -0.59 -0.67 -0.47 -0.47 -0.57 -0.55
"CDV3" 0 -0.01 0 0 0 0 -0.1 0 0 0 0 0 0 0 0 -0.12 0 0 -0.16 0 -0.02
"KIF27" 0 -0.08 0 0 0 0 0 0 0 0 0 0 0 -0.04 0 -0.12 0 0 0 0 -0.01
"ZCCHC8" 0 0 0 0 0 0 0 0 0 0 0 0 0 0 0 -0.15 0 0 0 0 -0.01
"ANKRD10" 0 0 0 0 0 0 0.08 0 0 0 0 0 0 0 0 0 0 0 0 0 0
"VPS50" 0 0 0 0 0 0 0 0 0 0 0 0.34 0 0 0 0 0 0.05 0 0 0.02
"THUMPD1" 0 0 0 0 0 0 0.04 0 0 0 0 0 0 0 0 0 0 0 0 0 0
"LRRC40" 0 0 -0.11 -0.27 0 -0.28 0 0 -0.12 -0.02 -0.53 -0.24 -0.16 -0.41 -0.16 -0.52 0 -0.01 -0.23 -0.12 -0.16
"G2E3" -0.04 -0.2 -0.11 -0.28 0 -0.2 -0.27 -0.08 -0.06 -0.1 -0.2 -0.07 -0.25 -0.06 -0.1 -0.03 0 -0.2 -0.14 0 -0.12
"DENND4C" 0 0.23 0 0.17 0 0 0 0.07 0.06 0 0 0.06 0.04 0.12 0 0 0 0.02 0.13 0 0.04
"MFN1" 0 0.6 0 0.14 0.43 0 0 0.26 0 0 0 0.11 0 0.01 0 0 0 0 0 0.18 0.09
"SLF2" 0 0 0 0 0 0 0 0.04 0 0 0 0 0 0 0 0 0 0 0 0 0
"BDP1" -0.27 -0.47 -0.34 -0.63 -0.54 -0.32 -0.41 -0.22 -0.58 -0.25 -0.44 -1.25 -0.49 -0.95 -0.06 -0.57 0 -1.01 -0.7 -0.57 -0.5
"DCAF6" 0 0.06 0 0 0 0 0 0 0 0 0 0 0.04 0 0 0 0 0 0.06 0 0.01
"EMC3" 0 0 0 0 0 -0.03 -0.14 0 -0.07 0 -0.26 -0.12 0 -0.37 -0.18 -0.55 0 -0.13 -0.26 -0.03 -0.11
"EAPP" 0 0 0 0.14 0 0 0.1 0 0 0 0.13 0 0 0.08 0 0 0 0 0 0 0.02
"ZC3H15" 0 -0.01 0 0 0 0 0 0 0 0 -0.26 0 0 0 0 0 0 0 -0.12 0 -0.02
"BCAP29" 0 0 0 0 0 0.07 0 0 0 0 0 0 0 0 0 0 0 0 0 0 0
"FMN2" 0 0 0 -0.23 0 0 0 0 0 0 0 0 0 0 0 0 0 0 0 0 -0.01
"GRIPAP1" 0 0 0 0 0 0 -0.08 0 0 0 -0.02 -0.09 0 -0.1 0 -0.05 0 0 0 0 -0.02
"RAD18" 0 0 0 0 0 0 0 0 0 0 0 0 0 -0.05 0 -0.05 0 0 0 0 0
"DPYSL5" 0 0 0 -0.04 0 0 -0.03 0 0 -0.09 0 -0.02 0 -0.25 -0.3 -0.25 0 0 -0.18 -0.08 -0.06
"SMYD2" 0 0 0 0 0 0 0 0 0 0 0.12 0 0 0 0 0.02 0 0 0 0 0.01
"MEPE" 0 0 0 0 0 0 0.02 0 0 0 0 0 0 0 0 0 0 0 0.04 0 0
"PRDM10" 0 -0.17 -0.03 0 0 -0.06 0 0 -0.08 -0.09 -0.28 0 -0.22 -0.25 -0.05 -0.32 -0.03 0 -0.28 0 -0.09
"PSMG2" 0 0 0 0 0 0 0.03 0 0 0 0 0 0 0 0 0 0 0 0 0 0
"CHPT1" 0 0 0 0 0 0 0 0 0 0 0 0.1 0 0 0 0 0 0 0 0 0
"PCNP" 0 0 0 0 0 0 0 0 0 0 0 0 0 0 0 0 0 0.06 0 0 0
"AVEN" 0 0 0 0 0 0 0 0 0 0 0 0 0 0 0 -0.08 0 0 0 0 0
"ATP8B2" 0 0 0 0 0 0 0 0 0 0 0 0.12 0 0 0 0 0 0 0.02 0 0.01
"CEMIP" 0 0 0 0 0 0 0 0 0 0 0 0 0 0 0 0 0 0 -0.01 0 0
"PPP4R3B" 0 0 0 0.07 0 0 0 0 0 0 0.53 0.19 0 0 0 0.3 0 0.06 0.28 0 0.07
"LYRM2" 0 0 0 0 0 0 0 0 0 0 -0.05 0 -0.05 -0.15 0 -0.25 0 0 0 0 -0.03
"MRS2" 0.1 0 0 0 0 0 0 0 0 0 0 0 0 0 0 0.07 0.09 0.09 0 0 0.02
"CYP20A1" 0 0 0 0 0 0.05 0.07 0 0 0 0.01 0 0 0.13 0 0.29 0 0 0.07 0 0.03
"SLC24A3" -0.13 0 0 -0.05 0 0 -0.59 0 0 -0.11 -0.12 -0.13 -0.39 -0.27 -0.09 -0.37 0 -0.12 -0.17 -0.03 -0.13
"GALNT16" 0 0 0 0 0 0 0 0 0 0 0 0 0 0 0 0.17 0 0 0 0 0.01
"DSCAML1" 0 0 0 0 0 0 0 0 0 0 0 0 0 0 0 -0.13 0 0 0 0 -0.01
"SCAF4" 0 0 0 0 0 0 0 0 0 0 0 0 0 0 0 0.13 0 0 0 0 0.01
"ARID1B" 0.48 0.98 1.16 1.33 1.21 1.14 1.15 0.86 2.17 0.95 0.55 0.76 1.33 0.73 0.78 1.2 0.92 0.57 1.01 1.31 1.03
"NWD2" 0 0 0 0 0 0 0 -0.12 0 0 0 0 0 0 0 0 0 0 0 0 -0.01
"MRTFB" 0 0 0 0 0 0 0 0 0 0 0 0 0 0 0 0 0 0 0.09 0 0
"SRGAP1" 0 0 0 0 0 -0.12 -0.13 0 -0.02 0 -0.16 -0.01 0 -0.31 0 -0.09 -0.1 -0.04 -0.06 0 -0.05
"MIB1" 0 0 0 0 0 0 0 0 0 0 0 0 0 0 0 0 0 0 -0.16 0 -0.01
"LRRC7" 0 0 0 0 0 0 0 0 0 0 0 0 0 0 0 0 0 -0.36 0 0 -0.02
"SIPA1L2" 0 0 0 0 0 0 0 0 0 0 0 0 0 0 0 0 0 0 0 0 0
"CCDC191" 0 0 0 0 0 0 0 0 0 0 0 0 0 0 0 -0.02 0 0 0 0 0
"ARHGAP21" 0 0 0 -0.29 0 -0.08 -0.44 0 -0.46 0 -0.18 -0.63 0 -0.1 0 -0.2 0 -0.39 -0.57 0 -0.17
"VAT1L" 0 0 0 0.1 0 0.17 0.19 0.09 0 0.19 0.28 0.26 0 0.25 0.16 0.32 0 0.31 0.05 0 0.12
"TNRC6C" 0 0 0 0 0 0 -0.28 0 0 0 -0.33 0 0 0 0 -0.5 0 0 -0.17 0 -0.06
"KIAA1586" 0 0 0 0 0 0 0 0 0 0 0 0 0 0 0 0.01 0 0 0 0 0
"ZNF529" 0 -0.02 0 0 0 -0.06 -0.03 0 0 0 -0.07 0 0 -0.1 0 -0.12 0 0 -0.26 0 -0.03
"SPTBN4" 0 0 0 0 0 0 0 0 0 0 0 0 0 0 0 0 0 0 -0.13 0 -0.01
"ZFYVE28" 0 0 0.17 0 0 0 0 0 0 0 0 0 0 0 0 0 0 0 0 0 0.01
"BRINP2" 0 0 0 -0.12 0 0 0 0 0 0 0 0 0 0 0 0 0 0 0 0 -0.01
"RAB40C" 0 0 0 0 0 0 0.11 0 0 0 0.02 0.08 0 0.07 0 0 0 0 0.11 0 0.02
"INIP" 0 0 0 -0.01 0 0 0 0 0 0 0 0 0 0 0 0 0 -0.02 0 0 0
"KMT2C" 0 0 0 0 0 0 0 0 0 0 0 0 0 0 0 0.2 0 0 0 0 0.01
"DLGAP3" -0.08 0 0 -0.07 0 -0.15 -0.16 -0.01 -0.06 -0.24 -0.31 -0.47 -0.15 0 -0.21 -0.17 -0.09 -0.44 -0.16 -0.36 -0.16
"HIVEP3" 0 0 0 0 0 0 0 0 0 0 0 0 0 0 0 -0.28 0 0 0 0 -0.01
"EVA1C" 0.11 0 0.2 0.31 0 0.28 0.36 0 0.39 0.23 0.39 0 0.41 0.41 0.37 0.52 0 0.09 0.26 0.18 0.22
"CACNG8" 0 0 0 0 0 0 -0.2 0 0 0 0 0 0 0 0 0 0 0 0 0 -0.01
"PLEKHA1" 0 0 0 0.26 0 0 0 0 0 0 0.22 0 0 0 0.02 0 0 0 0 0.24 0.04
"PPCDC" 0 0 0 -0.2 0 0 0 0 0 0 0 0 0 0 0 0 0 0 0 0 -0.01
"GUF1" 0 0 0 0 0 0 0 -0.06 0 0 0 0 0 0 0 0 0 0 0 0 0
"PKNOX2" 0 0 0 0 0 0 -0.02 0 0 0 0 0 0 0 0 0 0 0 0 0 0
"CLSTN2" -0.04 0 -0.2 -0.67 -0.15 -0.08 -0.27 -0.06 -0.19 -0.22 -0.32 -0.47 -0.32 -0.33 -0.17 -0.35 0 -0.32 -0.34 -0.44 -0.25
"XYLT1" 0 0 0 0 0 0 0 -0.03 0 0 0 0 0 0 0 0 0 0 0 0 0
"ARHGEF28" 0 0 0 0 0 0 0 0 0 0 -0.01 0 -0.06 -0.04 0 -0.08 0 0 -0.07 0 -0.01
"NXN" 0.12 0.14 0.04 0 0 0.08 0.1 0.05 0.1 0.1 0.16 0.14 0.09 0.05 0.22 0.01 0.22 0.26 0 0 0.09
"SIL1" 0 -0.34 0 -0.36 0 -0.41 -0.08 -0.02 0 -0.27 0 0 -0.18 -0.29 0 -0.41 0 0 -0.31 0 -0.13
"SUDS3" 0 0 0 0 0 0 0 0 0 0 0.02 0 0 0 0 0 0 0 0 0 0
"ACBD3" 0 0 0 0 0 0 0 0 0 0 0 0.02 0 0 0 0.06 0 0.05 0 0 0.01
"PLPPR2" -0.12 -0.07 0 0 0 0 0 -0.06 0 0 0 0 0 0 0 0 -0.02 -0.14 0 0 -0.02
"CCDC136" 0 0 0 0 0 -0.04 0 0 0 0 -0.03 0 0 0 0 0 0 0 0 0 0
"SMYD3" 0.1 0.1 0 0.27 0.38 0 1.03 0 0.7 0.04 0.3 0 0.58 0.69 0 0.95 1.14 0.31 0.48 0 0.35
"SLC13A3" 0 0 0 0 0 0 0 0 0 0 0 -0.09 0 0 0 -0.16 0 0 0 0 -0.01
"RANBP17" 0 -0.07 0 -0.37 0 -0.09 -0.3 0 -0.25 0 -0.22 -0.21 -0.14 -0.27 -0.16 -0.5 -0.01 -0.19 -0.38 -0.07 -0.16
"WNK1" 0 0 0 0 0 0 0 0 0 0 0 0 0 0.02 0 0 0 0 0 0 0
"MPPE1" 0 0 0 0 0 0 0 0 0 0 0 0 0 0 0 -0.03 0 0 0 0 0
"RIPOR1" 0 0 0 0 0 0 0 0 0 0 -0.1 0 0 0 0 0 0 0 -0.16 0 -0.01
"PRKRIP1" 0 0 0 0 0 0 0 0 0 0 0 0 0 0 0 -0.4 0 0 0 0 -0.02
"TBL1XR1" 0 0.03 0 0.09 0 0.16 0 0.16 0.11 0.08 0 0 0.15 0.12 0 0.02 0.16 0 0 0.1 0.06
"ANKRD55" 0 0 0 0 0 0 0 0.1 0 0 0 0 0.07 0 0 0 0 0.03 0 0 0.01
"NARS2" 0 0 0 0 0 0 0 0 0 0 -0.26 0 0 -0.12 0 -0.3 0 0 -0.16 0 -0.04
"TTLL7" 0 0.28 0 0.46 0 0 0 0 0 0 0 0 0 0.3 0 0.85 0 0 0.78 0 0.13
"CLMP" 0 0 0 -0.08 0 -0.04 -0.15 0 0 0 0 0 0 0 0 0 0 0 -0.02 0 -0.01
"METTL8" -0.03 0 0 0 0 0 0 0 0 0 0 0 0 0 0 0 0 0 0 0 0
"NEK11" 0 0 0 0 0 -0.13 -0.2 0 -0.2 0 -0.07 0 -0.12 -0.11 0 -0.09 -0.01 -0.03 -0.07 0 -0.05
"BAALC" 0 0 0 0.17 0 0 0 0 0 0 0 0 0 0 0 0 0 0 0.06 0 0.01
"SVEP1" 0 0 0 0 0 0 0 0 0 0 0 0 0 0.04 0 0.09 0 0 0.02 0 0.01
"ELOVL7" 0 0 0.03 0 0 0 0 0 0.05 0.14 0 0.08 0 0 0 0 0 0.02 0 0.1 0.02
"CSRNP3" 1.37 1.06 0.76 0.55 1.38 0.97 0.92 1.21 0.8 0.8 0.81 1.04 0.91 0.97 0.66 0.86 1.43 0.97 0.72 1.22 0.97
"BICC1" 0 0.05 0 0 0 0 0 0 0 0 0 0 0 0 0 0 0 0 0 0 0
"VCPIP1" 0 0 0 0 0 0 0 0 0 0 0 0 0 0 0 0 0 0 0.06 0 0
"THOC7" 0 0 0 0 0 0 0.1 0 0 0 0 0 0 0 0 0.14 0 0 0 0 0.01
"ABHD18" 0 0.3 0 0.01 0.19 0.14 0.56 0.06 0.22 0.1 0.06 0.2 0.12 0 0.18 0 0 0.18 0 0.14 0.12
"ORAI2" -0.28 0 -0.01 0 0 0 0 0 -0.26 -0.14 0 -0.02 0 0 -0.21 -0.16 0 0 0 -0.12 -0.06
"RUFY1" 0 0 0 0 0 0 0 0 0 0 0 0 0 -0.23 0 0 0 0 0 0 -0.01
"SPHKAP" 0 0 0 0 0 0 0 0 0 0 0 0 0 0 0 0 0 0 0.04 0 0
"TET1" 0.05 0.42 0 0.55 0.17 0.61 0.3 0.16 0.38 0.39 0.41 0.37 0.52 0.44 0.24 0.4 0.16 0.65 0.47 0.25 0.35
"KCNIP4" 0 0 0 -0.14 0 0 0 0 0 0 -0.07 0 0 -0.06 -0.08 0 0 -0.1 -0.1 0 -0.03
"TNKS2" 0 0 0.09 0.11 0 0.11 0.08 0 0 0.01 0.01 0 0 0 0.06 0 0 0 0.33 0 0.04
"TSEN2" 0 0 0 0 0 0 0 0 0 0 0 0 0 0 0 0.11 0 0 0.13 0 0.01
"CMIP" 0 0 0 0 0 0 0 0 0 0 0.26 0 0 0 0 0 0 0 0 0 0.01
"DDHD1" 0 0 0 0 0 0 0 0 0 0 0 0 0 0 0 0.05 0 0 0 0 0
"SETD7" 0 0 0 0 0 0 0 0 0 0 0 0 0 0.04 0 0.04 0 0 0 0 0
"HM13" -0.01 0 0 -0.16 0 0 -0.12 0 -0.04 -0.05 0 -0.25 -0.24 0 0 0 -0.32 0 -0.11 0 -0.06
"CLPB" 0 0 0 0 0 -0.1 0 0 0 0 -0.12 0 0 -0.28 0 -0.22 0 0 -0.15 0 -0.04
"SNX27" 0 0.54 0.33 0.22 0.02 0.42 0.07 0.23 0.37 0.51 0.15 0.71 0.24 0.32 0.33 0.33 0.09 0.19 0.07 0.34 0.27
"NETO2" 0 0 0 0 0 0 0 -0.11 0 0 0 0 0 0 0 0 0 0 0 0 -0.01
"SBF2" 0 0 0 -0.02 0 0 0 0 0 0 -0.85 -0.05 0 0 0 0 0 0 -0.21 0 -0.06
"RNF146" 0 0 0 0 0 0 0 0 0 0 0 0 0 -0.1 0 0 0 0 0 0 0
"SLIRP" 0 0 0 0 0 0 0 0 0 0 0 0 0 0 0 -0.08 0 0 0 0 0
"PUS7L" 0.97 0.64 0.88 0.25 0.76 0.52 0.6 0.81 0.49 0.6 0.21 0.36 0.36 0.3 0.62 0.38 1.01 0.49 0.23 0.81 0.56
"SELENOO" 0 0 0 0 0 0 0 0 0 0 0 0 0 0 0 0 0 0 -0.16 0 -0.01
"ITCH" 0 0 0 0 0 0.03 0 0 0 0 0 0 0 0 0 0 0 0 0 0 0
"BCO2" 0 0.08 0 0.28 0 0.01 0.34 0 0.01 0.06 0.37 0.1 0.13 0.56 0 0.54 0 0.31 0.43 0 0.16
"TATDN1" 0 0 0 0 0 0 0.05 0 0 0 0 0 0 0.06 0 0 0 0 0 0 0.01
"DTNBP1" 0 0.16 0 0.11 0 0.07 0.03 0.09 0 0 0.05 0.12 0.01 0.06 0 0.07 0 0 0.24 0 0.05
"TMEM222" 0 0 -0.16 0 0 -0.12 -0.21 0 -0.06 -0.22 -0.26 0 0 0 -0.09 -0.29 0 -0.01 0 -0.22 -0.08
"ZNF644" 0 0 0 0 0 0 0 0 0 0 0 0.08 0 0 0 0 0 0 0 0 0
"ANTXR1" 0 -0.14 0 0 -0.07 0 0 0 0 0 0 -0.08 0 0 -0.04 0 -0.2 -0.05 0 -0.13 -0.04
"METTL25" 0 -0.03 0 0 0 0 0 0 0 0 0 0 0 0 0 0 0 0 0 0 0
"USP48" 0 0 0 0 0 0 0 0 0 0 0 0 0 0.01 0 0 0 0 0 0 0
"ADGRA1" 0 0 0 0.06 0 0 0.38 0 0.07 0 0.28 0 0.09 0.03 0 0.14 0 0.04 0.32 0 0.07
"MEGF11" 0 0 -0.02 -0.16 0 0 -0.21 0 0 0 -0.11 -0.2 -0.12 0 0 -0.01 0 -0.12 -0.17 0 -0.06
"DCTN5" 0 0 0 0 0 0 -0.06 0 0 0 0 0 0 0 0 0 0 0 0 0 0
"GNPTG" 0 0 -0.07 0 0 -0.21 0 0 0 0 -0.07 0 0 -0.08 -0.04 -0.04 0 0 0 0 -0.03
"ST6GAL2" 0 0 0 0 0 0 0 0 0 0 -0.04 0 0 0 0 0 0 0 0 0 0
"KDM2B" 0.52 0.49 0.24 0 0.5 0 0 0.47 0.13 0.24 0 0.03 0.07 0 0.11 0 0.38 0.11 0 0.22 0.18
"CAPS2" 0 0 0 0 0 0.04 0 0 0 0 0 0 0 0 0 0 0 0 0 0 0
"CBR4" 0 0 0 0 0 0 -0.12 0 0 0 -0.07 0 0 0 0 0 -0.22 0 0 0 -0.02
"ATAD1" 0 0 0 0 0 0 0 0 0 0 0 -0.14 0 -0.1 0 0 0 0 -0.17 0 -0.02
"RNFT2" 0.14 0.11 0.3 0 0.18 0.09 0 0.23 0.18 0.14 0 0 0.03 0 0.05 0 0.06 0.25 0.02 0.18 0.1
"WDR73" 0 0 0 -0.01 -0.17 0 -0.09 -0.01 0 -0.03 0 0 0 0 0 0 0 0 0 -0.03 -0.02
"SERAC1" 0 0.1 0 0.07 0 0.21 0 0 0 0.1 0.22 0 0.07 0.37 0 0.26 0.16 0.2 0.22 0 0.1
"TANC1" 0 0 0 0.08 0.04 0.22 0 0 0.04 0.04 0.15 0.09 0.1 0 0.03 0 0.25 0.23 0 0.04 0.07
"ANKRD13A" 0 0 0 0 0 0 0 0 0 0 0 0 0 0.13 0 0 0 0 0 0 0.01
"KLC4" 0 0 0 0 0 0 0 0 0 0 0 0 0 0 0 -0.01 0 0 0 0 0
"DPH6" 0 0 0 -0.09 0 0 0 0 0 0 -0.02 -0.19 0 0 0 -0.2 0 0 0 0 -0.03
"STARD13" 0 0 0 0 0 0 0 0 0 0 0 0.51 0 0 0 0 0 0 0 0 0.03
"LRSAM1" 0 0 0 0 0 0 0 0 -0.04 0 0 0 -0.07 0 0 0 0 0 -0.01 0 -0.01
"BTF3L4" 0 0 0 0.04 0 0 0.04 0 0 0 0 0 0 0 0 0 0 0 0 0 0
"ZNF804A" 0 0 0 -0.53 0 0 -0.14 0 -0.04 0 -0.29 0 -0.17 -0.18 0 -0.77 0 0 -0.2 0 -0.12
"COG7" 0 0 0 -0.04 0 0 0 0 0 0 0 0 0 0 0 0 0 0 0 0 0
"UBTD2" 0 0 0 -0.03 0 0 0 0 0 0 0 0 0 0 0 0 0 0 0 0 0
"TMEM132C" 0 0 0 -0.44 0 -0.41 -0.25 0 -0.13 0 -0.17 0 -0.2 -0.47 0 -0.67 0 0 -0.68 0 -0.17
"PXYLP1" 0 0 0 0.07 0 0 0 0 0 0 0 0.17 0.05 0.3 0 0.04 0 0 0.03 0 0.03
"HNRNPLL" 0.26 0.16 0.45 0.16 0.12 0.26 0.3 0.29 0.3 0.44 0.06 0.28 0.57 0.36 0.25 0.42 0.14 0.34 0.46 0.36 0.3
"UBE2Q2" 0 0 0 0 0 0 0 0 -0.02 0 0 0 0 0 0 0 0 0 0 0 0
"OLFM2" -0.06 0 0 -0.32 0 -0.01 0 0 -0.01 -0.01 -0.15 -0.24 0 0 -0.02 -0.04 0 0 -0.18 0 -0.05
"TBC1D31" 0.15 0.07 0.06 0.14 0.01 0.16 0.01 0.24 0.36 0.27 0.3 0.31 0.2 0.04 0.28 0.12 0.11 0.53 0.19 0.19 0.19
"LRRC4B" 0 0 0 0 0 0 -0.25 0 -0.11 0 0 0 -0.01 -0.19 0 -0.27 0 0 -0.01 0 -0.04
"CFAP36" 0 0 0 0.23 0 0.2 0.14 0 0.23 0.03 0.16 0 0.05 0.11 0 0.02 0 0 0.35 0 0.08
"CYP2U1" 0 0 0 0.27 0 0.13 0.15 0 0 0 0.31 0.32 0 0 0.01 0.09 0 0.18 0.07 0.07 0.08
"LRRC37B" 0 0 0 0 0 0 0 0 0 0 0 0 0 0 0 0 0 0 0 0 0
"OSBPL1A" -0.49 0 0 0 0 -0.96 -0.04 -0.03 -0.27 -0.37 -0.29 0 -0.41 -0.6 -0.45 0 -0.55 0 -0.32 -0.18 -0.25
"C1QTNF4" -0.48 -0.32 -0.14 -0.22 -0.25 -0.32 -0.32 -0.1 -0.25 -0.26 -0.24 -0.72 -0.05 -0.16 -0.44 -0.36 -0.34 -0.58 0 -0.28 -0.29
"C8orf34" 0 0 0 0 0 0 0 0 0 0 0.16 0.05 0 0 0 0.17 0 0 0 0 0.02
"TSEN15" 0 0 0 -0.09 0 -0.39 -0.05 0 0 -0.03 -0.05 -0.22 0 -0.21 0 0 0 0 -0.16 0 -0.06
"SLC18B1" 0 0 0 0 0 0 0 0 0 0 0.03 0 0 0 0 0.08 0 0 0 0 0.01
"THEM4" 0 0 0 0 0 0 0 0 0 0 -0.03 0 0 -0.23 0 0 0 0 -0.01 0 -0.01
"AEBP2" 0 0 0 0 0 0 -0.03 0 0 0 0 -0.16 0 0 0 0 0 0 0 0 -0.01
"ANO4" 0 0 0 0 0 0 0 0 0 0 0 0.13 0 0 0 0 0 0 0 0 0.01
"SPPL3" 0.24 0 0 0 0 0 0.55 0 0 0 0.28 0 0 0.11 0 0.12 0 0.02 0.63 0 0.1
"TRAPPC6B" 0 0 0 0 0 0 0 0 0 0 0 0 0 0 0 0.16 0 0 0 0 0.01
"TTC8" 0 0 0 0 0 0 0 0 0 0 0 0 0 0 0 0 0 0 -0.01 0 0
"SLC25A29" 0 0 0 0.21 0 0.18 0.15 0 0.32 0.09 0.23 0.31 0.15 0.1 0 0.25 0 0.34 0.44 0 0.14
"LRRC28" 0 0 0 0 0 0 0 0 0.1 0 0 0 0 0 0 0 0 0 0 0 0
"TTC39C" 0 0 0 0 0 0 0 0.01 0 0 0 0 0 0 0 0 0 0 0 0 0
"LRRC39" 0 0 0 0 0 0 0 0 0 0 0 0 0 0 0 0 0 0.07 0 0 0
"RBM45" 0.3 0.11 0.31 0.3 0.08 0.31 0.16 0.43 0.35 0.14 0.14 0.1 0.23 0.21 0.22 0.12 0.05 0.17 0.3 0.23 0.21
"LYPD6" 0.03 0 0.24 0.01 0.2 0 0 0.22 0.15 0.15 0.18 0 0.14 0 0.26 0.08 0.05 0.17 0.01 0.32 0.11
"FBXO36" 0 0 0 0 0 0 0 0 0 0 0.02 0 0 0 0 0.09 0 0 0 0 0.01
"CPEB2" 0.2 0 0 0.26 0 0.2 0.28 0 0.06 0 0.53 0.22 0.21 0.4 0 0.36 0.26 0.17 0.28 0 0.17
"SLC9B2" 0 0 0 0 0 0 0 0 0 0 -0.23 0 0 0 0 0 0 0 -0.03 0 -0.01
"DNAJC21" 0 0 0 -0.1 0 0 -0.05 0 0 0 -0.08 -0.14 0 0 0 0 0 0 0 0 -0.02
"GPAT4" 0 0 0 0 0 0 0 0 0 0 0 0 0.02 0 0 0 0 0 0 0 0
"SLITRK4" 0 0 0 -0.03 0 0 0 0 0 0 0 0 0 0 0 -0.17 0 0 0 0 -0.01
"CBLN4" 0 0 0 0 0 -0.08 0 0 0 0 0 0 0 -0.08 -0.05 0 -0.08 0 0 0 -0.01
"TRIM69" 0 0 0 0 0 0.04 0 0 0 0 0 0 0 0 0 0 0 0 0 0 0
"SOGA1" 0 0 0 0 0 0 0 0 0 0 0 0 0 0 0 0.36 0 0 0 0 0.02
"HECTD2" 0 0 0 0 0 0 -0.01 0 0 0 -0.03 0 0 0 0 0 0 0 0 0 0
"CWF19L2" 0 0 0 0 0 0 0 -0.01 0 0 0 0 0 0 0 0 0 0 0 0 0
"CPNE8" 0 0.03 0 0 0 0 0 0.17 0 0 0 0 0 0 0 0 0 0 0 0 0.01
"TMEM120B" 0 0 0 0 0 0 0.1 0 0 0 0 0 0 0 0 0 0 0 0 0 0
"LRFN5" 0 0 0 0 0 0 0 0 0 0 0 0 0 0 0 0.03 0 0 0 0 0
"ZFP90" 0 0 0 0 0 0 0 -0.02 0 0 0 0 0 0 0 0 0 0 0 0 0
"FBXL16" -0.04 0 0 -0.02 0 0 0 0 0 0 0 0 0 0 0 0 0 0 0 0 0
"ZNF420" 0 0 -0.03 -0.19 0 0 -0.03 0 0 -0.08 -0.06 -0.16 0 -0.03 0 -0.09 0 -0.11 0 0 -0.04
"SLC35F3" 0 0 0 0 0 0 0 0 0 0 0 0 0 0 0 0 0 0 -0.09 0 0
"RC3H1" 0 0 0 0 0 0 0 0 0 0 0.16 0 0 0 0 0 0 0 0 0 0.01
"COMMD7" 0 0 0 0.1 0 0 0 0 0 0 0 0 0 0 0 0 0 0 0.02 0 0.01
"ARL6IP6" 0 0 0 0 0 0 0 0 0 0 0 0 0 0 0 0 0 0 0 0 0
"WDSUB1" 0 0.33 0 0.19 0 0.2 0.21 0.03 0 0.09 0.3 0 0.27 0.33 0 0.02 0.01 0 0.35 0 0.12
"XXYLT1" 0 0 0 0 0 0 0 0 0 0 0.13 0 0 0 0 0 0 0 0 0 0.01
"JAKMIP1" 0 0.01 0 0 0 0 0 0 0.09 0 0 0 0 0 0 0 0 0.01 0.03 0 0.01
"BMT2" 0 0 0 0 0 -0.04 -0.03 0 -0.21 0 0 -0.09 0 -0.45 0 -0.07 0 0 0 0 -0.04
"TTLL11" 0 0 0 0 0 0 0 0 0 0 0 0 0 0 0 0 0 0 0 0 0
"TRMT10B" 0 0 0 0 0 0 0 0 0 0 0.01 0 0 0 0 0.15 0 0 0 0 0.01
"KIAA1958" 0 0 0 0 0 0 0 0 0 0 0 0 0 -0.03 0 0 0 0 0 0 0
"TMTC3" 0 0 0.28 0 0 0.09 0 0 0 0.3 0.28 0.29 0.07 0.4 0.28 0.44 0.1 0.06 0 0.22 0.14
"MDGA2" 0 0 0 0.2 0 0 0 0 0 0 0 0 0 0 0 0 0 0 0.07 0 0.01
"ZNF780B" -0.19 0 -0.06 -0.03 0 0 -0.01 -0.14 -0.1 -0.12 0 -0.02 -0.22 0 0 0 -0.29 -0.04 -0.07 0 -0.06
"DCLK2" 0 0 0 0 0 0 0 0 0 0 0 0 0 0 0 0 0 -0.1 0 0 -0.01
"DCP2" 0 0 0 0.38 0 0 0.21 0 0 0.04 0.28 0.21 0.12 0 0.16 0 0 0.22 0.28 0.14 0.1
"PKD1L1" 0 -0.03 0 -0.1 0 0 0 0 0 -0.02 0 -0.14 -0.16 -0.11 0 0 0 -0.18 -0.17 0 -0.05
"TMEM64" 0 0.24 0 0 0.15 0.02 0.23 0 0.05 0 0.15 0.02 0.01 0.06 0 0.08 0 0.16 0.22 0 0.07
"DHX36" -0.13 0 -0.19 0 0 0 -0.21 -0.16 0 0 0 0 0 0 0 -0.16 0 0 -0.17 0 -0.05
"ADAMTS19" 0 0 0 -0.04 0 -0.06 -0.04 0 0 0 0 0 0 0 0 0 -0.14 -0.05 0 0 -0.02
"ASXL1" 0 0.53 0.31 0.7 0 1.08 0.58 0.64 0.54 0.64 0.65 0.78 0.33 0.84 0.28 0.56 0.48 0.79 0.59 0.33 0.53
"METTL15" 0.11 0.1 0.3 0.38 0 0.39 0.42 0 0.34 0.36 0.5 0.06 0.33 0.4 0.16 0.3 0 0.18 0.5 0.19 0.25
"IMMP1L" 0 0 0 0 0 0 0 0 0 0 0 0.04 0 0 0 0 0 0 0 0 0
"ZFC3H1" 0 0 0 -0.12 0 0 0 0 0 0 0 0 -0.13 -0.03 0 -0.12 0 0 -0.05 0 -0.02
"CEP112" 0 0 0 0 0 0 0 0 0 0 0 0 0 0 0 0.03 0 0 0 0 0
"PRIMPOL" 0 0.02 0 0 0 0 0 0 0 0 0.01 0 0 0.04 0 0 0 0 0 0 0
"ZNF804B" -0.07 0 0 -0.1 0 0 -0.04 0 0 0 -0.04 -0.12 0 -0.01 -0.1 -0.1 -0.03 0 0 0 -0.03
"CCNY" 0 -0.33 0 -0.06 -0.12 0 -0.33 -0.24 -0.19 -0.22 -0.55 0 -0.01 0 -0.37 -0.36 -0.29 0 -0.36 -0.07 -0.18
"FAM13C" 0 0 0 0 0 0 0 0 0 0 0 0 0.01 0 0 0 0 0 0 0 0
"RASGEF1A" 0 0 0 0 0 0 0.04 0 0 0 0.14 0 0.03 0.13 0 0.09 0 0 0 0 0.02
"NT5DC1" 0 0 0 0 0 0 -0.16 0 0 0 0 0 0 -0.14 0 -0.05 0 -0.16 0 0 -0.03
"TBC1D32" 0 0 0 0 0 0 0 0 0 0 0 0 0 0 0 0 0 0 0 0 0
"KIF6" 0 0 0 0 0 0 0 0 0 0 0 0.02 0 0 0 0 0 0 0 0 0
"ATXN7L1" -0.49 -0.31 -0.22 -0.44 -0.26 -1.05 -0.54 -0.26 -0.38 -0.55 -0.95 -0.57 -0.59 -0.78 -0.68 -0.72 -0.5 -0.78 -0.71 -0.56 -0.57
"TMEM9" 0 0 0 0 0 0 0 0 0 0 -0.01 -0.26 0 0 0 0 0 -0.22 0 0 -0.02
"IPMK" 0 0.16 0 0.15 0 0 0.06 0 0 0 0.19 0 0 0.14 0 0.11 0 0 0.16 0 0.05
"SHPRH" 0 0.31 0 0 0.01 0 0 0 0 0 0 0 0 0 0 0 0 0 0 0 0.02
"TAB3" 0 0 0 0 0.06 0 0 0 0 0 0 0 0 0 0.03 0 0 0 0 0 0
"HSPA12A" 0 0 0 0.24 0 0 0 0 0 0 0 0 0 0 0 0 0 0 0.1 0 0.02
"C12orf40" 0 -0.06 0 -0.04 0 -0.3 -0.09 0 -0.15 -0.01 -0.1 -0.04 0 0 0 -0.25 -0.28 0 0 -0.1 -0.07
"CES4A" 0 0 0 0 0 0 0 0 0 0 0 0 0 0 0 0 0 0.02 0 0 0
"KANSL1" 0 0 0 0 0 0 0.37 0 0 0 0.09 0 0 0 0 0 0 0 0.14 0 0.03
"GDPD1" 0 0 0 0 0 -0.09 0 0 0 0 0 0 0 0 0 0 -0.06 0 0 0 -0.01
"MIR646HG" 0 0 0 0 0 -0.04 0 0 -0.03 0 0 -0.11 0 0 -0.05 -0.02 -0.08 -0.09 -0.1 0 -0.03
"CYP4V2" 0 0.18 0.23 0.28 0 0.3 0.39 0.07 0.48 0.21 0.32 0.31 0.12 0.23 0.23 0.13 0.34 0.38 0.19 0.26 0.23
"FRYL" 0 0 0 0 0 0 0.18 0 0 0 0.12 0 0 0.23 0 0.53 0 0 0.27 0 0.07
"FAM200B" 0 0 0 0 0 0 0 0 0 0 -0.28 0 0 -0.02 0 -0.14 0 0 0 0 -0.02
"STPG2" 0 0 0 0 0 0 0 0 0 0 0 0 0 0 0 0 0 0 0 0 0
"ZNF789" 0 0 0 0 0 -0.05 0 0 0 0 -0.1 0 0 0 0 0 0 0 0 0 -0.01
"DPY19L4" 0 0 0 0 0 0 0.04 0 0 0 0 0 0 0 0 0 0 0 0 0 0
"RAB37" 0 0 0.01 0 0 0.03 0.12 0 0.01 0 0 0 0 0.12 0 0.22 0.01 0.17 0.19 0 0.04
"LUZP2" 0 0 0 0 0 0 0 0 0 0 0.1 0.11 0 0.02 0 0.12 0 0 0 0 0.02
"FMN1" 0 0 0 0 0 0 0.09 0 0 0 0 0 0 0 0 0 0 0 0.08 0 0.01
"EYS" 0 -0.05 -0.08 -0.29 0 -0.2 -0.48 -0.03 -0.17 -0.39 -0.53 -0.25 -0.33 -0.29 -0.37 -0.29 -0.07 -0.33 -0.36 -0.3 -0.24
"SKA2" 0 0 0 0.11 0 0.05 0.09 0 0 0 0.03 0.05 0 0.16 0 0.31 0 0.06 0.37 0 0.06
"ANKRD30B" 0 0 0 0 0 0 0 0 0 0 0 0 0 0.08 0 0 0 0 0.1 0 0.01
"ATP9B" 0 0 0 -0.15 0 0 -0.3 0 0 0 -0.03 0 -0.01 -0.28 0 -0.99 0 -0.18 -0.15 0 -0.1
"ZNF568" 0 0 0 -0.08 0 0 0 0 0 0 0 0 0 0 0 0 0 0 -0.14 0 -0.01
"VWC2" -0.06 -0.37 -0.4 -0.22 0 -0.36 -1 -0.07 -0.27 -0.48 -0.51 -0.06 -0.56 -0.33 -0.33 -0.33 -0.34 -0.36 -0.47 -0.42 -0.35
"TMEM179" -0.29 -0.21 -0.16 -0.17 -0.07 -0.17 -0.1 -0.1 -0.21 -0.17 -0.2 -0.2 -0.09 -0.12 -0.23 -0.3 -0.31 -0.22 -0.28 -0.18 -0.19
"MIR99AHG" 0.73 0 0.26 0.32 0 0.7 0 0 0.42 0.45 0 0.34 0 0.65 0.29 0 0.44 0.43 0.18 0.4 0.28
"ANKUB1" 0 -0.08 -0.14 -0.23 -0.05 -0.12 -0.3 -0.01 -0.3 -0.13 -0.35 -0.23 -0.13 -0.05 -0.2 -0.17 0 -0.1 -0.23 -0.11 -0.15
"GLIDR" 0 -0.13 0 0 -0.01 0 0 -0.01 0 0 -0.04 0 0 0 0 0 0 0 0 0 -0.01
"GOLGA8B" 0 0 0 0 0 0 0 0 0 0 0 0 -0.08 -0.19 0 -0.43 0 0 -0.03 0 -0.04
"MIAT" 0 0 0 0 0 0 0 0 0 0 0 0 0 0 0 0 -0.03 0 0 0 0
"OOEP" 0 0 0 0 0 0 0.07 0 0 0.02 0 0 0 0.1 0 0.1 0 0 0 0 0.01
"IGFL4" 0 0 0 0 0 -0.07 0 0 0 0 0 0 0 0 0 0 0 0 0 0 0
"LRRC37A2" 0 -0.06 0 0 0 0 0 -0.11 0 0 0 0 0 0 0 -0.01 0 0 0 0 -0.01
"JPX" 0 0 0 -0.29 0 0 0 0 0 0 0 0 0 0 0 0 0 0 0 0 -0.01
"ANKRD30BL" 0.48 0.16 0.05 1.03 0 0.63 0.63 0.13 0.46 0.34 1 0.86 0.66 0.92 0.28 0.79 0 0.56 0.79 0 0.49
"ZNF704" 0 0 0 0 0 0 0 0 0 0 0.18 0 0 0 0 0 0 0 0 0 0.01
"ZNF487" 0 0 0 0 0.02 0 0.09 0.02 0 0 0 0 0 0 0 0.06 0.08 0 0 0.01 0.01
"ZDHHC11B" -0.03 0 -0.09 0 0 -0.05 -0.17 -0.07 -0.09 0 0 0 -0.04 0 -0.11 0 0 0 0 0 -0.03
"PRB2" 0 -0.01 0 -0.27 0 -0.44 -0.22 0 -0.09 -0.14 -0.29 -0.13 -0.33 -0.32 -0.16 -0.42 -0.25 -0.31 -0.26 0 -0.18
"CNTNAP3B" 0 0.13 0.13 0 0.04 0.24 0.14 0.15 0 0.05 0.08 0 0.09 0 0.05 0.03 0 0 0 0 0.06
"SLC35E2B" 0 -0.11 0 0 0 -0.06 0 0 -0.08 0 0 0 0 0 0 0 0 0 0 0 -0.01
"CASTOR2" 0 0 0 0 0 0 0 0 0 0 0 0 0 0 0 -0.06 0 0 -0.03 0 0
"TMEM170B" 0 0 0 0.04 0 0 0 0 0 0 0.13 0 0 0 0 0.09 0 0 0.08 0 0.02
"ARMCX4" 0 0 -0.04 0 0 -0.03 -0.26 0 -0.2 0 0 -0.16 -0.09 -0.22 0 -0.36 0 -0.05 -0.17 0 -0.08
"ZNF717" 0 0 0 -0.15 0 0 -0.21 0 0 0 0 0 -0.04 -0.09 0 -0.09 -0.09 0 0 0 -0.03
"TIMM23B" -1.24 -0.97 -0.77 -0.54 -0.92 -0.72 -0.62 -1.02 -0.67 -0.86 -0.5 -0.43 -0.73 -0.73 -0.68 -0.58 -0.72 -0.61 -0.73 -0.73 -0.74
"CTXND1" 0 0 0 0 0 0 0 0 0 0 0 0 0.01 0 0 0 0 0.02 0 0 0
"ADCY6" 0 0 0 0 0 0 0 0 0 0 0 0 0 0 0 0 0 0 0 0 0
"GNAZ" 0 0.02 0 0.26 0 0.03 0.11 0 0 0 0.17 0.22 0.29 0.11 0 0.13 0 0.23 0 0 0.08
"ITGA1" 0 0 0 0 0 0.1 0 0 0 0 0 0 0 0 0 0 0 0 0 0 0.01
"PHF1" 0 0 0 0 0 0 0 0 0 0 0 0.14 0 0 0 0 0 0 0 0 0.01
"MAT2B" 0 0.25 0 0 0.03 0.27 0.07 0.33 0 0 0.2 0.06 0 0 0.23 0.06 0.13 0.15 0 0.12 0.09
"PGBD1" 0 0 0 0 0 0 0 0 0 0 0 0 0 0 0 0 0 0 0 0 0
"MIGA2" 0 0 0 0.06 0 0 0 0 0 0 0.04 0.02 0 0 0 0.01 0 0 0.03 0 0.01
"SLC25A25" 0 0 0 0 0 0.05 0 0 0.06 0.01 0.35 0 0.04 0.04 0.18 0.2 0 0 0.06 0 0.05
"CEP170B" 0 0 0 0 0 0 0 0 0 0 0 0 0 0 0 0 0 -0.04 0 0 0
"GSDME" 0 0 0 0 0 -0.16 -0.16 0 -0.03 -0.11 -0.23 0 -0.06 0 -0.08 -0.26 0 0 -0.15 -0.12 -0.07
"GFPT2" 0 0 0 0 0 0 0 0 0 0 0.07 0 0 0 0 0 0 0 0 0 0
"WASHC2C" 0 0 0 0 0 0.07 0 0 0 0 0.3 0 0 0.07 0 0.09 0 0 0 0 0.03
"MTG1" 0 0 0 -0.76 0 -0.12 0 0 -0.29 -0.12 -0.49 0 -0.35 -0.25 -0.23 -0.36 0 0 0 -0.14 -0.16
"VEGFB" 0 0 0 0 0 0 0 0 0 0 0.12 0 0 0 0 0 0 0 0 0 0.01
"RMND1" 0 0 0 0 0 0 0 0 0 0 0 0 0 0 0 -0.13 0 0 0 0 -0.01
"SEC11C" 0 0 0 0 -0.13 0 -0.4 0 0 0 -0.07 0 0 0 -0.08 -0.26 0 0 0 0 -0.05
"SMG9" 0 0 0 0 0 0 0 0.06 0 0 0 0 0 0 0 0 0 0.13 0 0 0.01
