"seed_1" "seed_2" "seed_3" "seed_4" "seed_5" "seed_6" "seed_7" "seed_8" "seed_9" "seed_10" "seed_11" "seed_12" "seed_13" "seed_14" "seed_15" "seed_16" "seed_17" "seed_18" "seed_19" "seed_20" "mean"
"ACTN4" 0 0 0 0 0 0 0 0 0 0 0 0 0 0 0 0 0 0 -0.04 0 0
"ADCY6" 0 0 0 0 0 0 0 0 0 0.03 0 0 0 0 0 0.05 0 0 0 0 0
"ADCYAP1R1" 0 0 0 0 0 0 0 0 0 -0.15 0 0 0 0 0 0 0 0 0 0 -0.01
"GRK2" 0 0 0 0 0 0 0 0 0 0 0 0 0 0 -0.08 0 0 0 0 0 0
"AMD1" 0 0 0 0 0 0.08 0 0 0 0 0 0 0 0 0 0 0 0 0 0 0
"APBA2" 0 0 0 0 0 0 0 0 0 0.19 0 0 0 0 0 0 0 0 0 0 0.01
"BIRC2" 0 0 0 0 0 0 0 0 0 0.16 0 0 0 0 0 0 0 0 0 0 0.01
"XIAP" 0.18 0 0.22 0 0 0 0 0 0 0 0 0.16 0 0 0 0 0 0.09 0.11 0.03 0.04
"STS" 0 0 0 0 0 0 0 0 0 0 0 0 0 0 0 0 0 -0.04 0 0 0
"ATF1" 0 0 0.11 0 0 0 0 0 0 0.04 0 0 0 0 0 0 0 0 0 0 0.01
"ATM" 0 0 0 0.11 0 0 0 0 0 0 0 0 0 0 0 0 0 0 0 0 0.01
"ATP2B1" 0 0 0 0 0 -0.02 0 0 0 -0.83 0 0 0 0 0 0 0 0 0 0 -0.04
"ATP5ME" 0 0 0 0 0 0 0 0 0 0 0 0 0 0 0 0 -0.09 0 0 0 0
"ATP6V0C" -0.28 -0.01 0 0 0 0 0 -0.01 0 0 -0.01 -0.26 0 0 0 0 0 -0.29 0 -0.27 -0.06
"B2M" 0 0 0 0 0 0 0 0.14 0 0.32 0.1 0 0 0.05 0 0 0 0 0 0 0.03
"BACH1" 0 -0.26 0 0 0 -0.07 0 0 0 0 0 0 0 0 -0.06 0 0 -0.04 0 -0.45 -0.04
"BMP6" -0.02 -0.05 0 0 0 -0.05 0 0 0 0 0 0 0 0 0 0 0 0 0 0 -0.01
"LDLRAD4" 0 0 0.24 0 0 0 0 0 0.59 0 0 0 0.06 0 0 0 0 0 0 0 0.04
"TMEM50B" 0.67 0.3 0.36 0.06 0.14 0.38 0 0.14 0.34 0.34 0.79 0.2 0.38 0 0.41 0.13 0 0.36 0.45 0.57 0.3
"CA3" 0 0 0 0 0 0 0 0 0 0.13 0.09 0 0 0 0 0 0 0.06 0 0 0.01
"CACNB2" 0 0 0 0 0 0 0 0 0.31 0.68 0 0 0 0.11 0 0 0 0 0 0 0.06
"CALU" 0 0 0 0 0 0 0 0 0 -0.13 0 0 0 -0.26 0 0 0 0 -0.1 0 -0.02
"CAMK2D" 0 0 0 0.29 0 0 0 0 0 0 0.06 0 0 0 0 0 0 0.66 0 0 0.05
"RUNX2" 0.04 0 0 0 0 0 0 0 0 0 0.01 0 0 0.08 0 0 0.06 0 0 0.03 0.01
"CCND3" 0.05 0.16 0 0 0 0.06 0 0 0 0.2 0.16 0.2 0 0.21 0.38 0.27 0 0 0 0.04 0.09
"ENTPD3" 0 0 0 0 0 0 0 0 0 0 0 0 0 0 0 0.14 0 0 0 0.24 0.02
"CD81" -0.7 -0.55 -1 -0.35 -0.25 -0.46 -0.4 -0.43 -0.34 -0.72 -0.78 -0.45 -0.55 -0.89 -0.56 -0.63 -0.52 -0.43 -0.28 -0.49 -0.54
"CDH8" 0 0 0 0 0 0 0 0 0 0 0 0 0 0 0 -0.04 0 0 0 0 0
"CDH12" 0 0 0 0 0 0 0 0 0 0 0 0 0 0 0 0 0 -0.02 0 0 0
"CDH18" 0 0 0 0 0 0 0 0 0 0 0 0 0 0 0 0 0.33 0 0 0 0.02
"CDS1" 0 0 0 0 0 0 0 0 0 -0.16 0 0 0 0 0 0 0 0 0 0 -0.01
"CHD3" 0 0 0 0 0 0 0 -0.16 -0.03 0 0 0 0 -0.32 -0.07 -0.48 0 0 0 0 -0.05
"LYST" 0 0 0 0 0 0 0 0 0 0 0 0 0 0 0.14 0 0 0.07 0 0 0.01
"AP2S1" 0 0 0 0 0 0 0 -0.16 0 0 0 0 0 -0.05 0 0 0 0 -0.06 0 -0.01
"CLTB" 0 0 0 0 0 0 -0.16 0 0 0 0 0 0 0 0 0 0 0 0 0 -0.01
"CNN3" 0 0 0 0 0 0 0 0 0.08 0 0.05 0 0 0 0 0 0 0 0 0 0.01
"COL19A1" 0 0 0 0 0 0 0 0 0 -0.15 0 0 0 0 0 0 0 0 0 0 -0.01
"COPB1" 0.02 0 0 0 0 0 0 0 0 0.37 0 0 0.22 0 0 0 0 0 0 0 0.03
"CREB1" 0 0 0 0 0 0 0 0 0 0 0 0 0 0 0 0.13 0 0 0 0 0.01
"CREBBP" 0 0 0 0 0 0 0 0 0 -0.11 0 0 0 0 0 0 0 0 0 0 -0.01
"CRH" 0 0 0 0 0 0 0 0 0 0 0 0 0 0 0 0 0 0 0 0 0
"CRK" 0 0 0 0 0 0 0 0 0 0 0.12 0 0 0 0 0 0 0 0.11 0 0.01
"CRKL" 0 0 0 0 0 0.09 0 0 0 0 0 0 0.01 0 0 0 0 0 0.29 0 0.02
"CRY2" 0 0 0 -0.02 0 0 0 -0.06 -0.09 0 0 0 -0.02 0 0 0 0 0 0 0 -0.01
"CSNK1D" 0 0 0 0 0 0 0 0 0 0 -0.24 0 0 0 0 -0.01 0 0 0 0 -0.01
"CTNND2" 0 0 0 0 0 0 0 0 0 0 0 0 0 0 -0.72 0 0 0 -0.62 0 -0.07
"CTSL" 0 0 0 0 0 0 0 0 0 -0.03 0 0 0 0 0 0 0 0 0 0 0
"CUX1" 0 0 0 0 0 0 0 0 0 0.38 0 0 0 0 0 0 0 0 0 0 0.02
"CYLD" 0 0 0 0 0 0.07 0 0 0 0 0 0 0 0 0 0 0 0 0.27 0 0.02
"DGKB" 0 0.1 0 0.03 0 0 0 0 0.17 0 0 0 0 0.29 0 0 0 0 0 0 0.03
"DGKG" 0 0 0 0 0 0 0 0 0 0.22 0 0 0 0 0 0 0 0 0.04 0 0.01
"DDX6" 0 0 0 0 0 0 0 0 0 0 0 0 0.01 0 0 0 0 0 0.36 0 0.02
"GSDME" 0 -0.22 0 0 0 0 0 0 0 -0.42 -0.06 -0.04 -0.15 -0.35 0 0 0 0 -0.14 0 -0.07
"DIAPH1" 0 0 0 0 0 0 0 0 0 0 0 0 0 0 0 -0.06 0 0 0 0 0
"DLST" 0 0 0 0 0 0 0 0 0 -0.07 0 0 0 0 0 0 0 0 0 0 0
"DNM2" 0 0 0 0 0 0 0 0 0 0 0 0 0 -0.03 0 0 0 0 0 -0.05 0
"DPP6" 0.52 0.74 0.76 0.34 0.83 0.56 0.19 0.91 0.79 1.16 0 0.16 0.13 1.17 0.49 0.8 0.61 0.11 0.93 0.17 0.57
"PHC1" 0 0 0 0 0 0 0 0 0 0 0 0 0 0 0 0 0 0 0 0 0
"EEF1A2" 0 0 0 -0.25 0 0 0 0 0 0 -0.12 0 0 -0.32 -0.13 0 -0.07 0 -0.08 0 -0.05
"ELAVL2" 1.04 0.22 0.17 0 0 0 0.37 0.18 0.36 0 0.94 0.24 0.09 0.41 1.23 0.7 0 0.52 0.08 0.64 0.36
"ELAVL1" 0 0 0 0 0 0 0 0 0 0.13 0 0 0 0 0 0 0 0 0 0 0.01
"EML1" 0 0 0 0 0 0 0 0 0 -0.09 0 0 0 0 0 0 0 0 0 0 0
"EPHA4" 0 0.01 0 0 0 0 0 0 0 0.28 0 0.08 0 0 0 0 0 0 0 0 0.02
"ESRRA" 0 0 0 0 0 0 0 0 0 0.09 0 0 0 0 0 0 0 0 0 0 0
"EXTL3" 0 0 0 0 0 0 0 0 0 0.09 0.02 0 0 0.05 0 0 0.34 0 0 0 0.02
"ACSL4" 0 0 0 0 0 0 0 0 0 -0.48 0 0 0 0 0 0 0 0 0 0 -0.02
"FKTN" 0 0 0 0 0 0 0 0 0 0 0 0 0 -0.01 0 0 0 0 0 0 0
"FLT3" 0 0.09 0 0 0 0 0 0 0 0.06 0 0 0 0 0 0 0 0 0 0 0.01
"FMR1" 0.07 0 0 0.3 0 0 0.29 0.07 0 0 0 0 0.13 0.41 0 0 0.09 0 0 0 0.07
"FYN" 0 0 0 0 0 0 0 0 0 -0.8 0 0 -0.04 -0.2 0 -0.29 0 0 -0.59 0 -0.1
"IFI6" 0 0 0 0 0 0 0 0 0 0.02 0 0 0 0 0 0 0 0 0 0 0
"GABRB3" 0 -0.02 0 -1.12 0 -0.34 -0.19 -0.51 -0.63 -0.6 -0.24 0 0 -0.48 -0.2 0 -0.59 0 0 -0.29 -0.26
"GALNT1" 0 0 0 0 0 0 0 0 0 0 0 0 0 0 0 -0.03 0 0 -0.21 0 -0.01
"GART" 0 0 0 0 0.16 0 0 0 0 0 0 0 0 0 0 0 0 0 0 0 0.01
"GFPT1" 0 0 0 0 0 0 0 0 -0.26 -0.13 -0.04 0 0 0 0 0 0 0 0 0 -0.02
"GGT7" 0 0 0 0 0 0 0 0 -0.21 0 0 0 0 0 0 0 0 0 0 0 -0.01
"GNAZ" 0 0 0 0 0 0 0 0 0 0.16 0 0 0 0 0 0 0.01 0 0 0 0.01
"GNB1" 0 0 0 0 0 0 0 0 0 0.5 0 0 0 0 0 0 0 0 0 0 0.02
"GNG7" 0 0 0.01 0 0 0 0 0 0 0.94 0.01 0 0 0.19 0 0.48 0 0 0 0 0.08
"GOLGA4" 0 0 0 -0.12 0 0 0 0 0 0 0 0 0 0 0 0 0 0 0 0 -0.01
"GOLGB1" 0 -0.45 -0.61 -0.31 0 -0.31 -0.26 -0.28 -0.06 0 0 0 0 0 0 0 -0.22 -0.17 0 0 -0.13
"GPR22" 0 0 0 0 0 0 0 0 0 0 0 0 0 0 0 0 0.18 0 0 0 0.01
"GRIA1" 0 0 0 -0.08 0 0 0 0 0 -0.69 -0.15 0 0 -0.5 0 0 -0.04 0 0 -0.05 -0.08
"GRIA2" 0 0 0 0 0 0 0 0 0 -0.17 0 0 0 0 0 0 0 0 0 0 -0.01
"GUCY1A1" 0 0.03 0 0 0 0 0 0 0 0 0 0.04 0 0 0 0 0 0 0 0 0
"HADH" 0 0 0 0 0 0 0 0 0 -0.21 0 0 0 0 0 0 0 0 0 0 -0.01
"HNRNPA2B1" 0 0 0 0 0 0 0 0 0 0.22 0 0 0 0 0 0 0 0 0 0 0.01
"PRMT1" -0.03 0 0 0 0 0 -0.04 -0.12 0 -0.44 -0.13 -0.21 0 0 0 -0.01 0 -0.12 -0.14 -0.22 -0.07
"HSBP1" 0 0 0 0 0 0 0 0 0 -0.11 0 0 0 0 0 0 0 0 0 0 -0.01
"HSD17B4" 0 0 0.03 0.4 0 0 0.15 0 0 0 0.24 0.01 0 0.23 0.38 0 0.34 0.21 0 0 0.1
"HSPA8" 0 0 0 -0.09 -0.01 0 -0.01 0 0 0 0 0 0 0 0 0 0 0 0 0 -0.01
"IFIT1" 0 0 0 0 0 0 0 0 0 0.17 0 0 0 0 0 0 0 0 0 0 0.01
"IL12RB2" 0 0 0 0 0 0 0 0 0.06 0.06 0.08 0 0 0 0 0 0 0 0 0 0.01
"INSR" 0.24 1.27 0.26 0.24 0.32 0 0 0 0.53 0.71 0.93 0.11 0.35 1.22 0.78 1.26 0.84 0.74 0.88 0.49 0.56
"ITGA1" 0 0 0 0 0 0 0 0 0 0 0 0.07 0 0 0 0 0 0 0.04 0 0.01
"KCNQ1" 0 0 0 0 0 0 0 0 0 0 0.01 0 0 0 0 0 0 0 0 0 0
"KCNQ3" -0.02 0 0 0 0 -0.48 0 0 0 -0.79 0 0 0 0 0 0 0 0 -0.2 0 -0.07
"KIF2A" 0 0 0 0 0 0 0 0 0 -0.22 0 0 0 0 0 0 0 0 0 0 -0.01
"KPNA4" 0 -0.13 -0.13 0 0 0 0 0 0 0 0 0 0 0 0 0 -0.12 0 0 0 -0.02
"LAMP2" 0 0 0 0 0 0 0 0 0 0 0 0 0 0 0 0 0 0 -0.13 0 -0.01
"LEPR" 0 0.18 0 0 0.1 0.24 0.05 0 0.16 0.26 0 0 0.04 0.34 0.02 0.18 0.19 0 0 0.04 0.09
"LIMK1" 0 0 0 0 0 0 0 0 0 0.15 0 0 0 0 0 0 0 0 0 0 0.01
"LMO7" 0 0 0 0 0 0 0 0 0 0 0 0 0 0 0 0 0 0 0 0 0
"LNPEP" 0 0 0 0 0 0 0 0 0 0.01 0 0 0 0 0 0 0 0 0 0 0
"VWA5A" 0.2 0 0.09 0 0.27 0.48 0 0 0 0 0 0.09 0.05 0 0.09 0.05 0 0 0.03 0.19 0.08
"LY6H" 0 0 0 0 0 0 0 0 0 0 0 0 0 0 0 0 0 0 0 0 0
"CAPRIN1" 0 0 0 0 0 0 0 0 0 0.27 0 0 0 0 0 0 0 0 0 0 0.01
"SMAD2" 0 0 0 0 0 0 0 0 -0.19 -0.47 -0.04 0 -0.06 -0.1 0 -0.06 -0.06 0 -0.07 0 -0.05
"MAN1A1" 0 0 -0.14 0 0 0 0 0 0 0 0 0 0 0 0 0 0 0 0 0 -0.01
"MAP4" 0 0 0 0 0 0 0 0 0.03 0.24 0.04 0 0 0.43 0 0 0 0 0 0 0.04
"MBNL1" 0 0 0 0.11 0 0 0 0 0 0 0 0 0 0 0 0 0 0 0 0 0.01
"MCC" 0 0 0 0 0 0 0 0 0 -0.23 0 0 0 0 0 0 0 0 0 0 -0.01
"MDH2" 0 0 0 0 0 0 0 0 0 -0.08 0 0 0 0 0 0 0 0 0 0 0
"MFAP3" -0.12 0 0 0 0 0 0 0 0 0 0 0 0 0 0 0 -0.03 0 0 0 -0.01
"MGMT" -0.1 -0.21 -0.07 -0.64 -0.1 -0.07 0 -0.27 -0.43 -0.24 -0.36 -0.31 -0.39 -0.64 -0.28 -0.41 -0.34 -0.26 -0.27 -0.23 -0.28
"MGST2" 0 0.06 0 0 0 0 0 0 0 0 0 0 0 0 0 0 0 0 0.01 0 0
"MID1" 0 0 0 0 0 0 0 0 0 0 0 0 0 0 0 0.03 0 0 0 0 0
"MITF" 0.17 0 0 0 0.33 0 0 0 0 0.13 0 0 0.28 0 0 0.26 0.05 0 0 0.51 0.09
"MLH1" -0.04 0 0 0 0 0 0 0 -0.3 -0.33 -0.18 0 0 -0.08 0 -0.52 -0.1 0 0 -0.12 -0.08
"AFDN" 0 0 0 0 0 0 0 0 0 -0.18 -0.48 0 0 -0.24 0 0 0 0 0 0 -0.04
"MNAT1" -0.03 0 0 -0.52 0 -0.13 0 0 -0.02 -0.49 0 0 0 0 -0.17 -0.66 0 0 -0.3 0 -0.12
"MSH2" 0 0 0 0 0 0 0 0 0 0.06 0 0 0 0 0 0 0 0 0 0 0
"MSH3" 0 0 0 0 0 0 0 0 0 0 0 0 0 -0.07 0 0 0 0 0 0 0
"MSR1" 0 0 0 0 0 0 0 0 0 0 0 0 0 0 0 0 0 0 0 0 0
"MSRA" 0 0 0 0 0 0 0 0 0 0 0 0 0 0.22 0 0 0 0 0 0 0.01
"MXI1" 0 0.66 0.24 0.07 0.22 0.71 0 0 0.11 0.37 0.5 0.74 0.05 0.11 0.05 0.14 0 0 0 0.02 0.2
"MYO5A" 0 0 0 0 0 0 0 0 0 0.28 0 0 0 0 0 0 0 0 0 0 0.01
"MYO5B" -0.3 -0.25 -0.21 -0.04 0 -0.2 0 -0.13 -0.1 -0.23 -0.32 -0.09 -0.13 0 0 -0.14 0 0 -0.01 0 -0.11
"PPP1R12B" 0.53 0 0 0 0 0 0 0 0.26 1.01 0 0 0 0 0 0 0 0 0 0 0.09
"NCAM1" 0 0 0 0 0 0 0 0 0 -0.3 0 0 0 0 0 0 0 0 0 0 -0.01
"NEFL" 0 0 0 0 0 0 0 0 0 0 0 0 0 -0.07 0 0 0 0 0 0 0
"NGF" 0 0 0 0 0 -0.01 0 0 0 0 0 0 0 0 0 0 0 0 -0.04 0 0
"NOS1" 0 0 0 0 0 0 0 0 0 0 0 0 0 0 0 0 0 0 0.08 0 0
"NOVA2" 0 0 0 0 0 0 0 0 0 0 0 0 0 0.03 0 0 0 0 0 0 0
"DDR2" 0 0 0 0 0 0 0 0 0 -0.1 0 0 0 -0.05 0 -0.04 -0.04 0 0 0 -0.01
"NUMA1" 0 0 0 0 0 0 0 0 0 0.14 0 0 0 0.19 0 0 0 0 0 0 0.02
"P4HA1" 0 0 0 0 0 0 0 0 0 0 0 0 0 0 0 0 0 0 -0.28 0 -0.01
"PAK2" 0 0 0 0 0 0 0 0 0 0.07 0 0 0 0 0 0 0 0 0 0 0
"PBX1" 0.53 0.46 0.4 0 0.93 0 0.12 0 0.79 1.25 0.61 0.53 0.14 0.41 0 0.66 1.78 0.23 0.65 0.41 0.5
"PCDH8" -0.08 0 0 0 -0.03 0 0 0 0 -0.01 -0.04 0 0 0 0 0 -0.02 0 0 0 -0.01
"PDE1A" -0.13 0 0 0 0 -0.2 -0.08 0 0 0 -0.07 0 0 0 0 -0.06 -0.21 0 0 0 -0.04
"PDE4D" 0 0 0 0 0 0 0 0 0.08 0.65 0 0 0.01 0 0 0 0 0 0 0 0.04
"PDK3" 0.25 0.21 0.34 0.23 0.12 0.01 0 0.11 0 1.08 0.39 0 0 0.9 0.65 0.69 0 0.31 0.98 0.72 0.35
"PLEC" 0 0 0 0 0 0 0 0 0 0 0 0 0 0.16 0.25 0 0 0 0 0 0.02
"PLS1" 0 0 0 0 0 0 0 0 0 -0.03 0 0 0 0 -0.28 -0.39 -0.12 0 -0.11 0 -0.05
"PLXNA2" 0 0 0 0 0 0 0 -0.06 0 0 0 -0.33 -0.32 0 0 0 0 0 0 0 -0.04
"PNOC" 0 0 0 0 0 0 0 0 0 0 0 0 0 0 0 0 -0.02 0 0 0 0
"UBL3" 0 0 0 0.22 0 0.16 0 0 0 0.57 0.54 0 0 0.25 0 0 0.36 0.2 0.36 0 0.13
"POLR2A" 0 0 0 0 0 0 0 0 -0.35 -0.21 0 -0.07 -0.12 0 -0.38 -0.08 0 0 -0.16 0 -0.07
"PPARG" 0 0 0 0 0 0 0 0.49 0 0 0 0 0 0 0 0 0 0 0 0 0.02
"PPM1A" 0 0 0 0 0 0 0 0 0 0 0.24 0 0 0 0 0 0 0 0 0 0.01
"PPP1R2" 0 0 0.06 0 0 0 0 0 0 0 0 0 0 0 0.04 0 0 0 0 0 0
"PPP2CB" 0 0 0 0 0 0 0 0 0 0 0 0 0 0 0 0 0 0 0 0 0
"PPP2R2B" 0 0 0 0 0 -0.09 0 0 0 -0.11 0 0 0 0 0 -0.04 -0.21 0 -0.65 0 -0.06
"PPP2R5E" -0.02 0 0 0 0 0 -0.07 0 0 -0.37 0 0 0 0 0 0 0 0 0 0 -0.02
"PREP" 0 0 0 0 0 0 0 0 0 0 0 0 0 0.1 0 0 0 0 0 0 0
"PRKAA1" 0 0.35 0 0.18 0.09 0.15 0 0.12 0.03 0 0 0 0 0.5 0.37 0.05 0 0 0.13 0 0.1
"PRKAA2" 0 0 0 0.83 0.26 0 0.55 0 0 0 0 0 0.47 0.2 0.35 0 0 0 0.63 0 0.16
"PRKAG1" 0.1 0 0 0 0 0 0 0 0 0 0.02 0 0 0.15 0 0 0 0 0.02 0 0.01
"PRKDC" 0 0 0 0 0 0 0 -0.19 -0.08 -0.25 0 0 0 0 0 0 0 0 -0.64 0 -0.06
"MAPK6" 0 0 0 0 0 0 0 0 0 0.01 0 0 0 0 0 0 0 0 0 0 0
"MAP2K5" 0 0 0 0 0 0 0 0 0 -0.07 0 0 0 0 0 0 0 0 0 0 0
"PRPSAP1" 0 0 0 0 0 0 0 0 0 0.26 0 0 0 0 0 0 0 0 0 0 0.01
"RELN" 0 0 0 0 0 0 0 0 0 -0.05 0 0 0 0 0 0 0 0 0 0 0
"HTRA1" 0.25 0.41 0.31 0.39 0.32 0.29 0.04 0 0.21 0.26 0.42 0.35 0.67 1 0.03 0.14 0.53 0 0.82 0.33 0.34
"PSD" 0 0 0 0 0 0 0 0 0 0 0 -0.05 0 0 0 0 0 0 0 -0.26 -0.02
"PSMA7" 0 0 0 0 0 -0.53 0 0 0 0 -0.35 0 0 0 0 0 0 -0.02 -0.14 0 -0.05
"PSMC6" 0 0 0 0 0 0 0 0 0 0 0 0 0 -0.03 0 0 0 0 -0.08 0 -0.01
"PSMD1" 0 0 0 0 0 0 0 0 0 0 0 0 0 0 0 -0.07 -0.07 0 0 0 -0.01
"PTK2" 0 0 0 0 0 0 0 0 0 -0.24 0 0 0 0 0 0 0 0 0 0 -0.01
"QSOX1" 0 0 0 0 0 0 0 0 -0.02 0 0 0 0 0 0 0 0 0 0 0 0
"PTPN11" 0 0 0 0 0 0 0 0 0 0 0 0 0 0 0 0 0 0 0.12 0 0.01
"PTPRR" 0 -0.14 0 -0.16 0 0 -0.04 0 0 -0.27 -0.04 -0.12 -0.07 -0.25 -0.48 -0.45 0 -0.41 -0.03 -0.16 -0.13
"PVT1" -0.25 -0.35 -0.41 -0.56 -0.5 -0.28 -0.51 -0.67 -0.03 -0.17 -0.13 -0.26 -0.26 -0.19 -0.26 -0.35 -0.25 -0.72 -0.22 -0.6 -0.35
"ABCD3" 0 0.11 0.26 0.26 0 0.08 0 0.12 0.15 0.37 0.12 0.03 0 0.09 0 0 0 0 0.58 0 0.11
"RAB1A" 0 0 0 0 0 0 0 0 0 0 0 0 0 0.22 0 0 0 0 0 0 0.01
"RAB2A" 0 -0.06 0 0 0 0 -0.06 0 -0.36 -0.34 0 0 0 0 0 -0.23 0 0 0 0 -0.05
"RAB4A" 0 0 0 0 0 0 0 0 0 0 0 0 0.18 0 0 0 0 0 0 0 0.01
"RALGDS" 0 0 0 0 0 0 0 0 0 0.04 0 0 0 0 0 0 0 0 0 0 0
"RANGAP1" 0 0 0 -0.06 -0.06 0 0 -0.22 0 0 0 0 0 0 0 0 0 0 0 0 -0.02
"RAP1GDS1" 0 0 0 0 0 0 0 0 0 0 0 0 0 0 -0.33 0 0 0 0 0 -0.02
"RAP2A" 0 0 0 0 0 0 0 0 0 0 0 0 0 0.02 0 0 0 0 0 0 0
"RARB" 0.19 0 0.57 0.11 0.19 0 0 0 0 0.01 0 0.01 0 0.17 0.18 0 0.39 0 0 0 0.09
"RASGRF1" 0 0 0 0 0 0 0 0 0 0.11 0 0 0 0 0 0 0 0 0 0 0.01
"RDX" -0.54 -0.12 0 -0.32 0 -0.46 0 0 0 0 0 0 0 0 0 -0.18 -0.29 0 0 -0.13 -0.1
"REV3L" 1.19 0.48 0.61 0 0 0.12 0.42 0.01 0.78 1.14 0.09 0.36 1.03 0 0 0.08 0.56 0 0.39 0 0.36
"RFX1" 0 0 0 0 0 0 0 0 0 0 0 0 -0.15 -0.06 0 0 0 0 0 0 -0.01
"RPA1" 0 0 0 0 0 0.08 0 0 0.13 0.25 0 0 0 0.2 0.03 0.04 0.31 0 0.3 0 0.07
"RPS3A" 0 -0.03 0 0 0 0 0 0 0 0 -0.26 0 0 0 -0.27 0 -0.21 0 0 0 -0.04
"RPS5" 0 0 0 0 0 0 0 0 0 0 0 -0.04 0 0 0 0 0 -0.06 0 0 0
"RPS12" 0 0 0 0 0 -0.1 0 0 0 0 0 0 0 0 0 0 0 0 0 0 -0.01
"RSU1" 0 0 0 0 0 0 0 0 0 0.15 0 0 0 0 0 0 0 0 0 0 0.01
"RYR2" 0.22 0 0 0 0 0 0.4 0 0 0 0 0 0.11 0 0.05 0 0.12 0 0.6 0 0.07
"SAT1" 0.34 0.18 0 0.24 0 0.68 0.31 0.35 0.11 0.75 0.59 0.47 0.56 0.09 0.33 0 0.38 0.01 0.33 0.41 0.31
"SC5D" 0 0 0 -0.14 0 0 0 0 0 0 0 0 0 0 0 0 0 0 0 0 -0.01
"SCP2" 0 0 0 0 0 0 0 0 0 0 0.02 0 0 0 0 0 0 0 0 0 0
"SRSF5" 0 0 0 0 0 0 0.2 0 0 0 0 0 0 0.18 0.06 0.16 0.03 0 0 0 0.03
"FBXW4" 0 0 0 0 0 0 0 0 0 0.21 0 0 0 0 0 0 0 0 0 0 0.01
"SKI" -0.06 0 -0.4 -0.04 -0.15 -0.1 -0.32 -0.38 0 -0.25 0 -0.23 -0.05 -0.31 0 0 0 -0.1 0 0 -0.12
"SLC1A2" -0.24 -0.25 -0.11 0 0 0 -0.01 0 -0.09 -0.08 0 0 0 0 0 0 0 0 0 -0.02 -0.04
"SLC6A11" 0 0 0 0 0 0 0 0 0 -0.36 0 0 -0.05 0 0 0 0 0 -0.01 0 -0.02
"SLC8A3" 0 0 0 0 -0.17 -0.09 0 0 0 -0.09 0 0 0 -0.05 0 0 0 0 0 -0.28 -0.03
"SLC22A3" 0 0 0 0 0 0 0 0 0 0 0 0 0 -0.01 0 0 0 0 0 0 0
"SMARCA1" -0.12 -0.15 0 -0.46 0 0 0 0 0 0 -0.17 -0.15 0 -0.1 0 -0.21 0 0 -0.06 -0.05 -0.07
"SNCB" -0.03 0 0 0 0 0 0 0 0 -0.11 0 0 0 0 0 0 0 0 -0.17 0 -0.02
"SNRPF" 0 0 0 0 0 0 0 0 0 0.12 0 0 0 0 0 0 0 0 0 0 0.01
"SNX1" 0 0 0 0 0 0 0 0 0 -0.05 0 0 0 0 0 0 0 0 0 0 0
"SOX5" 0 0 0 0 0 0 0 0 0 0 0 0 0 0 0 0 0 0 0 0 0
"SPAG1" 0 0 0 0 0 0 0 0 0 0 -0.09 0 0 0 0 0 0 0 0 0 0
"SPTBN2" 0 -0.01 -0.34 -0.02 -0.04 -0.31 -0.08 -0.17 0 0 -0.4 -0.18 0 0 -0.03 -0.27 -0.29 -0.06 -0.12 -0.46 -0.14
"SST" 0 0 0 -0.04 0 0 -0.05 -0.01 -0.13 0 -0.04 0 0 0 0 0 0 0 0 0 -0.01
"STAT1" -0.61 -0.74 -0.53 -0.65 -0.79 -0.78 -0.56 -0.96 -0.55 -0.65 -0.58 -0.78 -0.86 -0.69 -0.92 -0.6 -0.62 -0.76 -0.86 -0.72 -0.71
"SVIL" 0 0 0 -0.03 0 0 0 0 0 -0.39 -0.26 0 0 -0.05 -0.18 0 -0.19 0 0 -0.17 -0.06
"SYT4" -0.2 0 -0.08 0 0 0 -0.01 -0.04 -0.11 0 0 -0.2 -0.03 0 -0.17 0 0 0 0 -0.16 -0.05
"TAC1" -0.2 0 0 0 0 -0.03 0 0 0 -0.21 0 0 0 0 0 0 0 -0.01 0 0 -0.02
"TACR1" 0 0 0 0 0 0 0 0 0 0 0 0 0.1 0 0 0 0 0 0 0 0
"TAF7" 0 0 0 0 0 0 0 0 0 0 0 0 0 0 0 0 0.05 0 0 0 0
"MAP3K7" 0 0 0 0 0 0 0 0 0 0 0 0 0 0 0 0 0 0 0.03 0 0
"TCEA1" -0.11 0 0 0 0 0 0 0 0 0 0 0 0 0 0 0 0 0 0 0 -0.01
"TEAD1" 0 0 0 0 0 0 0 0 0 0 0.12 0 0 0 0 0 0 0 0 0 0.01
"TERF1" 0 0 0 0 0 0 0 0 0 -0.2 0 0 0 0 0 0 0 0 -0.38 0 -0.03
"TJP1" 0 0 0 0 0 0 0.57 0 0 0 0 0 0 0 0 0.09 0 0 0 0 0.03
"TP53BP1" 0 0 0 0 0 -0.04 0 0 0 -0.59 0 0 0 0 0 0 0 0 0 0 -0.03
"TPD52L1" 0 0 0 0 0 0 0 0 0 0 -0.24 0 0 -0.06 -0.1 0 0 0 0 0 -0.02
"TPD52L2" 0 0 0 0 0 0 0 0 0 -0.09 -0.14 0 0 0 0 0 0 0 -0.05 0 -0.01
"TRAF3" 0 0.04 0 0 0 0 0 0.41 0.05 0.11 0 0 0 0 0.04 0 0 0 0 0 0.03
"TRPC1" 0 0 0 0 0 0 0 0 0 0.01 0 0 0 0 0 0 0 0 0 0 0
"TSN" 0 0 0 0 0 -0.16 0 0 0 0 -0.15 0 0 0 0 0 0 0 -0.33 0 -0.03
"TSG101" 0 0 0 0 0 0 0 0 0 0.12 0 0 0 0 0 0 0 0 0 0 0.01
"TTC3" 0 0 0 0 0 0 0 0 0 0.27 0 0 0 0 0 0.84 0 0 0.65 0 0.09
"TTN" 0 0 0 0 0 0 0 0 0 -0.12 0 0 -0.23 -0.01 0 0 -0.1 -0.02 0 0 -0.02
"UCHL3" 0 -0.25 -0.18 -0.04 -0.16 -0.19 0 -0.23 -0.27 -0.03 0 0 0 -0.14 0 0 -0.04 -0.24 0 -0.04 -0.09
"UPP1" 0 0 0 0.16 0 0 0 0 0 0 0 0 0 0 0 0 0 0 0 0 0.01
"UQCRFS1" 0 0 0 0 0 0 0 0 0 0 0 0 0 0 0 0 0 0 -0.02 0 0
"USF2" 0 0 0 0 0 0 0 0 0 -0.06 0 0 0 0 0 0 0 0 0 0 0
"VDAC2" 0 0 0 0 0 0 0 0 0 -0.22 0 0 0 0 0 0 0 0 0 0 -0.01
"XIST" 0 0 0 0 0 -0.01 0 0 0 0 0 0 0 -0.03 0 0 0 0 -0.07 0 -0.01
"YY1" 0 0 0 0.48 0 0.06 0 0 0.29 0 0.18 0 0 0.05 0 0 0 0 0 0 0.05
"ZNF33A" 0 0 0 0 0 0 0 0 0 0.24 0 0 0 0 0 0 0 0 0 0 0.01
"ZNF33B" 0 0 0 0 0 0 0 0 0 0 0 0 0 0 0 0 0 0 0.05 0 0
"ZNF75D" 0 0 0 0 0 0 0 0 0 0 0 0 0 -0.01 0 0 0 0 0 0 0
"ZNF91" -0.23 -0.02 0 0 -0.08 0 -0.51 0 0 0 0 0 0 0 -0.02 -0.12 0 0 0 0 -0.05
"ZBTB16" 0 0 0 0 0 0.29 0 0 0 0 0 0 0.07 0 0 0 0 0 0.01 0 0.02
"ZNF146" 0 0 0 0 0 0 0 0 0 0.16 0 0 0 0 0 0 0 0 0 0 0.01
"TRIM26" 0 0 0 0 0 -0.06 0 0 0 0 0 0 0 0 0 0 0 0 0 0 0
"ZNF195" 0 0 0 0 0 0 0 0 0 0.18 0 0 0 0 0 0 0 0 0 0 0.01
"ALMS1" 0 0 0 0 0 0 0 0 0.05 0 0 0 0 0 0 0 0 0 0 0 0
"MTERF1" -0.02 -0.4 -0.24 -0.12 0 -0.54 0 -0.18 0 -0.54 -0.16 -0.09 -0.28 -0.42 0 -0.16 0 -0.23 -0.44 -0.6 -0.22
"SHOC2" 0 0 0.01 0 0 0 0.01 0 0 0 0 0 0 0 0 0.09 0 0 0 0 0.01
"IFT88" 0 0 0 0 0 0 0 0 0 -0.1 0 0 0 0 0 0 0 0 0 0 0
"PABPN1" 0.87 0.38 0.78 0.9 0.28 0.61 0.61 0.6 0.4 0.64 0.65 0.39 0.94 0.68 0.68 0.29 0.37 0.52 0.98 0.78 0.62
"AP3B2" 0 -0.03 0 0 -0.09 0 0 0 0 -0.13 -0.54 0 0 0 0 0 0 0 0 0 -0.04
"ANP32A" 0 -0.06 0 0 0 0 0 0 0 0 0 0 0 0 0 0 0 0 0 0 0
"NPRL3" 0 0 0 0 0 0 0 0.02 0 0.05 0.17 0 0 0.12 0 0 0 0 0 0 0.02
"COLQ" -0.33 -0.14 0 0 -0.06 0 0 0 -0.22 -0.36 -0.26 -0.03 -0.62 0 -0.16 -0.09 -0.34 -0.33 -0.26 -0.05 -0.16
"PIP5K1A" 0 0 0 0 0 0 0 0 0 0.09 0 0 0 0 0 0 0 0 0 0 0
"ULK1" -0.24 0 0 -0.12 0 0 -0.04 0 0 0 0 0 0 0 0 0 0 0 0 -0.11 -0.03
"EEA1" 0 0 0 0 0 0 0 0 0 -0.1 0 0 0 0 0 0 0 0 0 0 -0.01
"STX7" 0.11 0.17 0.04 0 0.07 0 0 0 0 0.14 0 0 0 0.46 0 0.32 0 0 0.24 0 0.08
"NCK2" 0.26 0.18 0 0.01 0 0.78 0 0 0 0.31 0 0 0 0.06 0.1 0 0 0.3 0 0 0.1
"CUL3" 0 0 0 0 0 0 -0.06 0 -0.1 0 -0.17 0 -0.05 -0.17 -0.28 0 -0.29 0 0 0 -0.06
"CUL1" 0 0.83 0 0.97 0.34 0.63 0 0 0.25 0 0 0.39 0.36 0 0.13 0.62 0.28 0 0 0.72 0.28
"PPM1D" 0 0 0 0 0 0 0 0 0 0 0 0 0 -0.17 -0.1 0 0 0 0 0 -0.01
"PPFIA1" 0 0 0 0 0 0 0 0 0 0.52 0 0 0 0 0 0 0 0 0 0 0.03
"PARG" 0 0 0 0 0 -0.08 0 0 -0.23 0 0 0 0 0 0 0 0 0 0 0 -0.02
"ENC1" -0.72 -1.05 -1 -0.75 -1.09 -0.94 -1.14 -0.9 -1.38 -0.66 -0.69 -0.85 -1.12 -0.67 -0.76 -1.13 -1.06 -1.26 -1.06 -0.92 -0.96
"NIPSNAP1" -0.1 0 0 0 0 0 0 0 0 0 0 0 0 -0.32 0 0 0 0 0 0 -0.02
"ELP1" 0 0 0 0 0 0 0 0 -0.28 -0.08 0 0 0 0 0 0 0 0 -0.33 -0.03 -0.04
"API5" 0 0 0 0 0 0 0 0 0.05 0.18 0 0 0 0 0 0 0.24 0.01 0 0 0.02
"AGPS" 0 0 0 0 0 0 0 0 0 -0.14 0 0 0 0 0 0 0 0 0 0 -0.01
"SLC25A12" 0 0 0 0 0 0 0 0 0 -0.92 0 0 0 0 0 0 0 0 0 0 -0.05
"PLPP1" 0.04 0 0 0.24 0 0.2 0 0 0 0.21 0 0.64 0.12 0 0.27 0 0 0.14 0.33 0.16 0.12
"USO1" 0 0.07 0.24 0.59 0.36 0 0 0 0.09 0.33 0 0.09 0.07 0.21 0.2 0.32 0.06 0.27 0 0 0.15
"IRS2" 0 0 0 0 0 0 0 0 0 0 0 0 0 -0.22 0 0 0 0 0 0 -0.01
"EIF3B" 0 0 0 0 -0.32 0 0 0 0 0 0 0 0 0 0 0 0 0 0 0 -0.02
"EIF3H" 0 0 0 0 0 0 0 0 0 0 0 0 0 0 0 -0.07 0 0 0 0 0
"SNAP23" 0 0 0 0 0 0 0 0 0 0.24 0 0 0 0 0 0 0 0 0 0 0.01
"MTMR1" 0 0 0 0 0 0 0 0 0.01 0 0.04 0 0 0 0 0 0 0 0 0 0
"RGS11" 0 0 0 0 0 0 0 0 0 0 0 0 0 0 0.01 0 0 0 0.1 0 0.01
"DPM1" 0 0 0 0 0 0 0 0 0 0 -0.11 0 0 0 0 -0.12 0 0 0 0 -0.01
"DCAF5" 0 0 0 0 0 0 0 0 -0.16 0 0 0 0 0 0 0 0 0 0 0 -0.01
"LIN7A" 0 0 0 0 0 0 0 0 0.06 0.32 0 0 0.27 0 0 0 0 0 0.23 0 0.04
"GMPS" 0 0 0 0 0 0 0 0 0 0.21 0 0 0 0 0 0 0 0 0 0 0.01
"HDAC3" -0.18 0 0 0 -0.12 0 0 0 0 -0.1 0 0 0 0 -0.2 -0.03 0 0 -0.01 0 -0.03
"NAE1" 0 0 0 0 0 0.1 0 0 0 0 0 0 0 0 0 0 0 0 0 0 0.01
"MCM3AP" 0 0 0 0 0 0 0 0 -0.15 0 0 0 0 0 0 0 0 0 0 0 -0.01
"MTMR3" 0 0 0 0 0 0 0 0 0 0 0 0 0 0 0 0 0 0.29 0 0 0.01
"MTMR2" -0.28 0 0 -0.17 -0.28 -0.29 0 0 -0.63 -0.34 -0.2 0 -0.08 -0.08 -0.24 -0.46 0 -0.26 -0.06 0 -0.17
"HERC2" 0 0 0 0 0 0 -0.3 0 0 0 0 0 0 0 0 0 0 0 0 0 -0.01
"SEMA5A" 0 0 0 0 0 0 0 0 0 0.2 0 0 0 0 0 0 0 0 0 0 0.01
"UBE2M" 0 0 0 0 0 0 0 0 0 0 -0.16 0 0 0 0 0 0 0 0 0 -0.01
"PAPSS1" 0 0 0 0 0 0 0 0 0 0 0 0 0 0 0 0 0 0 -0.05 0 0
"CNOT9" 0 0 0 0 0 0 0 0 0 0 -0.04 0 0 0 0 0 0 0 0 0 0
"ATG12" 0 0 0 0 0 0 0 0 0 0 0 0 0 0 0 0 0 -0.04 0 0 0
"SYNGR1" 0 0 -0.1 0 0 0 0 -0.55 -0.13 0 0 -0.5 -0.36 -0.34 -0.3 0 -0.38 -0.18 0 -0.3 -0.16
"NEMF" 0 0 0 0 0 0 0 0 0 0 0 0 0 0.18 0 0 0 0 0 0 0.01
"DGKI" -0.62 0 0 0 0 0 0 0 0 0 0 0 0 0 -0.88 0 -0.17 0 0 -0.15 -0.09
"LGI1" 0 0 0 0 0 -0.05 0 0 -0.16 0 -0.05 0 0 0 0 0 0 0 0 -0.15 -0.02
"CCPG1" 0 0 0 0 0 0 0 0 0 0 0 0 0 0 -0.01 0 0 0 0 0 0
"CYTH3" 0 0 0 0 0 0 0 0 0 0 0 0 0 0 0 0 0 0 0 0 0
"ZNF235" 0 0 0 -0.25 -0.07 0 0 0 0 -0.3 -0.16 0 0 -0.22 0 0 -0.19 0 0 0 -0.06
"TRIP4" -0.67 -0.66 -0.7 0 -0.87 -0.6 -0.99 -0.8 -0.57 -0.7 -0.7 -0.36 -0.52 -0.55 -0.77 -0.54 -0.7 -0.58 -0.29 -0.6 -0.61
"B4GALT6" 0 0 0 0 0 0 0 0 0.02 0 0 0 0 0 0 0 0 0 0 0 0
"TXNL1" 0 0 0 0 0 0 0 0 0.06 0 0 0 0 0.13 0.43 0.26 0 0.2 0 0.12 0.06
"ZFYVE9" 0 0 0 0 0 0 0 0 0 0 0.18 0 0 0 0 0 0 0 0 0 0.01
"NMT2" 0.3 0.04 0.59 0.07 0 0 0.54 1.06 0.79 0.06 0.51 0.34 0.01 0.19 0.18 0 0.02 0.27 0.03 0.23 0.26
"SNRNP40" 0 0 0 0 0 -0.01 0 0 0 0 0 0 0 0 0 0 0 0 0 0 0
"SH3BP5" 0 0 0 0 0 0.33 0 0 0 0 0 0 0 0 0 0 0 0 0 0 0.02
"ROCK2" 0 0 0 0 0 0 0 0 -0.58 -0.14 -0.38 -0.13 0 -0.58 0 0 0 0 -0.4 -0.18 -0.12
"STXBP5L" 0 -0.1 0 0 0 0 0 0 0 0 0 0 0 0 0 -0.28 -0.66 0 0 0 -0.05
"NPEPPS" 0 0 0 0 0 0 0 0 0 -0.06 0 0 0 0 0 0 0 0 0 0 0
"TMEM59" 0 0 0 0 0 0 0 0 0 0.06 0 0 0 0 0 0 0 0 0.12 0 0.01
"CIR1" 0 0 0 0 0 0 0 0 0.14 0 0 0 0 0 0.01 0 0 0 0 0 0.01
"CXCL14" -0.01 -0.03 0 -0.02 0 0 0 0 0 -0.07 0 0 0 0 0 -0.02 0 0 0 0 -0.01
"GABBR2" -0.05 -0.73 0 0 -0.15 0 -1.18 -0.19 0 0 -0.81 0 0 -0.78 -1.22 0 -0.16 0 -0.32 -0.82 -0.32
"GDA" 0 -0.2 0 -0.39 0 -0.11 -0.02 -0.04 -0.23 0 -0.12 0 -0.3 0 -0.17 0 -0.02 -0.23 -0.17 -0.01 -0.1
"ZNF592" 0 0 0 0 0 0 0 0 0 -0.38 0 0 0 0 0 0 0 0 0 0 -0.02
"WSCD2" 0 0 0 0 0 0 0 0 0 -0.08 -0.03 0 0 0 0 0 0 0 0 0 -0.01
"CLINT1" 0 0 0 0 0 0 0 0 0 0 0 0 0 0 0 0 0 0 -0.16 0 -0.01
"NUP93" 0 0 0 0 0 0 0.15 0 0 0 0 0 0 0 0 0 0 0 0 0 0.01
"CROCC" 0 0 0 0 0 0 0 0 0 0.09 0 0 0 0 0 0 0 0 0 0 0
"PPP6R2" 0 0 0 0 0 0 -0.25 0 0 -0.14 0 0 0 0 0 0 -0.24 0 0 0 -0.03
"CEP57" 0 0 0 0 0 0.2 0 0 0 0.17 0.72 0 0 0 0 0 0.3 0 0 0 0.07
"AQR" 0 0 0 0 0 0 0 0 0 0 0 0 0.08 0 0.27 0.06 0.03 0 0 0 0.02
"NOS1AP" -0.69 -0.63 -0.73 -0.66 -1.2 -1.07 -0.54 -0.79 -1.24 -0.47 -0.81 -0.77 -0.5 -0.21 -0.6 -0.81 -0.63 -0.43 -0.59 -0.78 -0.71
"DOCK4" 0 0 0 0 0 0 0 0 0 0 0 0 0 0 -0.23 0 0 0 0 0 -0.01
"USP34" 0 0.1 0.56 0 0 0 0 0 0 0 0 0.38 0 0 0 0.52 0 0.02 0 0 0.08
"CLSTN3" 0 0 0 0 0 0 0 0 0 0 0 0 0 0 0 -0.02 0 0 0 0 0
"RIPOR2" 0 0 0 0 0 0 0 0 0 0.04 0 0 0 0 0 0 0 0 0 0 0
"SNPH" 0 0 0 0 0 0 0 0 0 0.04 0 0 0 0 0 0 0 0 0 0 0
"BCLAF1" 0 0 0 0 0 0 0 0 0 0 0 0 0 0 0 0 0 0 -0.24 0 -0.01
"KIAA0586" 0.21 0 0 0.03 0 0 0 0 0 0 0 0 0 0 0 0 0 0 0 0 0.01
"RB1CC1" 0 0 -0.31 0 0 -0.61 0 0 -0.97 -0.15 -0.01 -0.63 0 -0.63 0 -0.12 -0.38 0 -0.1 -0.02 -0.2
"EPM2AIP1" 0 0 0 0 0 0 0 0 0 0 0 0 0 0 0.24 0 0 0 0 0 0.01
"KIAA0319" 0 0 0 0 0 0 0 0 0 0 0 0 0 0.07 0 0 0 0 0 0 0
"TRANK1" 0.02 0 0 0.32 0 0 0 0.3 0.28 0.67 0.59 0 0.74 0.54 0.08 0 0.15 0.24 0 0 0.2
"ARNT2" 0.09 0 0 0 0 0 0 0 0 0 0 0 0.99 0 0 0 0 0 0 0 0.05
"FAM20B" 0 0 0 0 0 0 0 0 0 0.39 0 0 0 0 0 0 0 0 0 0 0.02
"RNF10" 0 0 0 0 0 0 0 0 0 0.03 0 0 0 0 0 0 0 0 0 0 0
"GFPT2" 0 0 0 0 0 0 0 0 0 0 0.1 0 0 0 0.04 0 0 0 0 0 0.01
"HNRNPDL" 0.39 0 0 0 0.19 0 0 0 0.16 0 0.67 0.52 0.06 0 0.32 0.33 0.53 0 0.31 0 0.17
"DMTF1" 0 0 0 0 0 0 0 0 0 0 0 0.03 0 0 0.26 0.32 0 0 0 0 0.03
"TANK" 0.07 0 0 0 0 0 0 0 0 0 0 0 0 0 0 0.16 0 0 0 0 0.01
"GNE" 0.19 0 0 0.02 0 0 0 0 0 0.03 0 0.18 0 0.25 0.16 0 0 0 0 0.13 0.05
"TOM1L1" 0 0 0 0 0 0 0 0 0 0.28 0 0 0 0 0 0 0 0 0 0 0.01
"RANBP9" 0 0 0 0 0 0 0 0.15 0 0 0 0 0.03 0 0 0.13 0 0 0 0 0.02
"FRY" 0 0 0 0 0 0 0 0 0 0.02 0 0 0 0 0 0 0 0 0 0 0
"PDIA6" 0 0 -0.04 -0.02 0 0 0 0 0 -0.26 -0.3 0 0 0 0 0 -0.25 0 -0.3 -0.02 -0.06
"OPTN" 0 0 -0.36 -0.05 -0.31 -0.58 0 -0.11 0 -0.18 -0.13 0 -0.44 0 -0.16 0 0 -0.38 0 -0.24 -0.15
"SUGP2" 0 -0.17 0 0 0 0 0 0 0 0 0 0 0 0 0 0 0 0 0 0 -0.01
"ABI2" -0.75 -0.25 -0.88 -0.41 -0.97 -0.66 -1.18 -1.45 -1.94 -0.71 -1.43 -0.9 -0.67 -1.55 -1.08 -0.91 -1.89 -1.03 -1.01 -1.22 -1.04
"PLXNC1" 0.01 0.1 0 0.03 0 0.59 0.22 0.1 0.09 0.15 0.03 0.36 0.12 0.54 0.41 0.16 0 0.35 0.45 0.26 0.2
"SLC25A13" 0.06 0 0.05 0 0.19 0.18 0 0 0 0.46 0 0 0 0.24 0 0 0.06 0 0.06 0.14 0.07
"MPHOSPH9" 0.5 0 0.09 0 0.06 0 0 0 0 0 0.12 0 0 0.32 0.15 0 0.44 0 0 0.06 0.09
"PATJ" 0.55 0 0 0 0 0.07 0.09 0 0.09 0 0.15 0.2 0.82 0.1 0 0.04 0 0.36 0.1 0.11 0.13
"USPL1" 0 0 0 0 0 0 0 0 0 0.03 0 0 0 0 0 0 0 0 0 0 0
"STAG1" 0 0 0 0 0 0 0 0 0 -0.05 0 0 0 0 0 0 0 0 0 0 0
"MAEA" 0 0 0 0 0 0 0 0 0 0 0.1 0 0 0 0 0 0 0 0 0 0.01
"VPS26C" 0 0 0 -0.09 0 0 0 0 0 0 0 0 0 0 0 0 0 0 0 0 0
"RRAGB" 0 0 0 0 0 0 0 0 0 0 0 0 0 0 0 0 0.07 0 0 0 0
"ABCA10" 0 0 0 0 0 0 0 0 0.42 0 0 0 0 0 0.01 0 0 0 0 0 0.02
"ABCA9" 0 0 0 0 0 0 0 0 -0.07 0 0 0 0 0 0 0 0 0 0 0 0
"MICU1" 0 0 0 0 0 0 0 0 0 -0.51 0 0 0 0 0 0 0 0 0 0 -0.03
"CACNG2" -0.51 0 -0.24 -0.6 -0.15 -0.59 -0.37 -0.18 -0.23 -0.94 0 -0.72 -0.16 -0.65 -0.3 -0.23 -0.37 -0.65 -0.97 -0.32 -0.41
"C1D" 0 -0.12 -0.22 -0.08 0 -0.01 0 0 0 0 0 0 0 -0.18 0 0 -0.36 0 -0.5 -0.02 -0.07
"TAB1" 0.17 0 0 0 0 0 0 0 0 0.09 0 0.05 0 0 0 0.43 0 0 0.13 0 0.04
"SEC23A" 0 0 0 0 0.02 0 0 0 0 0 0 0 0 0 0 0 0 0 0 0 0
"SEMA6B" 0 0 0 0 0 0 0 0 0 0 0 0 -0.11 0 0 0 0 0 0 0 -0.01
"APPBP2" 0 0 0 0 0 0 0 0 0 -0.26 0 0 0 0 0 0 0 0 0 0 -0.01
"DDX17" 0 0 0 0.31 0.58 0.12 0 0 0 0 0 0.36 0 0 0 0.17 0.01 0 0 0 0.08
"SPTLC1" 0 0 0 0 0 0 0 0 0 0 -0.2 0 0 0 0 0 0 0 0 0 -0.01
"SLC35A1" 0 0 0 0 0 0 0 0 0 -0.01 0 0 0 0 0 0 0 0 0 0 0
"SLU7" 0 0 -0.01 0 0 0 0 0 0 0 -0.2 0 -0.3 0 0 0 0 0 -0.2 0 -0.04
"SORBS1" 0 0 0 0 0 0 0 0 0 0.42 0 0 0 0 0 0 0 0 0 0 0.02
"MXD4" 0 0 0 0 0 0 0 0 0 -0.13 0 0 0 0 0 0 0 0 0 0 -0.01
"CAMKK2" 0 0 0 0 0 0 0 0 0 0 0 0 0 0 0 -0.01 0 0 0 0 0
"MTX2" 0.16 0 0 0 0 0 0 0.37 0.1 0.56 0 0 0 0.24 0.03 0 0 0 0.61 0.22 0.11
"CELF1" 0 0 0 0 -0.04 0 0 0 0 -0.42 0 0 0 0 0 0 -0.01 0 0 0 -0.02
"OGA" 0.04 1.04 0 0 0 0 0 0 0.26 0 0 0 0 0 0.11 0 0.04 0 0 0 0.07
"NFAT5" 0 0 0 0 0 0 0 0 0 0 0 0 0 0 0 0 0 0 -0.23 0 -0.01
"GIPC1" 0 0 0 0 0 0 0 0 0 0.64 0 0 0 0 0 0 0 0 0 0 0.03
"NCKAP1" 0 0 0 0 0 0 0 0 0 0 0 0 0 0 0 0 0.4 0 0 0 0.02
"PDE10A" 0 0 0 0 0 0 0 0 0 0.12 0 0 0 0 0 0 0 0 0 0 0.01
"MAN1A2" 0 0 0 0 0 0 0 0 0 0 -0.12 0 0 0 0 0 0 0 0 0 -0.01
"OS9" 0 0 0 0 0 0 0 0 -0.01 0 0 0 0 0 0 0 0 0 0 0 0
"HNRNPUL1" 0 0 0 0 0 0 0 0 0 0 0 0 0 0 0.13 0 0 0 0 0 0.01
"HIBADH" 0 0.12 0 0 0 0.38 0.2 0.38 0.03 0.31 0.19 0.17 0 0.12 0 0 0 0 0.18 0 0.1
"MAP4K5" 0 0 0 0 0 0 0 0 -0.22 0 0 0 -0.03 0 0 0 0 0 0 0 -0.01
"CELF3" 0 0 0 0 0 0 0 0 0 0 0 0 0 0.08 0 0 0 0 0 0 0
"DUSP10" 0 0 0 0 0 0 0 0 0 0 0 0 0.02 0 0 0 0 0 0 0 0
"MRPL3" -0.16 0 -0.1 0 0 0 0 0 0 -0.09 0 0 0 0 0 -0.12 0 0 0 -0.19 -0.03
"GPR176" 0.16 0 0 0 0 0 0 0 0 0.2 0 0 0 0 0 0 0 0 0 0 0.02
"STK38" 0 0 0 0 0 0 0 0 -0.27 0 0 0 0 0 0 0 0 0 0 0 -0.01
"MTF2" 0 0 0 0 0 0 0 0 0 0.02 0 0 0 0 0 0 0 0 0 0 0
"DNAJC8" 0 0 0 0 0 0 0 0 -0.02 0 -0.01 0 0 0 0 -0.16 0 0 -0.24 0 -0.02
"RAB11FIP2" 0.1 0.34 0.1 0.06 1.07 0 0.22 0 0 0 0 0 0 0 0 0.27 0 0.07 0.05 0.22 0.13
"NTNG1" 0 0 0.02 0 0 0 0 0 0 0 0 0 0 0 0 0 0 0 0 0 0
"FASTKD2" 0 0 0 0 0 0 0 0 0 -0.01 0 0 0 0 0 0 0 0 0 0 0
"DZIP1" 0 0 0 0 0 0 0 0 0 0.14 0 0 0 0 0 0 0 0 0.22 0 0.02
"FOXJ3" 0 0 0 0 0 0 0 0 0 0 0 0 0 0 0 0 0 0 0 0 0
"ZBTB1" 0.6 0.45 0.14 0.74 0.04 0.17 0.18 0.25 0.63 0.6 0.41 0.08 0.46 0.5 0.22 0.38 0.1 0.17 0.72 0 0.34
"FAN1" 0 0 0 0 0 0 0 0 0 0 0 0 0 0 0 0 0 0 0.07 0 0
"PLA2R1" 0.54 0 0 0.16 0.15 0.4 0.1 0.03 0.12 0 0 0.56 0.45 0 0.31 0.27 0.6 0.14 0.61 0.2 0.23
"NINL" 0 0 0 0 0 0 0 0 0 -0.01 0 0 0 0 0 0 0 0 0 0 0
"FBXO21" 0 0 0 0 0 0 0 0 0 0.24 0 0 0 0 0 0 0 0 0 0 0.01
"TMCC1" 0 0 0 0.31 0 0 0 0 0 0 0 0 0 0 0 0 0 0.03 0 0 0.02
"SAMD4A" 0 0 0 0 0 0 0 0 0 0 0.18 0 0 0 0 0 0 0 0 0 0.01
"PHLPP2" 0.46 0.04 0 0 0.7 0 0 0 0.26 0.28 0.31 0 0.44 0 0.31 0.11 0 0 0 0 0.15
"ZNF292" 0 0.04 0.14 0.51 0 0.54 0.64 0.25 0.86 0 0 0 0.18 0 1.12 0 0.47 1.24 1.18 0.73 0.4
"WDTC1" 0 0 0 0 0 0 0 0 0 -0.05 0 0 0 0 0 0 0 0 0 0 0
"SMG1" 0 0 0 0 0 0 0 0 0 0 0 0 0 0 0.05 0 0 0 0 0 0
"ZNF609" 0.2 0 0 0.19 0 0 0 0 0.17 0.57 0 0.04 0.23 0.19 0.71 0.35 0.43 0 0.8 0 0.19
"ERC1" 0 0 0.26 0 0.02 0 0 0.29 1.06 1.01 0 0 1.25 0.07 1.02 0 0 0 0.96 0.32 0.31
"ZC3H13" -0.54 -0.21 -0.25 -0.5 -0.22 0 0 -0.28 0 -0.46 0 0 -0.49 -0.54 -0.53 0 -0.11 -0.89 -0.32 0 -0.27
"IQSEC2" 0 0 0 0 0 0 0 0 0 0 0 0 0 0 0 0.06 0 0 0 0 0
"CDK19" -0.18 0 -0.02 0 0 0 0 0 0 0 0 0 0 0 0 0 0 0 0 0 -0.01
"SPART" 0.3 0.14 0.09 0 0.42 0 0.29 0.27 0.29 0.38 0.03 0.15 0.24 0.47 0.14 0.18 0.22 0.3 0.16 0.37 0.22
"TNRC6B" 0 0 0 0 0 0 0.82 0.9 0 1.03 0.02 0.04 0.96 0.95 0.32 0 0 1.4 0.66 0 0.35
"CLASP2" 0 0 0 0 0 0 0 0 0 0 0 0.17 0 0 0 0 0 0 0 0 0.01
"POGZ" 0.42 0.37 0.35 0.89 0.14 0.89 0.91 0.76 0 0 0 0 0 0.23 0.2 1.06 1.36 0.62 0 0 0.41
"LRCH1" 0.17 0 0.33 0.67 0.34 0.39 0 0.32 0.12 0.98 0.14 0.31 1.04 0.59 0.12 0.1 0.77 0.4 0.2 0 0.35
"LPIN1" 0 0 0 0 0 0 0 0 0 -0.03 0 0 0 0 0 0 0 0 0 -0.27 -0.02
"RGL1" 0 0 0 0 0 0 0 0 0 0 0.54 0 0 0 0 0 0 0 0 0 0.03
"RCOR1" 0 0 0 0 0 0.02 0 0 0 0 0 0 0 0 0 0 0 0 0 0 0
"UBXN4" 0 0 0 0 0 0 0 0 0 -0.18 -0.1 0 0 0 0 0 0 0 0 0 -0.01
"ATP11B" 0 0 0 0 0 0 0 0 0 0.1 0 0 0 0 0 0 0 0.12 0 0 0.01
"FAM168A" 0 0 0 0 0 0 0 0 0 0 -0.19 0 -0.39 0 0 0 -0.09 0 0 0 -0.03
"SULF1" 0 0 0 0 0 0 0 0 0 0 0.02 0 0 0 0 0 0 0 0 0 0
"TBC1D1" 0 0 0 0 0 0 0 0 0.04 0 0 0 0 0 0 0 0 0 0 0 0
"PLCL2" 0 0 0 0 0 0 0 0.22 0 0 0 0 0 0 0 0 0 0 0 0 0.01
"DNAJC9" 0 0 0 -0.22 0 0 0 -0.12 -0.04 -0.08 0 0 0 0 0 0 -0.26 0 0 0 -0.04
"SIK2" 0 0 0 0 0 0 0 0 0 0 0 0 0 0 0 0 0 0 0 0 0
"ANKRD12" 0 0 0 0 0 -0.32 -0.44 -0.13 0 -0.24 0 -0.34 -0.03 0 -0.13 0 0 0 0 0 -0.08
"CAMTA1" 0 0.14 0.76 0 0.33 0 0 0.53 0.46 0.97 0 0.49 0 1.73 0.18 0 0 0.66 0.09 0.61 0.35
"CAMSAP2" 0 0 0 0 0 0 0 0 0 0 -0.11 0 0 -0.28 0 0 0 0 0 0 -0.02
"KLHL18" 0 0 0 0 0 0 0 0 0 -0.24 0 0 0 0 0 0 0 0 0 0 -0.01
"SMG6" 0 0 0 0 0 0 0 0 0 0 0 0 0 0.03 0 0 0 0 0 0 0
"MGRN1" -0.04 -0.02 0 -0.31 -0.04 0 -0.08 0 -0.37 0 0 0 -0.17 0 -0.19 -0.42 -0.17 0 0 0 -0.09
"KIF13B" 0 0 0 0 0 0 0 0 0.13 0 0 0 0 0 0 0 0 0 0 0 0.01
"SLC9A8" -0.57 -0.17 -0.31 -0.38 -0.37 -0.44 0 -0.32 0 -0.22 -0.39 -0.44 -0.27 -0.57 -0.29 -0.32 -0.01 -0.61 -0.4 -0.59 -0.33
"CUX2" -0.1 0 -0.35 -0.15 -0.01 -0.38 -0.31 -0.4 -0.19 -0.16 -0.6 -0.16 -0.65 -0.26 -0.54 -0.31 -0.42 -0.33 -0.18 -0.39 -0.29
"DNAJC13" 0 0 0 0 0 0 0 0 0 -0.02 0 0 0 0 0 0 0 0 0 0 0
"TRIM2" 0 0 0.49 0 0 0 0 0 0 0 0 0 0.53 0.34 0 0 0 0 0 0 0.07
"WASHC4" 0 0 0 0 0 0 0 0 0.05 0 0 0 0 0.02 0 0 0 0 0 0 0
"TTC28" 0 0 0 0 0 0 0 0 0 0.23 0.12 0 0 0 0 0.02 0 0 0 0 0.02
"DNAJC16" 0.06 0 0 0.09 0.36 0.05 0 0.08 0.33 0.21 0 0 0.19 0.35 0 0.5 0.1 0 0.76 0 0.15
"SYNE1" 0 0 0 0 0 0 0 0 0 0 0 0 0 0 0 0 0 0 0 0.22 0.01
"SMCHD1" 0 0 0 0 0 0 0 0 0.23 0 0 0 0 0 0 0 0 0 0 0 0.01
"SUN1" 0 0 0 0 0 0.17 0 0 0 0 0 0 0 0.31 0 0 0 0 0 0 0.02
"VPS8" 0 0 0 0 0.28 0 0 0 0.06 0 0 0 0 0.07 0.15 0.15 0 0 0 0 0.04
"ARHGEF12" 0 0 0.11 0 0 0 0 0 0 0 0 0 0 0 0 0 0 0 0 0 0.01
"ICE1" 0 0 0 0 0 0 0 0 0 -0.08 0 0 0 0 0 0 0 0 0 0 0
"ZDHHC17" 0 0 0 0 0 0.12 0 0 0 0 0.05 0.13 0.52 0 0 0 0.37 0 0 0.22 0.07
"PPWD1" 0 0 0 0 0 0 0 0 0 0 0 0 0 0 0 0 0 0 0.04 0 0
"ITGB3BP" 0 0 0 0 0 0 0 0 0 -0.14 0 0 0 -0.22 0 0 0 0 0 -0.11 -0.02
"ABCB10" 0 0 0 0 0 0 0 0 0 0 0 0 0 0 0 0 0 0 0 0.01 0
"ABCA5" 0 0 0.72 0 0 0.55 0 0 0 0 0 0 0 0 0 0 0 0 0.07 0 0.07
"SEC11A" 0 0 0 0 0 0 0 0 0 -0.4 0 0 0 -0.54 -0.1 -0.03 0 0 0 0 -0.05
"CBX7" 0.01 0 0 0 0 0 0 0 0 0 0.18 0 0 0 0 0 0 0 0.42 0 0.03
"BICRAL" 0 0 0.22 0 0.25 0 0 0 0 0 0 0.18 0 0.5 0 0 0 0 0 0 0.06
"LRRC8B" 0 0 0 0 0 0 0 0 0 -0.25 0 0 0 0 0 0 0 0 0 0 -0.01
"KAT6B" 0 0 0 0 0 0 0 0 0 0 0 0 -0.07 0 0 0 0 0 0 0 0
"MAPK8IP2" 0 0 0 0 0 -0.03 0 0 0 0 0 0 0 0 0 0 0 0 0 0 0
"RBFOX2" 0.36 0 0 0.79 0 0.64 0.13 0.9 0.94 0 0.74 1.06 0.31 0.28 0 0 0.12 0 0.74 1.49 0.43
"CD2AP" 0 0 0.61 0.03 0 0.23 0 0.01 0 0 0 0.4 0.22 0.38 0.29 0 0 0.17 0 0 0.12
"SSBP2" 0.34 0 1.01 0.32 0.02 0 0 0.07 0 0.77 0.28 0.65 0.1 0 0 0 0 0.5 0 0 0.2
"SSBP3" 0 0 0 0 0 0 0 0 0 0 0 0 0 0 0 0 0 0 0 0 0
"FRRS1L" -0.03 0 0 0 0 0 0 0 0 0 0 0 0 0 0 0 0 0 0 0 0
"PPIL2" 0 0 0 0 0 0 0 0 0 0.13 0 0 0 0 0 0 0 0 0 0 0.01
"PITPNB" 0.15 0 0.12 0.05 0 0.12 0 0 0.42 0.52 0.19 0 0.03 0.41 0.14 0 0.03 0 0.25 0 0.12
"PRPF6" 0 0 0 0 0 0 0 0 0 0 -0.03 0 0 0 0 0 0 0 0 0 0
"ZNF318" 0.3 0 0.2 0 0.42 0.81 0.24 0.33 0.06 0.38 0 0.16 0 0.06 0.09 0 0 0.2 0.35 0.49 0.21
"TMEM184B" 0 0 0 0 0 0 0 0 0 0.06 0 0 0.03 0.03 0 0 0 0 0 0 0.01
"ABI3BP" 0 0 0 0 0 0 0.06 0 0 0 0 0 0 0 0 0 0 0 0.05 0 0.01
"CCDC28A" 0 0 0 0 0 0 0 0 0 0.23 0 0 0 0 0 0 0 0 0 0 0.01
"NSL1" 0 0 0 0 0 0 0 0 0 0 0 0 0 0 0 0 0 0 0.19 0 0.01
"HEATR5A" 0 0 0 0 0 0 0 0 0 -0.28 0 0 0 0 -0.05 0 0 0 -0.35 0 -0.03
"SH2B1" 0 0 0 0 0 0 0 0 0 -0.02 0 0 0 0 0 0 0 0 0 0 0
"SNED1" -0.05 -0.08 0 0 -0.34 -0.09 -0.03 0 0 -0.26 -0.2 -0.26 -0.02 -0.23 -0.17 -0.25 -0.07 0 -0.17 0 -0.11
"SIPA1L1" 0.26 0 0 0 0 0.2 0 0.01 0 0.11 0.5 0.46 0 0.2 0.42 0.22 0.36 0 1.4 0 0.21
"FAM169A" 0 0 0 0 0 0 0 0 0 0.24 0 0 0 0 0 0 0 0 0 0 0.01
"SLITRK5" 0.33 0.36 0.26 0.1 0.78 0 0.15 0.54 0 0.3 0.7 0.69 1.02 0.48 0.37 0.29 0.32 0.65 0.3 0.36 0.4
"ERC2" 0 0 0 0 0 0 0 0 0 0 0 0 0 0 0 0 0 0 -0.3 0 -0.02
"TANC2" 0 0 0 0 0 0 0 0 0 -0.28 0 0 0 0 0 0 0 0 0 0 -0.01
"WSB1" 0 0 0 0 0 0 0 0 0 0 0 0.07 0.03 0 0 0 0 0 0 0 0
"ARL5A" 0 0 0 0 0 0 0 0 0 -0.21 0 0 0 0 0 0 0 0 0 0 -0.01
"FBXO22" 0 -0.24 0 0 0 0 0 0 0 0 0 0 0 0 0 0 0 0 0 0 -0.01
"GALNT8" 0 0 0 0 0 0 0 0 0 0 0 0 -0.06 0 0 0 0 0 0 0 0
"CNNM1" 0 0 0 0 0 0 0 0 0 0.51 0 0 0 0.49 0 0 0 0 0 0 0.05
"BSCL2" 0 0 0 0 0 0 0 0 0 0 -0.04 0 0 -0.28 0 0 0 0 0 0 -0.02
"COPG2" 0 0 0 0 0 0 0 0 0 0 0.08 0 0 0 0 0 0 0 0 0 0
"MLH3" 0 0 0 0 0 0 0 0 0 0.11 0 0 0 0 0 0 0 0 0 0 0.01
"B3GAT1" 0 0 0 0 0 0 0 0 0 0 0 0 0 0 0 0.17 0 0 0 0 0.01
"DMAC2L" 0.14 0 0 0 0 0 0 0.11 0.09 0.01 0.09 0 0 0.01 0 0.04 0 0 0 0 0.02
"DKK2" 0 -0.27 -0.03 0 -0.15 -0.11 0 -0.11 0 -0.02 0 0 0 0 -0.04 -0.1 -0.01 0 0 -0.11 -0.05
"FAM184B" 0 0 0 0 0 0 0 0 -0.01 -0.31 0 0 0 0 0 -0.11 -0.18 -0.06 -0.12 0 -0.04
"TNFRSF21" 0 0 0 0 0 0 0 -0.13 0 -0.13 0 0 0 0 0 0 0 0 0 0 -0.01
"ERLEC1" 0 0 0 0 0 0 0 0 0 -0.81 0 0 0 -0.23 0 0 0 0 0 0 -0.05
"PDCD4" 0 0 0 0 0 0 0 0 0 0 0 0 0 -0.1 0 0 0 0 0 0 0
"KLHL20" -0.46 0 -0.06 -0.24 0 -0.06 -0.06 -0.12 -0.24 -0.45 -0.14 0 -0.92 -0.24 -0.38 -0.31 -0.49 -0.21 -0.57 0 -0.25
"PCDH17" 0 0 0 0 0 0 0 0 0 0 0 0 0 0 -0.06 0 0 0 0 0 0
"TNRC6A" 2.3 0.91 0 2.94 3.23 0.66 2.05 1.2 0 1.13 1.58 2.05 1.78 0.51 1.53 2.21 0 2.58 1.69 1.07 1.47
"EIF3K" -0.22 -0.13 -0.09 -0.6 -0.13 -0.02 0 0 0 -0.41 -0.32 0 -0.14 -0.16 -0.09 -0.09 -0.01 -0.02 0 -0.05 -0.12
"MAT2B" 0.28 0 0 0 0 0 0.01 0 0.31 0 0.1 0.23 0.53 0.22 0 0.12 0 0 0 0.24 0.1
"PCLO" 0 0 0 0 0 0 0 0 0 -0.33 0 0 0 -0.5 0 0 0 0 0 0 -0.04
"SLC27A6" 0 0 0 0 0 0 0 0 0 0 0 0 0 0 0 0 0 -0.05 0 0 0
"BZW2" -0.23 -0.11 -0.22 -0.32 0 -0.29 -0.39 -0.13 -0.4 -0.43 -0.41 -0.38 -0.41 -0.58 -0.6 -0.46 -0.34 -0.32 -0.27 -0.12 -0.32
"MRPL42" 0 0 0 0 0 0 0 0 0 0.14 0 0 0 0.11 0 0 0 0 0 0 0.01
"TMEM14A" 0 0 0 0 0 0 0 0 0 -0.07 0 0 0 0 0 0 0 0 0 0 0
"MCTS1" 0 0 0 0 0 0 0 0 0 0 0 0 0 0 0 0 0 -0.01 0 0 0
"MAGEH1" 0 0 0 0 0 0 0 -0.01 -0.09 0 -0.08 0 -0.17 -0.04 -0.13 0 0 0 0 -0.04 -0.03
"ZC3H7A" -0.19 0 0 0 0 0 0 0 0 -0.78 -0.32 -0.15 0 -0.53 -0.41 0 -0.43 -0.03 -0.22 -0.11 -0.16
"DDX25" 0 0 0 0 0 0 0 0 0 0.1 0 0 0 0 0 0 0 0 0 0 0.01
"OLA1" 0 0 0 0 0 0 0 0 0 0.17 0 0 0 0 0 0 0 0 0 0 0.01
"YPEL1" 0 0 0 0 0 0 0 0 0 0 0 0 0 0.11 0 0 0 0 0 0 0.01
"TRA2A" 0 0 0 0 0 0 0 0.27 0.5 0 0.66 0 0 0 0 0.57 0.16 0 0 0 0.11
"NME7" 0 0 0 0 0 0 0 0 0 -0.11 0 0 0 0 0 0 0 0 0 0 -0.01
"SH3KBP1" 0 -0.11 0 0 0 0 0 0 0 -0.32 -0.85 0 0 0 0 0 0 0 0 0 -0.06
"HUNK" -0.28 0 0 -0.1 0 -0.36 -0.13 0 -0.32 0 -0.09 0 -0.2 -0.35 0 0 0 -0.24 -0.39 -0.37 -0.14
"SPOCK3" 0 0 0 0 0 0 0 0 -0.03 -0.24 -0.23 0 0 0 0 0 0 0 0 -0.27 -0.04
"HDDC2" -0.3 -0.06 -0.27 -0.2 0 0 0 0 0 0 -0.05 -0.46 0 -0.02 -0.16 -0.11 0 -0.1 -0.11 -0.3 -0.11
"FAM135B" 0 0 0 0 0 0 0 0 0 -0.38 0 0 0 -0.35 0 0 0 0 0 0 -0.04
"NMD3" 0 0 0 0 0 0 0 0 0 0.4 0 0 0 0.09 0.22 0 0 0 0 0 0.04
"IFT52" 0 0 0 0 0 0 0 0 0 -0.09 0 0 0 0 0 0 0 0 0 0 0
"SAR1B" 0 0 0 0 0 0 0 0 0 -0.03 0 0 0 0 0 0 0 0 0 0 0
"IPO11" 0 -0.41 -0.56 -0.17 0 0 0 0 -0.13 0 0 0 0 -0.23 -0.04 0 -0.18 0 -0.16 -0.28 -0.11
"FAM13B" 0 0 0 0 0 0 0 0 0 0 0 0 0 0.24 0 0 0 0 0 0 0.01
"SLC25A37" 0 0 0 0 0 0 0 0 0 0 0 0 0 0.24 0 0 0 0 0 0 0.01
"ARL17A" -0.34 -0.52 -0.51 -0.41 -0.54 -0.63 -0.34 -0.19 -0.26 -0.32 -0.38 -0.49 -0.4 -0.34 -0.4 -0.26 -0.35 -0.43 -0.46 -0.51 -0.4
"PPME1" 0 0 0 0 0 -0.13 0 0 0 0 -0.13 -0.02 0 0 0 0 0 0 -0.23 0 -0.03
"ACTL6B" 0 0 0 0 0 0 0 0 0 -0.03 -0.07 0 0 0 0 0 0 0 0 0 -0.01
"ANAPC5" 0.52 0.01 0.58 0.13 0 0.16 0.1 0 0.23 0.32 0 0.22 0 0.36 0.34 0.12 0 0 0.58 0 0.18
"HACD3" 0 0 0 -0.55 0 0 0 0 0 -0.24 0 0 0 0 -0.11 -0.06 -0.13 -0.42 0 0 -0.08
"HIKESHI" 0 0 0 0 0 0 0 0 0 0 0 0 0 0 0 0 0 0 0 0 0
"PEX5L" 0 0 0 0 0 0 0 -0.21 0 -0.32 0 0 -0.08 -0.06 0 0 0 0 0 0 -0.03
"ATP6V1H" 0 0.13 0 0 0 0 0 0 0 0 0 0 0 0.2 0 0 0 0 0 0 0.02
"LSM8" 0 0 0 0 0 0 0 0 0 -0.07 0 0 0 0 0 0 0 0 0 0 0
"CAB39" -0.04 0 0 -0.19 0 0 0 0 0 0 -0.15 0 -0.09 0 0 0 -0.1 0 -0.32 0 -0.04
"WWOX" 0.48 1.74 0.46 0.48 0.51 0.87 1.31 0.48 0.87 0.42 0.45 1.38 0.54 0.64 1.2 1.49 0.52 0.81 0.72 0.88 0.81
"LUC7L3" 0 0 0 0 -0.14 0 0 0 0 0 0 0 0 -0.42 0 0 0 0 0 0 -0.03
"ATP8A2" 0 0.4 0 0 0 0.62 0.02 0 1.06 0 0.92 0 0 0 0.36 0 0.25 0 0 0.79 0.22
"TM7SF3" 0 0 0 0 0 0 0 0 0 0 0 0 0 0 0 0 0 0 0 0 0
"KDM3B" 0 0 0 0 0 0 0 0 0 0.45 0 0 0 0 0 0 0 0 0 0 0.02
"PHAX" 0 0 0 0 0 0.09 0 0 0.18 0.23 0 0 0 0 0 0.03 0 0 0.07 0 0.03
"NUP54" -0.06 -0.11 -0.02 0 0 -0.03 -0.1 0 0 -0.3 -0.07 0 0 0 0 0 0 0 -0.26 0 -0.05
"ADAM22" -0.03 0 0 0 0 0 0 0 0 -0.43 0 0 0 0 0 0 0 0 -0.26 0 -0.04
"PTOV1" 0 0 0 0 0 0 0 0 0 0 0 0 0 0 0 0 0 0 -0.13 0 -0.01
"CNTN5" 0 0 0 0 0 -0.18 0 0 0 0 0 0 0 0 0 0 0 0 0 0 -0.01
"DCUN1D1" 0 0 0 0 0 0 0 0 0 -0.05 0 0 0 0 0 0 0 0 0 0 0
"ATAD2B" 0 0 0 0 0 0 0 0.04 0 0 0.53 0 0 0.01 0.05 0.15 0.07 0 0.23 0 0.05
"PRMT7" 0 0 0 0 0 0 0 0 0 0 -0.23 0 0 0 0 0 0 0 -0.07 0 -0.02
"SPATA6" 0 0 0.19 0 0 0 0 0 0 0 0 0 0 0 0 0 0 0 0 0 0.01
"LRRN3" -0.24 -0.19 -0.63 -0.18 -0.3 -0.57 0 -0.15 -0.24 -0.42 -0.53 -0.04 0 -0.43 -0.26 -0.39 -0.38 -0.44 -0.21 -0.52 -0.31
"ZNHIT6" 0 0 0 0 0 0 0 0 0 -0.06 0 0 0 0 0 0 0 0 0 0 0
"DCHS2" 0 0 0 0 0 0 0 0 0 0 0 0 0 0 0 0 0 0 0 0.13 0.01
"TRIT1" -0.35 -0.05 -0.08 -0.12 -0.14 -0.1 -0.12 -0.25 -0.18 -0.19 -0.38 -0.25 -0.44 -0.26 -0.28 -0.25 -0.05 0 -0.4 -0.46 -0.22
"AHI1" -2.3 -2.59 -2.08 -3.54 -2.58 -2.44 -2.14 -2.32 -2.64 -3.66 -2.75 -1.46 -2.37 -2.77 -2.79 -3.55 -2.19 -2.17 -2.72 -2.21 -2.56
"ZNF586" 0 0 0 0 0 -0.07 0 0 0 0 0 0 0 0 0 0 -0.01 0 0 0 0
"BCAS3" 0 0 0 0 0 0 0 0 0 -0.62 0 0 0 0 0 0 0 0 0 0 -0.03
"GDAP2" 0 0.22 0 0 0 0 0.03 0 0 0.42 0 0 0.11 0.27 0.01 0.13 0 0 0.22 0 0.07
"SYTL2" 0 0 0 0 0 0 0 0 0 0 0.17 0 0 0 0 0.02 0.1 0 0 0 0.01
"CNTLN" 0 0 0.09 0 0 0 0.06 0 0 0 0 0.06 0 0.22 0 0 0 0 0 0 0.02
"TEX10" 0 0 0 0 0 0 0 0 0 0 0.1 0 0 0 0 0 0 0 0 0 0.01
"NSUN2" 0.08 0 0 0.09 0 0.01 0 0 0.16 0.41 0.33 0 0.26 0.21 0.2 0.2 0 0 0 0.01 0.1
"INO80D" -0.21 0 0 -0.42 0 -0.15 0 0 0 -0.84 0 -0.4 -0.11 -0.5 -0.3 0 0 -0.53 -0.02 0 -0.17
"EXD3" 0 0 0 0 0 0 0 0 0 0 0 0 0 0 0 0 0 0 0 0 0
"REX1BD" 0 0 0 0 0 0 0 0 0 0 0 0 0 0 -0.1 0 0 0 0 0 -0.01
"SUSD4" 0 0 0.04 0 0 0 0 0 0 0 0 0 0 0.2 0 0 0 0 0 0 0.01
"OXR1" 0 0 0 0 0 0 0 0 0 0.71 0 0 0 0 0 0 0 0 0.08 0 0.04
"SOBP" 0 0 0 0 0 0 0 0 0.38 0 0 0 0 0 0 0 0 0 0.06 0 0.02
"SAMD4B" -0.07 -0.1 0 0 0 0 0 -0.13 0 -0.11 -0.13 0 0 -0.14 0 0 0 0 0 0 -0.03
"SLC6A15" 0 0 0 0 0 0 0 0 0 -0.07 0 0 0 0 0 0 0 0 0 0 0
"PRPF38B" 0 0 -0.13 0 0 0 0 0 0 0 0 -0.14 0 0 0 0 0 0 0 0 -0.01
"CEP192" 0 0 0 0.47 0.23 0 0 0.74 0 0 0.02 0 0.28 0 0 0 0 0.22 0 0.33 0.11
"SRBD1" 0 0 0 0 0 0 0 0 0 0.31 0.01 0 0 0 0 0 0 0 0 0 0.02
"ELP3" 0 0.02 0 0 0 0 0 0 0 0 0 0 0 0 0 0 0 0 0 0 0
"SDAD1" 0 0 0 0 0 0 -0.07 0 0 0 0 0 0 0 0 0 0 0 0 0 0
"SEC61A2" 0.14 0.14 0 0 0 0.34 0 0.2 0 0 0.07 0 0 0 0.24 0 0 0 0.25 0.04 0.07
"RIF1" 0 0 0 0 0 0 0 0 0 -0.24 -0.34 0 0 0 0 0 0 0 -0.14 0 -0.04
"PBRM1" 0 0 0 0 0 0 0 0 0 0.15 0 0 0 0 0 0 0 0 0 0 0.01
"RPRD1A" 0 -0.02 0 0 0 0 0 0 0 0 0 -0.34 0 -0.7 0 0 0 0 0 0 -0.05
"SETD5" 0 0.43 0.87 0.57 0 0 0.04 0.04 0.61 0.38 0.14 0.77 0 1.01 0.46 0.79 0 0.21 0.96 0.27 0.38
"P3H2" 0 0 0 0 0 0 0 0 0.1 0 0 0 0 0.16 0 0 0 0 0 0 0.01
"SLC47A1" 0.15 0 0 0 0 0 0 0 0 0.5 0.23 0.07 0.16 0.24 0 0.14 0 0 0.24 0 0.09
"ELP2" 0 0 0 0 0 0 0 0 0 0.39 0 0 0 0 0 0 0 0 0 0 0.02
"PSPC1" 0 0 0 0 0 0 0 0 0 0 0 0 0.32 0.06 0 0 0 0 0 0.02 0.02
"PHF10" 0 0 0 0.04 0 0 0.03 0 0 0.39 0 0 0.24 0.29 0 0 0 0 0 0 0.05
"PPP6R3" 0.72 0.72 0.12 0.48 0.28 0.5 0.5 0 0.03 0.56 0.54 0.1 0.47 0.73 0 0.77 0.15 0 0 0.61 0.37
"CCDC91" 0.92 1.11 0.38 0.56 0.2 0 0.87 0 0.36 0.93 1.07 0.45 0 0.03 0 0.1 0.64 0.56 1.01 0.8 0.5
"SLC39A9" -0.16 0 0 0 0 0 0 0 0 0 0 0 0 0 0 0 -0.01 0 0 0 -0.01
"WDR33" 0 0 0 0 0 0 0 0 0.02 0.21 0 0.18 0.24 0 0 0 0.18 0 0.04 0 0.04
"STK32B" 0 -0.02 -0.24 -0.1 0 -0.19 -0.24 0 -0.28 -0.2 -0.22 0 -0.18 -0.33 -0.15 -0.12 -0.12 -0.21 -0.3 -0.03 -0.15
"SLC22A15" 0 0 -0.18 0 0 0 0 0 0 0 0 0 0 -0.07 0 0 0 0 0 0 -0.01
"TMEM63B" 0 -0.39 0 -0.06 -0.05 0 0 0 0 0 -0.17 0 0 0 0 0 0 0 0 -0.23 -0.04
"STRADB" 0 0 0 0 0 0 0 0 0 0 -0.15 0 -0.06 -0.02 0 0 0 0 -0.21 0 -0.02
"SVOP" 0 0 0 0 0 0 0 0 0 0 0 0 0 0.06 0 0 0 0 0 0 0
"SLC30A10" -0.55 -0.6 -0.63 -0.38 -0.57 -0.8 -0.63 -0.63 -0.55 -0.76 -0.61 -0.3 -0.57 -0.26 -0.51 -0.44 -0.77 -0.44 -0.56 -0.77 -0.57
"CDV3" 0 0 0 -0.02 0 0 0 0 0 0 0 0 0 0 0 0 0 0 -0.02 0 0
"KIF27" 0 0 0 0 0 0 0 0 0 0 0 0 0 0 0 0 0 -0.15 0 0 -0.01
"BMP2K" 0 0 0 0 0 0 0 0 -0.23 0 0 0 0 0 0 0 0 0 0 0 -0.01
"ANKRD10" 0 0 0 0 0 0 0 0 0 0.32 0 0 0 0 0.05 0 0 0 0 0 0.02
"THUMPD1" 0 0 0 0 0 0 0 0 0 0 0 0 0 0.13 0 0 0 0 0 0 0.01
"LRRC40" 0 -0.13 0 -0.16 0 0 0 -0.23 -0.02 -0.27 -0.15 0 -0.5 -0.12 -0.09 -0.35 0 0 0 0 -0.1
"G2E3" 0 0 -0.17 0 0 0 -0.01 0 0 0 0 0 -0.24 -0.16 -0.07 -0.26 0 -0.27 -0.09 0 -0.06
"SYBU" 0 0 0 0 0 0 0 0 0 -0.18 0 0 0 0 0 0 0 0 0 0 -0.01
"URGCP" 0 0.04 0 0 0 0 0 0 0 0 0 0 0 0 0 0 0 0 0 0 0
"DENND4C" 0.13 0.27 0 0 0.32 0.57 0 0 0 0 0 0 0.05 0.19 0 0 0 0 0.15 0 0.08
"MFN1" 0 0.22 0 0 0.04 0 0 0.09 0.05 0.17 0.46 0 0 0 0 0.11 0 0 0.24 0 0.07
"MAP7D1" 0 0 0 0 0 0 0 0 0 0.18 0 0 0 0 0 0 0 0 0 0 0.01
"WDR11" 0 0 0 0 0 0 0 0 0 0 0 0 0 0 0 0 0.09 0 0.2 0 0.01
"SLF2" 0 0 0.01 0 0 0 0 0 0 0.08 0.45 0 0 0 0 0 0.19 0 0 0 0.04
"TMEM184C" 0 0 0 0 0 0 0 0 0 0.04 0 0 0 0 0 0 0 0 0 0 0
"INTS9" -0.02 0 0 0 0 0 0 0 0 0 0 0 0 0 0 0 0 0 0 0 0
"UGGT2" 0 0 0 0 0 0 0 0 0 0.47 0 0 0 0 0 0 0 0 0 0 0.02
"BDP1" -0.34 -0.82 -0.63 -1.03 0 -0.72 -0.39 -0.4 -0.28 -0.6 -0.11 -0.2 -0.94 -0.46 -0.87 -0.93 -0.51 -0.71 -0.23 -0.3 -0.52
"DCAF6" 0 0 0 0 0 0 0 0 0 0 0 0 0 0 0 0 0 0 0.04 0.06 0
"EMC3" 0 0 0 0 0 0 0 0 -0.15 -0.3 0 0 0 -0.06 -0.13 0 0 0 -0.32 0 -0.05
"EAPP" 0 0 0 0 0 0 0 0 0 0.06 0 0 0 0 0 0 0 0 0 0 0
"ZC3H15" 0 0 0 0 0 0 0 0 -0.01 -0.29 0 0 0 0 0 0 0 0 0 0 -0.01
"ASH1L" 0 0 0 0 0 0 0 0 0 0 0 0 0 0 0 0 0.05 0 0 0 0
"LANCL2" 0 0 0 0 0 0 -0.06 0 0 0 0 0 0 0 0 0 0 0 0 0 0
"BCAP29" 0.31 0.06 0 0 0 0 0 0 0 0 0 0 0 0 0 0 0 0 0 0 0.02
"DPYSL5" 0 -0.04 0 0 -0.04 -0.07 0 0 -0.92 -0.13 0 0 0 -0.02 0 0 0 0 0 0 -0.06
"C1GALT1" 0 0 0 0 0 0 0 0 0 0.04 0 0 0 0 0 0 0 0 0 0 0
"SMYD2" 0 0 0 0 0 0 0 0 0 0 0 0 0 0 0 0.13 0 0 0 0 0.01
"MEPE" 0 0 0 0 0 0 0 0 0.05 0 0.06 0 0 0 0 0 0 0 0 0 0.01
"C14orf132" -0.09 -0.01 0 0 0 0 0 0 0 0 0 0 0 0 0 0 0 0 0 0 0
"PRDM10" 0 0 0 -0.09 0 0 0 0 0 -0.23 0 0 0 0 0 -0.26 -0.08 -0.02 -0.25 0 -0.05
"PSMG2" 0 0 0 0 0 0 0 0 0 0.08 0 0 0 0 0 0 0 0 0 0 0
"CDC42SE2" 0 0 0 0 0 0 0 0.26 0 0.18 0 0 0 0 0 0 0 0 0.16 0 0.03
"CHPT1" 0 0 0 0 0 0 0 0 0 0 0 0 0 0 0 0 0 0 0 0 0
"TWSG1" 0 0 0 0 0 0 0 0 0 0 0 0 0 -0.07 0 0 0 0 0 0 0
"PARP11" 0 0 0 0 0 0 0 0 -0.13 0 0 0 0 -0.25 0 0 0 0 0 0 -0.02
"PHTF2" 0 0 0 0 0 0 0 0 0 0 0 0.04 0 0 0 0 0 0 0 0 0
"SLC39A10" 0 0 0 0 0 0 0 0 0 0 0 0 0 0 0 0.01 0 0 0 0 0
"ZNF248" 0 0 0 0 0 0 0 0 0 0 0 0 0 0 0 0 0 0 0 0.1 0.01
"CEMIP" 0 0 0 0 0 0 0 0 0 0 0 0 0 -0.02 0 0 0 0 -0.01 0 0
"ARFGEF3" 0 0 0 0 0 0 0 0 0.17 0 0 0 0 0 0 0 0 0 0 0 0.01
"PPP4R3B" 0 0 0 0 0 0 0 0 0 0.27 0 0 0 0 0 0 0 0 0 0 0.01
"LYRM2" -0.16 -0.01 0 0 -0.37 0 0 0 0 0 0 0 0 0 0 0 0 0 0 -0.02 -0.03
"SNX14" 0 0 0 0 0 0 0 0 0 -0.18 0 0 0 0 -0.12 0 0 0 0 0 -0.01
"MRS2" 0 0 0 0 0 0.08 0 0 0 0 0 0 0.4 0 0 0 0 0 0 0 0.02
"SLC24A3" 0 0 0 -0.27 0 0 0 0 0 0 0 -0.17 0 0 0 0 0 0 0 -0.09 -0.03
"GATAD2B" 0 0 0 0 0 0 0 0 0 0 0 0 0 0 0 0 0 0 0 0 0
"SCAF4" 0 0 0 0 0 0 0 0 0 0 0 0.03 0 0 0 0 0 0 0 0 0
"USP31" 0 0 0 0 0 0 0 0 0 0.01 0 0 0 0 0 0 0 0 0 0 0
"ARID1B" 0.05 0 0.89 1.06 0.3 1.7 1.41 0.69 0.78 1.55 0.97 1.08 0.61 0.89 1.24 1.4 0 0.05 1.65 0.5 0.84
"RIMKLB" 0 0 0 0 0 0 0 0.18 0.08 0 0 0 0 0 0 0 0 0.05 0 0.24 0.03
"NWD2" -0.03 0 0 0 0 -0.05 0 0 0 0 -0.11 0 0 0 0 0 0 0 0 0 -0.01
"MRTFB" 0 0 0 0 0 0 0 0 0 0.07 0 0 0 0 0 0 0 0 0 0 0
"SRGAP1" -0.13 0 0 -0.03 0 0 -0.16 0 -0.41 -0.27 0 -0.06 -0.01 0 0 -0.24 0 0 0 0 -0.07
"CCDC191" 0 0 0 0 0 0 0 0 0 -0.09 0 0 0 0 0 0 -0.05 0 0 0 -0.01
"ARHGAP21" 0 0 0 0 0 0 0 0 0 0 0 0 0 0 0 0 0 0 0 0 0
"ZBTB4" 0 0 0 0 0 0 0 0 0 -0.03 0 0 0 0 0 0 0 0 0 0 0
"ALS2" 0 0 0 0 0 0 0 0 0 0 0 0 0 0.12 0 0 0 0 0 0 0.01
"VAT1L" 0.08 0.12 0 0.21 0 0 0 0 0 0 0 0 0 0.4 0 0 0.12 0 0 0 0.05
"ZFYVE28" 0.08 0 0 0 0 0 0 0 0 0 0 0 0 0 0 0 0 0 0 0 0
"RAB40C" 0 0 0 0.21 0 0 0 0 0 0 0 0 0 0.26 0 0 0 0 0.03 0 0.02
"INIP" 0 0 0 0 0 0 0 0 0 -0.12 0 0 0 0 0 0 0 0 0 0 -0.01
"KMT2C" 0 0 0 0 0 0 0 0.34 0 0.03 0 0 0 0 0 0 0 0 0 0 0.02
"DLGAP3" -0.18 -0.31 0 -0.1 -0.15 -0.14 -0.27 -0.29 -0.36 -0.24 0 -0.39 -0.18 -0.21 0 -0.47 -0.08 0 -0.37 -0.06 -0.19
"EVA1C" 0 0 0 0 0 0 0.07 0 0.65 0.54 0.37 0 0 0.04 0.32 0.13 0.53 0.05 0 0.04 0.14
"CACNG8" 0 0 0 0 -0.63 -0.34 0 0 0 0 0 0 -0.14 0 0 0 0 0 0 -0.07 -0.06
"PLEKHA1" 0.23 0 0 0 0 0 0 0 0.02 0.74 0 0 0 0 0.43 0 0 0 0 0 0.07
"PPCDC" 0 0 0 0 0 0 0 0 0 -0.1 0 0 0 0 0 0 0 0 0 0 0
"GUF1" 0 0 0 0 0 0 0 0 0 -0.04 -0.16 0 0 0 0 0 0 0 0 0 -0.01
"CELF5" 0 0 0 0 0 0 -0.02 0 0 0 0 0 0 0 0 -0.38 0 0 0 0 -0.02
"FAM204A" 0 0 0 0 0 0 0 0 -0.03 0 0 0 0 0 0 0 0 0 0 0 0
"CLSTN2" -0.32 -0.41 -0.06 -0.34 -0.18 -0.19 0 -0.23 0 -0.62 -0.43 0 -0.08 -0.21 -0.21 -0.19 -0.07 -0.19 -0.16 -0.24 -0.21
"MCCC2" -0.02 0 0 0 0 0 0 0 0 0 0 0 0 0 0 0 0 0 0 0 0
"C17orf75" 0 0 0 -0.03 0 0 0 0 0 0 0 0 0 0 0 0 0 -0.06 0 0 0
"ARHGEF28" 0 0 0 0 0 -0.16 0 0 0 -0.25 -0.13 0 0 0 0 0 0 0 0 -0.11 -0.03
"NXN" 0 0 0 0 0 0.4 0 0 0 0.12 0.28 0 0.2 0 0 0.25 0.06 0 0.25 0 0.08
"SIL1" 0 0 0 0 0 -0.84 0 -0.36 0 0 -0.26 0 0 -0.22 -0.33 0 0 -0.11 -0.05 -0.3 -0.12
"ANAPC1" 0 0 0 0 -0.1 0 0 0 0 0 0 0 0 0 0 0 0 0 0 -0.06 -0.01
"PLPPR2" 0 0 0 0 0 0 -0.04 0 0 -0.37 -0.44 0 -0.01 -0.57 0 -0.14 -0.06 0 0 0 -0.08
"CCDC136" 0 0 0 0 0 0 -0.19 0 0 0 -0.1 0 0 0 0 0 0 0 -0.02 0 -0.02
"SMYD3" 0.11 0 0.04 0.64 0 1.17 0 0.27 0.43 0 0.6 0.39 1.17 0.15 0.1 0 0.16 0.77 0 0.11 0.31
"FNDC3B" 0 0 0 -0.03 0 0 0 0 0 0 0 0 0 0 0 0 0 0 0 0 0
"USP46" 0 0 0 0 0 0 0 -0.08 0 0 0 0 0 0 0 0 0 0 0 0 0
"RANBP17" 0 0 0 0 0 -0.26 0 -0.11 -0.23 -0.06 -0.45 -0.32 -0.48 0 -0.16 0 -0.26 0 0 0 -0.12
"SPATS2" 0 0 0 0 0 0.14 0 0 0 0 0 0 0.06 0 0 0 0 0 0 0 0.01
"CPLANE1" 0 0 0 0 0 0 0 0 0 0 0 0 0 0 0 0 0 0 -0.16 0 -0.01
"MPPE1" 0 0 0 0 0 0 0 0 0 0 0 0 0 0 0 0 0 0 -0.04 0 0
"AACS" 0 0 0 0 0 0 0 0 0 -0.1 0 0 0 0 0 0 0 0 0 0 0
"TRAK2" 0 0 0 0 0 0 0 0 0 -0.13 0 0 0 0 0 0 0 0 0 0 -0.01
"TAF1D" 0 0 0 0 0 0 0 0.04 0 0 0 0 0 0 0 0 0 0 0 0 0
"ZXDC" 0 0 0 0 0 0 0 0 0 0 0 0 0 0 0 0 0 0 0 0 0
"CCNJL" 0 0 0 0 0 0 0 0 0 0 0 0 0 0 -0.08 0 0 0 0 0 0
"TBL1XR1" 0.01 0.31 0 0.23 0 0 0 0 0.27 0 0 0 0 0 0.33 0 0 0.29 0.46 0 0.1
"ANKRD55" 0 0 0 0 0 0 0 0 0 0.39 0 0 0 0 0 0 0 0 0 0 0.02
"NARS2" 0 0 0 0 0 0 0 0 0 0 0 0 0 0 0 0 0 0 -0.06 0 0
"TTLL7" 0 0 0 0 0 0 0 0.02 0 0 0 0 0 0 0 0 0 0 0 0 0
"CLMP" 0 0 0 0 0 0 0 0 0 -0.29 0 0 0 0 0 0 0 0 0 0 -0.01
"METTL8" 0 0 0 0 0 0 0 0 0 0 0 0 -0.02 0 0 0 0 0 0 0 0
"NEK11" 0 0 0 0 0 0 0 0 -0.03 0 0 0 0 -0.12 -0.08 0 0 0 0 0 -0.01
"BAALC" 0 0 0 0 0 0 0 0 0 0.24 0 0 0 0 0 0 0 0 0 0 0.01
"DHDDS" 0 0 0 0 0 0 0 0 0 -0.3 0 0 0 0 0 0 0 0 0 0 -0.01
"SVEP1" 0 0 0 0 0 0 0 0 0 0.11 0 0 0 0 0 0 0 0 0 0 0.01
"ELOVL7" 0.03 0.1 0 0 0 0 0 0 0.04 0 0.06 0 0 0 0.05 0.32 0.15 0 0 0 0.04
"CSRNP3" 0.19 0.66 0.45 0 0 0.37 1.2 1.62 0.78 0.71 0.65 1.04 0.17 1.1 0.74 0.65 0.77 1.44 0.09 0.72 0.67
"VCPIP1" 0 0 0 0 0 0 0 0 0 0.06 0 0 0 0 0 0 0 0 0 0 0
"THOC7" 0 0 0 0 0 0 0 0 0 0 0 0 0 0 0 0.12 0 0 0 0 0.01
"UXS1" 0 0 0 0 0 0 0 0 0 0 0 0 0 0 0 0 -0.12 0 0 0 -0.01
"ABHD18" 0.19 0 0.18 0 0 0.28 0 0 0 0.46 0 0 0.22 0 0.04 0 0.02 0 0.34 0 0.09
"ORAI2" -0.24 0 0 0 -0.04 -0.03 -0.06 -0.01 -0.37 0 -0.02 0 -0.14 0 0 0 -0.48 -0.17 -0.2 0 -0.09
"RUFY1" 0 0 0 0 0 0 0 0 0 0 0 0 0 0 0 0 0 0 0 0 0
"MED28" 0 0 0 0 0 0 0 0 0.12 0 0.24 0 0 0 0 0 0 0 0 0 0.02
"SPHKAP" 0 0 0 0 0 0 0 0 0 0 0 0 0 0 0 0 0.09 0 0 0 0
"PDGFD" 0.01 0 0 0 0 0 0 0 0 0 0 0 0 0 0 0 0 0 0 0 0
"TET1" 0.18 0.22 0 0.36 0.5 0.02 0 0.22 0.31 0.51 0.26 0.18 0 0.36 0.39 0 0 0.57 0.45 0.39 0.25
"KCNIP4" 0 0 0 0 0 0 0 0 0 0 0 0 0 0 0 0 0 0 0 0 0
"WDR82" -0.09 0 0 0 0 0 0 0 -0.05 0 0 0 0 0 0 0 0 0 0 0 -0.01
"TNKS2" 0.16 0.18 0 0.16 0 0 0 0 0 0 0.55 0 0.41 0.33 0 0 0.06 0 0.12 0 0.1
"TSEN2" 0 0 0 0 0 0 0 0 0 0 0 0 0 0 0 0 0 0 0.37 0 0.02
"DDHD1" 0 0 0.02 0 0 0 0 0 0 0 0 0 0 0 0 0 0 0 0 0 0
"SETD7" 0 0 0 0 0 0 0 0 0 0 0 0 0 0 0 0 0 0 0.24 0 0.01
"HM13" 0 0 0 0 0 -0.25 0 0 0 -0.06 0 0 0 0 0 0 0 0 0 0 -0.02
"CLPB" 0 0 0 -0.01 0 0 0 -0.03 0 -0.35 -0.38 0 0 -0.28 0 0 0 0 0 0 -0.05
"SNX27" 0.42 0.13 0.11 0 0.18 0.09 0 0 0.12 0 0.8 0.51 0.04 0.41 0.47 0 0 0 0.3 0.29 0.19
"TRMT1L" 0.03 0 0 0 0 0 0 0 0 0 0 0 0 0 0.01 0 0 0 0 0 0
"NETO2" 0 0 0 0 0 0 0 -0.29 0 0 0 0 0 0 0 0 0 0 -0.19 0 -0.02
"RNF146" 0 0 0 0 0 0 0 0 0 -0.18 0 0 0 0 0 0 0 0 0 0 -0.01
"SLIRP" 0 0 0 0 0 0 0 0 0 0 0 0 -0.01 0 -0.03 0 0 0 0 0 0
"PUS7L" 0.48 1 0.62 0.58 0.81 0.6 0.54 0.95 0.91 0.23 0.54 0.15 0.46 0.06 0.93 1 1.16 0.86 0.36 0.81 0.65
"C19orf12" 0 0 0 0 0 0 0 0 0 0 0 0 0 0 0 0 -0.03 0 0 0 0
"CCDC3" 0 0 0 0 0 0 0 0 0 0 0 0 0 -0.01 0 0 0 0 0 0 0
"SYT16" 0 0 0 0 0 0 0 0 0 0.16 0 0 0 0 0 0 0 0 0 0 0.01
"BCO2" 0 0 0 0 0 0.14 0 0 0 0.52 0 0 0 0.13 0.02 0 0 0 0.15 0 0.05
"SNX25" 0 0 0 0 0 0 0 0 0 0 0 0 0 0 0.04 0 0 0 0 0 0
"TATDN1" 0 0 0 0 0 0 0 0 0 0.27 0 0 0 0 0 0 0 0 0 0 0.01
"DTNBP1" 0 0 0 0 0 0 0 0 0 0 0 0 0 0.12 0 0 0.18 0 0.08 0 0.02
"TMEM222" -0.01 0 0 0 0 0 0 0 -0.14 -0.26 -0.13 0 0 -0.44 -0.04 -0.05 0 0 0 0 -0.05
"ARL6" 0 0 0 0 0 0 0 0 0 0.01 0 0 0 0 0 0 0 0 0 0 0
"ANTXR1" 0 0 0 0 -0.23 -0.28 0 0 0 0 0 0 0 0 0 0 0 0 0 0 -0.03
"METTL25" 0 0 0 0 0 0 0 0 0 0 0 0 0 0 0 0 0 0 -0.07 0 0
"YIPF4" 0 0 0 0 0 0 0 0 0 0 0 0 0 0 0 0 0 0 0 -0.03 0
"C7orf50" 0 0 0 0 0 0 0 0 0 0 0 0 -0.04 0 0 0 0 0 0 0 0
"ACBD6" 0 0 0 0 0 0 0 0 0 0 0.23 0 0 0 0 0 0 0 0 0 0.01
"CYSTM1" 0 0 0 0 -0.27 0 -0.07 0 0 -0.02 0 0 0 -0.09 0 0 0 0 0 0 -0.02
"ADGRA1" 0 0 0 0 0 0.01 0 0 0.18 0.2 0 0 0 0.03 0 0 0 0 0 0 0.02
"MEGF11" 0 0 0 0 0 0 0 0 0 -0.54 -0.05 0 0 0 -0.07 0 0 0 -0.07 0 -0.04
"PGBD1" 0 -0.12 0 0 0 0 0 0 0 0 0 0 0 0 0 0 -0.06 0 0 0 -0.01
"GNPTG" -0.03 0 0 -0.3 0 0 0 0 -0.01 0 -0.46 0 0 0 0 -0.06 0 0 0 0 -0.04
"ST6GAL2" 0 0 0 0 0 0 0 0 0 0 0 0 0 0 -0.04 0 0 0 0 0 0
"KDM2B" 0 0.29 0.42 0.4 0.21 0.2 0.5 0.1 0 0 0 0.25 0.34 0 0.31 0 0 0.08 0 0.13 0.16
"CAPS2" 0 0.06 0 0 0 0 0 0 0 0 0 0 0 0 0 0 0 0 0 0 0
"FUT10" 0 0 0 0 0 0 0 0 0 0 -0.06 0 0 0 0 0 0 0 -0.05 0 -0.01
"CBR4" -0.31 -0.08 0 0 0 -0.11 0 0 0 0 0 0 0 0 -0.28 0 0 -0.31 0 0 -0.05
"SPPL2A" 0 0 0 0 0 0 0 0 0 0 0 0.07 0 0 0 0 0 0 0 0 0
"RNFT2" 0 0 0.59 0 0.08 0.28 0.55 0 0 0 0.35 0 0 0.08 0.06 0.09 0.09 0.16 0 0.16 0.12
"CEP89" 0 0 0 0 0 0 0 0 0 0.04 0 0 0 0 0 0 0 0 0 0 0
"ZNF587" 0 0 0 0 0 0 0 0 -0.04 0 0 0 0 0 0 0 0 0 0 0 0
"WDR73" -0.31 -0.48 0 0 -0.24 0 -0.22 -0.2 0 0 0 0 -0.2 0 -0.13 0 -0.12 -0.4 -0.3 -0.15 -0.14
"SERAC1" 0.19 0 0 0.41 0 0.09 0 0 0.09 0.46 0.19 0.22 0 0 0 0.02 0 0 0.21 0.2 0.1
"TANC1" 0.18 0 0 0 0.12 0 0 0.07 0 0.01 0.11 0 0 0 0.07 0.02 0 0 0 0 0.03
"KLC4" 0 0 0 0 0 0 0 0 0 -0.23 -0.2 0 0 0 0 0 0 0 0 0 -0.02
"DPH6" 0 0 0 0 0 0 0 0 0 -0.27 -0.02 0 0 0 0 0 0 0 0 0 -0.01
"ZNF160" 0 0 0 0 0 0 0 0 0 0.1 0 0 0 0 0 0 0 0 0 0 0.01
"LRSAM1" 0 -0.06 -0.14 -0.1 0 0 0 0 0 0 -0.13 0 0 0 0 -0.1 0 0 0 0 -0.03
"BTF3L4" 0 0 0 0 0 0 0 0 0 0 0 0 0 0 0.15 0 0 0 0 0 0.01
"ZNF804A" 0 0 0 0 0 0 0 0 0 -0.19 0 0 0 0 0 0 0 0 0 0 -0.01
"COG7" 0 0 0 0 0 0 0 0 0 0 0 0 0 0 -0.09 0 0 0 0 0 0
"TMEM132C" 0 0 0 0 0 0 0 0 0 -0.19 -0.27 0 0 -0.58 0 0 0 0 0 0 -0.05
"PXYLP1" 0 0 0 0 0 0 0 0 0.16 0.05 0 0 0 0 0 0 0 0.12 0 0 0.02
"HNRNPLL" 0.29 0.17 0.31 0.49 0.34 0.35 0.05 0.37 0.48 0.6 0.1 0.39 0.25 0.26 0.12 0.05 0.33 0.29 0.21 0.62 0.3
"UBE2Q2" 0 -0.01 0 0 0 0 0 0 -0.12 0 0 0 0 0 -0.01 0 0 0 0 0 -0.01
"OLFM2" 0 0 0 0 0 0 0 0 0 0 0 0 0 0 0 0 0 -0.16 0 0 -0.01
"TBC1D31" 0.16 0 0 0.46 0 0.15 0.17 0 0.06 0.06 0.02 0.23 0 0 0 0 0.04 0.24 0.15 0.35 0.1
"LRRC4B" -0.25 -0.1 0 0 0 0 -0.06 0 0 0 0 -0.07 -0.37 0 0 -0.11 0 0 -0.04 0 -0.05
"SFXN5" 0 0 0 0 0 0 0 0 0 0.06 0 0 0 0 0 0 0 0 0 0 0
"CFAP36" 0 0 0 0 0 0 0 0 0 0.55 0.16 0 0 0 0.04 0.19 0 0 0 0 0.05
"CYP2U1" 0 0 0.08 0.2 0 0 0.05 0 0.29 0 0.13 0 0 0.14 0 0.16 0.17 0 0 0.16 0.07
"SLC25A25" 0 0.05 0 0.12 0 0 0 0 0.03 0.09 0.15 0 0 0 0 0.36 0 0 0 0 0.04
"FMNL2" 0 0 0 0 0 0 0 0 0 -0.55 0 0 0 0 0 0 0 0 0 0 -0.03
"OSBPL1A" 0 -0.08 0 0 -0.21 0 0 -0.14 0 -0.2 0 0 -0.65 -0.38 -0.24 -0.1 -0.37 0 0 0 -0.12
"C1QTNF4" -0.17 -0.41 0 -0.11 -0.27 -0.13 -0.12 -0.3 -0.05 -0.36 0 -0.03 -0.14 -0.37 -0.15 -0.1 -0.31 0 -0.31 -0.24 -0.18
"C8orf34" 0 0 0 0 0 0 0 0 0 0 0 0.04 0 0.15 0 0 0 0 0 0 0.01
"TSEN15" 0 0 0 -0.17 0 0 0 0 0 0 -0.1 -0.21 0 -0.04 -0.13 0 -0.35 0 0 0 -0.05
"THEM4" 0 0 0 0 0 0 0 0 0 -0.4 0 0 0 0 0 0 0 0 0 0 -0.02
"FRA10AC1" 0 0 0 0 0 0 0 0 0 0.24 0 0 0 0 0 0 0 0 0 0 0.01
"SPPL3" 0 0.24 0 0 0 0 0 0 0 0 0 0 0 0 0.18 0 0 0 0 0 0.02
"KLHDC1" 0 0 0 0 0 0 0 0 0 0 0 0 0 0 0 0 0 0 0 0 0
"SLC25A29" 0 0.01 0 0 0 0 0 0 0 0.23 0 0 0 0.07 0.03 0.2 0 0 0.09 0 0.03
"LRRC28" 0.28 0 0 0 0 0 0 0 0 0 0 0 0 0 0 0 0 0 0 0 0.01
"FAM210A" 0 0 0 -0.07 -0.1 0 0 0 0 0 -0.02 0 0 0 -0.01 0 0 0 0 0 -0.01
"TTC39C" 0 0 0 0 0 0 0 0 0 0 0 0 0 0 0 0.01 0 0 0 0 0
"TBC1D20" 0 0 0 0 0 0 0 0 0 -0.21 0 0 0 0 0 0 0 0 0 0 -0.01
"RBM45" 0.44 0 0.21 0.18 0.48 0 0 0 0.18 0.38 0.12 0.12 0.15 0.28 0.04 0.34 0.01 0 0.06 0.36 0.17
"SGPP2" 0 0 0 0 0 0 0 0 0 0.02 0 0 0 0 0 0 0 0 0 0 0
"LYPD6" 0.12 0.32 0 0.11 0.07 0.32 0.18 0 0 0.06 0.43 0.13 0.12 0.04 0.15 0.23 0.16 0.11 0 0.16 0.14
"FBXO36" 0 0 0 0 0 0 0 0 0 0 0.04 0 0 0.01 0 0 0 0 0 0 0
"CPEB2" 0 0 0.3 0.13 0 0 0.45 0 0.23 0.04 0 0.08 0 0 0.07 0.35 0 0.1 0.08 0 0.09
"PACRGL" -0.18 0 0 0 0 0 0 0 0 -0.01 0 0 0 0 -0.13 0 0 0 0 0 -0.02
"DNAJC21" 0 0 0 0 0 0 0 0 0 -0.16 0 0 0 0 0 0 0 0 -0.04 0 -0.01
"UBLCP1" 0 0 0 0 0 0 0 0 0 0 0 0 0 0 0 0 0 0 0 0 0
"PXDNL" 0 0 0 0 0 0 0 0 0 0 0 0 0 0 0.03 0 0 0 0 0 0
"GPAT4" 0 0 0 0 0 0 0 0 0 0.27 0 0 0 0 0 0 0.02 0 0 0 0.01
"CBLN4" 0 0 0 0 -0.01 -0.28 0 0 0 0 -0.06 0 -0.07 -0.14 0 0 -0.01 0 0 0 -0.03
"MROH8" 0 0 0 0 0 0 0.03 0 0 0.01 0 0 0 0 0 0 0 0 0 0 0
"CWF19L2" 0 0 0 0 0 -0.05 0 0 0 0 -0.06 0 -0.3 -0.19 0 0 -0.21 0 0 0 -0.04
"ETFRF1" 0 0 0 0 0 0 0 0 0 0.08 0 0 0 0 0 0 0 0 0 0 0
"ZFP90" 0 -0.12 0 0 0 0 0 0 0 0 0 0 0 0 0 0 0 0 0 0 -0.01
"C18orf25" 0 0 0 0 0 0 0 0 0 0.06 0 0 0 0 0 0 0 0 0 0 0
"ZNF420" 0 0 0 0 0 0 0 0 -0.04 0 0 -0.26 0 -0.18 -0.17 0 0 -0.2 -0.33 0 -0.06
"SLC35F3" 0 0 0 0 0 0 0 0 0 -0.09 0 0 0 0 0 0 0 0 0 0 0
"ARL6IP6" 0 0 0 0 0 0 0 0 -0.03 -0.28 -0.04 0 0 0 0 0 0 0 0 0 -0.02
"WDSUB1" 0 0 0 0 0 0.03 0 0 0.29 0 0.15 0 0 0 0 0 0 0 0.4 0 0.04
"XXYLT1" 0 0 0 0 0 0 0 0 0 0.26 0 0 0 0 0 0 0 0 0 0 0.01
"BMT2" 0 0 0 0 0 -0.21 -0.16 0 -0.43 -0.27 0 -0.01 0 0 0 0 0 -0.21 0 0 -0.06
"TMTC3" 0.14 0 0.01 0.2 0.11 0.21 0 0.35 0.48 0.18 0 0.08 0.2 0.06 0.08 0 0.14 0.18 0.18 0.05 0.13
"ZNF780B" 0 -0.29 0 -0.33 0 0 -0.6 0 -0.67 0 0 0 0 0 0 -0.19 0 0 -0.38 0 -0.12
"DCP2" 0 0 0 0 0 0 0.13 0.13 0 0 0.13 0 0.32 0 0 0.18 0 0 0 0 0.04
"TMEM64" 0 0 0 0 0 0 0 0 0.3 0.59 0.07 0.06 0 0 0 0 0.35 0 0.06 0 0.07
"DHX36" 0 0 0 -0.04 0 0 0 0 0 0 0 0 0 0 0 0 0 0 0 -0.37 -0.02
"ADAMTS19" -0.02 0 0 0 -0.18 0 0 0 0 0 0 -0.26 0 -0.04 -0.08 0 0 0 0 -0.09 -0.03
"ASXL1" 0.04 0.52 0 0.3 0.17 0.13 0 0.03 0.42 0.64 0.61 0.55 0.47 0.37 0 0.22 0.88 0.57 0.65 0.57 0.36
"METTL15" 0.05 0.69 0.31 0 0 0.54 0 0.25 0.56 0.4 0.38 0.04 0 0.16 0.36 0 0.25 0 0 0 0.2
"ZFC3H1" 0 0 0 0 0 0 0 0 0 0 0 0 -0.02 0 0 0 0 0 0 0 0
"UBR1" 0 0 0 0 0 0 0 0 0 -0.3 0 0 0 0 0 0 0 0 0 0 -0.02
"CEP112" 0 0 0 0 0 0 0 0 0 0 0 0 0 0 0 0 0 0 0 0 0
"RAB12" 0 0 0 0 0 0 0 0 0 0 -0.05 0 0 0 0 0 0 0 0 0 0
"PRIMPOL" 0 0 0.05 0 0 0.09 0 0.09 0 0 0 0 0 0 0 0 0 0 0.14 0 0.02
"ADAM32" 0 0 0 0 0 0 0 0 0 0 0 0 0 -0.05 0 0 0 0 0 0 0
"ZNF804B" 0 -0.04 0 0 0 0 0 0 0 0 -0.22 0 0 0 0 0 0 0 0 0 -0.01
"CCNY" -0.38 -0.66 -0.75 0 0 -0.5 0 -0.32 -0.09 -0.69 -0.39 -0.58 -0.59 -0.2 0 -0.9 0 0 0 -0.31 -0.32
"FAM13C" 0 0 0 0 0 0 0 0 0 0 0 0 0 0.12 0.1 0 0.1 0 0 0.06 0.02
"RASGEF1A" 0 0 0 0 0 0 0 0 0 0 0 0 0 0 0.09 0 0 0 0 0 0
"NT5DC1" 0 0 0 0 0 0 0 0 0 -0.12 0 0 -0.08 0 0 0 0 0 0 0 -0.01
"TBC1D32" 0 0 0 -0.01 0 0 0 0 0 0 0 0 0 -0.14 0 0 0 0 0 0 -0.01
"KIF6" 0 0 0 0 0 0 0 0 0 0.07 0 0 0 0 0 0 0 0 0 0 0
"ATXN7L1" -0.02 -0.09 0 -0.1 0 -0.04 -0.64 -0.68 -1.12 -0.66 0 0 -0.36 -0.37 -0.16 -0.67 -0.46 -0.1 0 -0.19 -0.28
"AFG1L" 0 0 0 0 0 0.04 0 0 0 0 0 0 0 0 0 0 0 0 0 0 0
"PRR14L" 0 0 0 0 0 0 0 0 0 0 0 0 0 0 0 0 0 0 0 0 0
"IPMK" 0 0 0 0 0 0 0 0 0 0 0.23 0 0 0.34 0 0 0 0 0 0 0.03
"LCLAT1" 0 0 0 0 0 0 0 0 0 0.04 0 0 0 0 0 0 0 0 0 0 0
"UBN2" 0 0 0 0 0 0 0 0 0 0 0 0 0 0 0 0 0 0 0.14 0.06 0.01
"BCLAF3" 0 0 0 0 0 0 0 0 0 0.15 0 0 0 0 0 0 0 0 0 0 0.01
"MAP7D2" 0 0 0 0 0 0 0 0 0 0 0 0 0 0 0 -0.04 0 0 0 0 0
"SHPRH" 0 0 0 0 0 0 0.01 0 0 0 0 0 0 0 0 0 0 0 0 0 0
"TAB3" 0 0 0 0 0 0 0 0.11 0 0.01 0 0 0 0 0 0 0.11 0 0 0 0.01
"HSPA12A" 0 0 0 0 0 0 0 0 0 0.72 0 0 0 0 0 0 0 0 0.27 0 0.05
"BOD1L1" 0 0 0 0 -0.14 0 0 0 0 0 0 0 0 0 0 -0.28 -0.05 0 0 0 -0.02
"POC1B" 0 0 0 0 0 0 0 0 0 0 0 0 0 0 0 0 -0.02 0 0 0 0
"C12orf40" -0.07 0 0 0 0 -0.2 0 0 0 -0.38 0 -0.04 -0.09 -0.12 -0.12 -0.01 0 -0.03 0 0 -0.05
"CEP170B" 0 0 0 0 0 0 0 0 0 0 0 0 0 0 0 0 0 0 0 0 0
"CES4A" 0 0 0 0 0 0 0 0 0 0 0 0 0 0 0 0 0.16 0 0 0 0.01
"KANSL1" 0 0 0 0 0 0 0 0 0.12 0 0 0 0 0 0 0 0 0 0 0 0.01
"GDPD1" 0 0 0 0 0 0 0 0 0 -0.44 0 0 0 0 0 -0.02 0 0 0 0 -0.02
"MIR646HG" 0 0 -0.09 0 0 -0.01 0 0 0 -0.22 0 0 0 -0.02 -0.13 -0.08 -0.17 0 0 -0.01 -0.04
"CCDC66" 0 0 0 0 0 0 0 0 0 0 0 0 0 0.14 0 0 0 0 0 0 0.01
"TCAIM" 0 0 0 0 0 0.09 0 0 0 0 0 0 0 0 0 0 0 0 0 0 0
"CYP4V2" 0.01 0.18 0.29 0.32 0.07 0.47 0.4 0.19 0 0.04 0.08 0 0.22 0.44 0.49 0.54 0.21 0.15 0.28 0.03 0.22
"FRYL" 0 0 0.29 0 0 0 0 0 0 0.05 0 0 0 0 0 0 0.06 0 0.13 0 0.03
"FAM200B" 0 0 0 0 0 0 0 0 0 -0.42 0 0 0 -0.45 0 0 0 0 0 0 -0.04
"STPG2" 0 0 0 0 0 -0.34 0 0 0 0 -0.25 0 0 -0.06 0 0 0 0 0 0 -0.03
"ZNF789" 0 0 0 0 0 0 0 0 -0.32 0 0 0 0 0 0 0 0 0 -0.07 0 -0.02
"YIPF6" 0 0 0 0 0 0 0 0 0 0.06 0 0 0 0 0 0 0 0 0 0 0
"RAB37" 0 0 0.25 0 0.05 0.16 0 0.12 0.26 0 0 0 0 0 0 0 0 0 0 0 0.04
"LUZP2" 0 0 0 0 0 0 0 0 0 0.26 0 0 0 0 0 0 0 0 0 0 0.01
"ANKRD13D" 0 0 0 0 0 0 0 0 0 0 0 0 0 0 0 0 0 0 0 0 0
"EYS" -0.1 0 -0.01 -0.23 0 -0.07 0 -0.08 -0.2 -0.48 -0.1 -0.19 -0.39 0 -0.13 -0.26 -0.05 -0.18 -0.17 0 -0.13
"SKA2" 0 0 0 0 0 0 0 0 0 0.3 0.11 0 0 0 0 0 0 0 0.42 0 0.04
"HCN1" 0 0 0 0 0 0 0 0 0 0 0 0 0 0 0 0 0 0 -0.28 0 -0.01
"ANKRD30B" 0 0 0 0 0 0 0 0 0 0.2 0 0 0 0 0 0 0 0 0 0 0.01
"ATP9B" 0 0 0 0 0 0 0 0 -0.02 0 0 0 0 0 0 -0.14 0 0 0 0 -0.01
"ZNF568" -0.05 0 0 0 0 0 0 0 0 -0.1 0 0 0 0 0 0 0 0 -0.3 -0.04 -0.02
"VWC2" -0.1 -0.04 0 0 -0.05 -0.61 0 0 -0.25 -0.07 0 -0.13 -0.03 -0.18 -0.13 -0.01 -0.1 0 -0.35 -0.39 -0.12
"ERCC6L2" 0 0 0 0 0 0 0 0 0 0.2 0 0 0 0 0 0 0 0 0 0 0.01
"TMEM179" -0.18 0 0 0 0 0 -0.11 0 0 -0.08 -0.23 0 -0.25 -0.31 -0.15 0 0 0 -0.17 -0.11 -0.08
"MIR99AHG" 0.56 0.21 0 0.03 0 0 0 0.45 0 0.03 0 0 0.26 0.24 0 0.33 0 0.3 0.46 0.36 0.16
"ANKUB1" -0.17 -0.12 0 -0.36 -0.11 -0.3 -0.26 0 -0.54 -0.22 -0.18 -0.13 0 -0.03 -0.11 -0.3 -0.27 -0.16 -0.02 -0.11 -0.17
"LAMTOR4" 0 0 0 0 0 0 0 0 0 0 -0.07 0 0 0 0 0 0 0 0 0 0
"GLIDR" -0.01 0 0 0 0 0 0 0 0 -0.02 0 0 0 0 0 0 0 0 0 0 0
"GOLGA8B" 0 0 0 0 0 0 0 0 0 -0.16 0 0 0 0 0 0 0 0 0 0 -0.01
"MICOS10" 0 0 0 0 0 0 0 0 0 -0.33 0 0 0 0 0 0 0 0 0 0 -0.02
"MIAT" 0 0 0 0 0 0 0 0 0 0 0 -0.12 0 0 0 0 0 0 0 -0.13 -0.01
"IGFL4" 0 0 0 0 0 0 0 0 0 -0.03 0 0 0 0 0 0 0 0 0 0 0
"ANKRD30BL" 0.23 0.04 0 0 0 0.22 0.14 0 0.16 0.96 0.69 0 0 0.45 0.08 0 0.64 0 0 0.23 0.19
"ZNF704" 0 0 0 0 0 0 0 0 0 0.44 0.02 0 0 0 0 0 0 0 0 0 0.02
"MIR4500HG" 0 0 0 0 0 0 0 0 0 0.1 0 0 0 0 0 0 0 0 0 0 0
"ZNF487" 0 0 0 0.11 0 0 0 0.21 0 0.13 0 0 0.14 0.07 0 0.19 0.05 0 0.12 0 0.05
"ZDHHC11B" 0 -0.1 0 -0.23 -0.22 0 -0.05 -0.26 -0.12 -0.05 -0.08 -0.09 -0.12 0 0 0 -0.07 -0.1 0 0 -0.07
"PRB2" 0 0 0 -0.02 -0.17 0 0 -0.06 0 -0.04 -0.11 -0.1 -0.05 0 0 0 -0.21 0 0 -0.15 -0.05
"CNTNAP3B" 0 0 0 0 0 0 0 0 0.18 0.81 0 0 0 0 0 0 0.2 0 0.21 0 0.07
"SLC35E2B" 0 0 0 0 0 0 0 0 0 0 0 0 0 -0.14 0 0 0 0 0 0 -0.01
"CASTOR2" 0 0 -0.09 0 -0.23 0 0 0 0 -0.28 0 0 0 -0.15 -0.11 -0.18 0 0 0 0 -0.05
"ARMCX4" 0 0 0 -0.33 0 -0.17 0 0 -0.13 0 0 -0.16 0 -0.05 0 -0.26 0 0 0 0 -0.06
"ZNF717" 0 0 0 0 0 0 0 0 0 -0.2 0 0 0 0 0 0 0 0 0 -0.26 -0.02
"TIMM23B" -0.88 -0.77 -0.7 -0.86 -0.74 -0.2 -0.89 -0.86 -0.9 -0.39 -0.91 -0.88 -0.77 -0.98 -1.11 -0.88 -0.78 -0.56 -0.77 -0.88 -0.79
"CTXND1" 0 0 0 0 0 0 0 0 0 0 0 0 0 0 0 0 0 0.04 0 0 0
