"seed_1" "seed_2" "seed_3" "seed_4" "seed_5" "seed_6" "seed_7" "seed_8" "seed_9" "seed_10" "seed_11" "seed_12" "seed_13" "seed_14" "seed_15" "seed_16" "seed_17" "seed_18" "seed_19" "seed_20" "mean"
"ACADVL" 0 0 0 0 0.1 0.11 0 0 0.02 0 0.13 0 0 0 0 0 0 0 0 0 0.02
"ACAT2" 0 0 -0.15 -0.07 0 0 0 0 -0.03 0 0 0 -0.17 -0.01 0 0 0 0 0 0 -0.02
"ASIC2" 0.19 0 0 0 0 0 0 0 0 0 0 0 0.07 0 0 0 0.04 0 0 0 0.02
"ACLY" 0 0 0 0 0.12 0 0 0 0 0 0 0.02 0 0 0 0 0.32 0 0 0 0.02
"ACTN2" 0 0 0 0 0.03 0 0.06 0 0 0 0 0 0 0 0 0 0 0 0 0 0
"ACYP1" 0 0.01 0.06 0 0 0 0 0.11 0.25 0 0.07 0 0 0 0.26 0 0 0 0 0 0.04
"ADD2" 0 0 0 0 0 0 0 0 0 -0.12 0 0 0 0 0 0 0 0 0 0 -0.01
"ADD3" 0 0 0 0 0 0.29 0 0 0 0 0 0 0 0 0.01 0 0 0 0 0 0.02
"PARP1" 0 0.31 0 0 0.14 0.14 0.18 0 0 0 0.28 0.16 0.1 0 0 0.18 0.4 0.05 0.06 0 0.1
"ADRB1" 0 0 0 0 -0.01 0 0 0 0 0 0 0 0 0 0 0 0 0 0 -0.01 0
"AGL" 0.21 0.03 0 0.05 0 0 0 0 0 0 0 0.04 0 0 0 0 0 0 0 0 0.02
"AMPH" 0.94 1.7 0.88 1.02 0.78 0.75 1.13 0.7 1.57 0.96 1.25 0.78 1.69 0.41 0.88 1.4 0.98 1.08 0.72 0.64 1.01
"ANXA4" 0 0 0 0 0 0 0 0 0 0 0 0 0 0 0 0 0 0 0 0 0
"AOAH" 0 0 0 0 0 0 -0.02 0 0 0 0 0 0 0 0 0 -0.08 0 0 0 -0.01
"APBA2" 0 0 0 0 0 0 0 0 0 0 0 0 0 0 0 0.02 0 0 0 0 0
"BIRC2" 0 0 0 0 0.12 0 0 0 0 0 0 0 0 0 0 0 0 0 0 0 0.01
"XIAP" 0.08 0.27 0.2 0.04 0.27 0.76 0.3 0.43 0.49 0.47 0.25 0.2 0.35 0 0.12 0.28 0.44 0 0 0.1 0.25
"ASTN1" 0.21 0.3 0 0 0.06 0 0.16 0 0.02 0 0 0 0 0 0.6 0 0 0.3 0.25 0 0.09
"ATM" 0 0 0 0 0.52 0.07 0 0 0 0 0.32 0 0 0 0.12 0.18 0.23 0 0 0 0.07
"ATP2B3" 0 0 0 0 0.21 0 0 0.04 0 0 0 0 0 0 0 0.08 0 0.06 0 0.03 0.02
"ATP5F1E" 0 0 0 0 0 0 -0.04 0 0 0 0 0 0 0 0 0 0 0 0 0 0
"ATP7B" 0 0 0 0 0.23 0 0 0 0.2 0 0 0.21 0 0 0 0 0 0 0 0 0.03
"BCL2" 0.21 0 0.21 0 0.01 0 0.03 0 0.14 0.19 0 0.23 0.12 0 0 0.25 0.03 0 0 0 0.07
"BCL9" 0 0 0 0 0 0 0 0 0 0 0.04 0 0 0 0 0 0 0.1 0 0 0.01
"HCN2" 0 0 0 0 0.04 0 0 0 0 0 0 0 0 0 0 0 0 0 0 0 0
"BTC" 0 0 0 0 0.04 0 0 0 0 0 0 0 0 0 0 0 0 0 0 0 0
"OSGIN2" 0 0 0 0 0 0 0 0.07 0 0 0 0 0 0 0 0 0 0 0 0 0
"DAGLA" -0.06 0 -0.29 -0.03 -0.3 -0.18 -0.24 -0.21 -0.67 -0.21 -0.31 -0.31 -0.22 0 -0.18 -0.06 -0.13 -0.4 -0.18 -0.14 -0.21
"CA11" 0 0 0 0 0 0 0 0 0 0 -0.03 0 0 0 0 0 0 0 0 0 0
"CACNA1D" 0.05 0 0 0 0 0 0 0 0 0 0 0 0 0 0 0 0 0 0 0 0
"CAMK4" -0.9 -0.21 -0.35 0 -0.49 -0.36 -0.55 -0.03 -0.79 -1.04 -0.65 -0.11 -0.45 -0.32 -0.7 -0.7 -1.07 -0.77 -1.53 0 -0.55
"RUNX2" 0 0 0 0 0 0 0 0 0 0.06 0 0 0 0 0 0 0 0 0 0 0
"CCND3" 0.27 0.3 0.45 0.21 0.17 0.12 0.31 0.34 0.21 0.37 0.48 0.35 0.34 0.08 0.25 0.16 0.33 0.57 0.06 0.29 0.28
"CD36" 0 0 0 0 0 0 0 -0.07 0 0 0 0 0 0 0 0 0 0 0 0 0
"SCARB2" 0 0 0 0 0 0 0 0 0.16 0 0 0 0 0 0 0 0 0 0 0 0.01
"ENTPD6" 0 -0.09 0 0 0 0 0 0 -0.09 0 -0.08 0 -0.2 0 -0.06 0 -0.08 0 0 0 -0.03
"CD63" 0 -0.04 -0.04 -0.04 -0.08 0 -0.11 0 0 -0.07 -0.11 0 0 0 -0.22 -0.29 0 -0.06 -0.1 -0.02 -0.06
"CDH2" 0 0 0 0 0 0 0 0.18 0 0 0 0 0 0 0 0 0 0 0 0 0.01
"CDH8" 0 0 0 0 0 0 0 0 -0.31 0 -0.12 0 0 0 -0.17 0 0 0 0 0 -0.03
"CDK6" 0 0 0 0 0.36 0 0 0 0 0 0.14 0.01 0.05 0 0.15 0 0 0.01 0 0 0.04
"CDK8" 0 0 0 0 0 0 0 0 0 0 0 0.16 0 0 0 0 0 0 0 0 0.01
"CEBPB" 0 0.19 0 0 0.07 0 0.02 0 0 0 0.02 0 0 0 0 0 0 0 0 0 0.02
"CENPC" 0 0 0 0 0 0 0 0 0 0 0 0.03 0 0 0 0 0 0 0 0 0
"CHM" 0 0 0 0 0 0 0 0 0 0 0 0 -0.02 0 0 0 0 0 0 0 0
"ERCC8" 0 0 0 0 -0.05 0 0 0 0 0 -0.04 -0.16 -0.05 0 0 -0.23 0 0 0 -0.09 -0.03
"AP2S1" 0 0 0 0 0 -0.15 0 0 0 0 -0.09 0 0 0 0 0 0 -0.04 0 0 -0.01
"CLCN3" 0.17 0 0 0 0.17 0 0.03 0 0 0 0 0 0.43 0 0 0 0 0.47 0 0 0.06
"COL10A1" -0.2 -0.08 -0.51 -0.12 -0.19 -0.29 -0.4 -0.21 -0.16 -0.04 -0.25 -0.39 -0.23 -0.27 -0.24 -0.26 -0.24 -0.12 -0.55 -0.2 -0.25
"COL11A1" -0.19 -0.27 -0.21 0 -0.14 -0.07 -0.06 -0.06 -0.2 -0.11 -0.22 -0.11 -0.45 0 -0.2 -0.29 -0.06 -0.22 -0.35 -0.11 -0.16
"COX10" 0 0.28 0.02 0 0.21 0.12 0.32 0.3 0.06 0 0.35 0.16 0.36 0 0.24 0.04 0.28 0.4 0 0.04 0.16
"CREBL2" 0 0 0 0 0 0.03 0.08 0 0 0 0 0 0 0 0 0 0 0 0 0 0.01
"CRHR1" -0.49 -0.35 -0.5 -0.4 -0.04 -0.39 -0.41 -0.36 -0.55 -0.55 -0.39 -0.51 -0.43 -0.49 -0.34 -0.35 -0.39 -0.58 -0.72 -0.66 -0.44
"CRIP2" 0 -0.14 0 0 -0.1 0 0 -0.21 -0.01 0 -0.13 0 -0.01 -0.11 0 0 0 -0.07 0 0 -0.04
"CSNK1E" 0.01 0 0 0 0 0 0 0 0 0 0 0 0 0 0 0 0.06 0 0 0 0
"CSNK2A2" 0 0 0 0 0 0 0 0 0 0 0 0 0 0 -0.18 0 0 0 0 0 -0.01
"CTNND1" 0 0 0 0 -0.04 0 0 0 0 0 0 0 0 0 0 0 0 0 0 0 0
"CYLD" 0 0 0 0 0 0 0 0 0 0 0 0 0 0 0 0 0 0.17 0 0 0.01
"CYP2E1" 0 0.12 0 0 0 0 0 0 0 0 0 0 0 0 0 0 0 0 0.08 0 0.01
"BRINP1" -0.8 -1.08 -0.41 -0.48 -0.94 -0.3 -0.03 0 -0.49 -0.64 -0.36 0 -0.5 -0.29 -0.86 -0.83 -0.42 -0.89 -0.3 -0.31 -0.5
"DHX15" 0 0 0 0 0 0 0 0 0.07 0.17 0 0 0.1 0 0 0.13 0 0 0 0 0.02
"DHFR" -0.06 -0.05 0 0 -0.14 -0.01 0 0 0 0 0 -0.04 -0.02 0 0 0 0 0 0 0 -0.02
"DIO2" 0 0 0 0 0 0 0 0 0 0 0 0 0 0 0 -0.06 0 0 0 0 0
"DLD" 0 0 0 0 0 0 0 0 0 0 0 0 0 0 0 0 0 0 0 0 0
"DOCK3" -0.33 0 0 -0.74 0 0 0 0 0 0 0 -0.75 0 0 0 0 -0.54 -0.09 0 0 -0.12
"DPP4" 0 0.02 0 0 0 0 0 0 0 0.08 0 0 0 0 0 0 0 0 0 0.06 0.01
"DPYS" 0 0 0 0 0 0 0 0 0 0 0 0 0 0 0 0 0 0 0 0 0
"DPYSL3" 0 0 -0.03 0 -0.18 0 0 0 0 0 -0.04 0 -0.04 0 -0.03 -0.01 0 -0.03 0 0 -0.02
"DRP2" 0 0 0 0 0 0 0 0 0 0 0 0 0 0 0 0 0 0 -0.02 0 0
"RCAN1" 0 0 0 0 0.08 0 0 0 0 0 0 0 0 0 0 0 0 0 0 0 0
"DTX1" 0 0 0 0 0 0 0 0 0 0 0 -0.09 0 0 0 0 0 0 0 0 0
"EFNA5" 0 0 0 0 0 0 0.1 0 0 0 0 0 0 0 0 0 0 0.06 0 0 0.01
"EIF4G2" 0.17 0.1 0.46 0 0 0.48 0 0.24 0 0.12 0.06 0.04 0.17 0.06 0 0 0.2 0.09 0.14 0 0.12
"ELK1" -0.07 0 0 0 0 0 0 0 -0.19 0 0 0 0 0 -0.05 -0.13 -0.04 -0.1 0 0 -0.03
"EPHA3" -0.22 -0.37 -0.04 -0.09 -0.18 -0.22 -0.12 -0.44 -0.26 -0.3 -0.03 -0.23 -0.2 -0.23 -0.15 -0.26 -0.32 -0.07 -0.08 -0.02 -0.19
"EPHA7" 0 0 0 0 0 0 0 0 0 0 0 0 0 0 0.28 0 0 0 0 0 0.01
"EPS15" 0 0 0 0 0 0 0 0 0 0 0 0.07 0 0 0 0 0 0 0 0 0
"ERCC1" 0 0 0 0 0 0 -0.06 0 0 0 0 0 -0.07 0 0 0 0 0 0 0 -0.01
"ERG" 0 0 0 0 0 0 0 0 0 0 0 0.07 0 0.11 0 0.06 0 0 0 0 0.01
"ETFA" 0 0 0 0 0 0 -0.05 0 0 0 0 0 0 0 0 0 0 0 0 0 0
"EXT1" 0 0 0 0 0 -0.09 0 0 0 0 0 0 0 0 0 0 0 0 0 0 0
"PTK2B" 0.89 0.54 0.4 0.93 0.3 0.56 1.2 0.53 0.73 0.99 0.7 1.43 0.14 0.6 0.72 0.09 1.06 0.61 1.27 1.12 0.74
"FBN1" 0 0 0.01 0 0 0 0 0 0 0 0 0.07 0.33 0 0 0.07 0.06 0 0 0 0.03
"GPC4" 0.05 0 0.01 0 0 0 0 0 0 0 0 0 0 0 0.02 0.13 0 0 0 0 0.01
"FGFR1" 0.26 0.35 0 0 0.26 0.08 0.18 0 0.38 0.01 0.32 0.2 0.03 0.17 0.02 0.01 0.36 0.2 0 0.01 0.14
"FKBP5" 0.5 0.3 0.27 0.69 0.45 0.21 0.44 0.28 0.37 0.07 0.11 0.21 0.51 0.32 0.58 0.47 0.3 0.45 0.25 0.41 0.36
"FUS" -0.11 0 0 0 -0.12 0 0 -0.24 0 0 -0.07 0 0 0 0 0 0 0 0 0 -0.03
"GABPA" 0.17 0.19 0 0.18 0.12 0.11 0.05 0.39 0.02 0 0.13 0.14 0.13 0 0.1 0.24 0.28 0.18 0.13 0 0.13
"GABRB1" 0 0 0 0.39 0.11 0 0.02 0 0 0 0.47 0.29 0 0 0 0 0.27 0.39 0 0 0.1
"GABRB3" 0 0 0 0 0 0 0 0 0 0 0 0 0 0 -0.41 0 0 0 0 0 -0.02
"GALNT1" 0 -0.04 0 0 0 -0.09 0 -0.03 0 0 -0.15 0 0 0 0 -0.8 -0.65 -0.12 0 0 -0.09
"GAS6" 0 0.01 0.1 0 0.13 0 0 0 0.06 0.09 0.11 0 0.02 0.14 0.13 0.1 0 0.08 0.01 0.08 0.05
"GFRA1" 0 0 0 0 0 0 0 0 0 0 0 0 0 0 0 0 0 0 0 0 0
"GGCX" 0 0 0 0 0 0 0 0 0 0 0.05 0 0 0 0 0 0 0 0 0 0
"GLRB" 0 0 0 0 0 0 0 0 0.09 0 0 0 0 0.31 0 0 0 0.25 0.01 0.23 0.04
"GLS" 0 0.32 0 0 0 0 0 0 0 0.18 0 0 0 0 0 0 0 0 0 0 0.03
"GNA11" 0 0 0 0 0 0 0 0 0 0 0 0 -0.08 0 0 0 0 0 0 0 0
"GNG3" 0 0 0 0 0 0 0 0 0 0 -0.02 0 0 0 0 0 0 0 0 0 0
"GOT2" 0 0 0 0 0 0.14 0 0 0 0 0.16 0 0 0 0 0 0.35 0 0 0 0.03
"GPR12" 0 0 0.06 0 0 0 0 0 0 0 0 0 0 0 0 0 0 0 0 0 0
"GPR22" 0 0 0 0 0 0.02 0 0 0 0 0 0 0 0 0 0 0 0 0 0 0
"GRIN1" 0 0 0 0 0 0 -0.09 0 0 0 0 0 0 0 0 0 0 0 0 0 0
"GRIN2A" 0 0 0 0 0 0 0 0 -0.07 0 0 -0.28 0 0 0 0 -0.33 -0.1 0 0 -0.04
"GRM4" 0 0 0 0 0 0 0 0 0 0 0 0 0 0 0 0 0 0.06 0 0 0
"GSR" 0 0 0 0 0.06 0 0 0 0 0 0 0 0 0 0 0.06 0.02 0 0 0.06 0.01
"GTF2H1" -0.03 -0.07 -0.36 -0.2 -0.12 -0.34 -0.22 -0.37 -0.29 0 -0.13 -0.12 -0.14 -0.44 0 0 -0.18 -0.08 0 -0.2 -0.16
"GTF2H2" 0 0 0.06 0 0 0 0 0 0.06 0 0.08 0 0 0.07 0 0 0 0.08 0 0 0.02
"HADH" 0 0 0 0 0 0 0 0 0 0 0 0 0 0 0 0 0.06 0 0 0 0
"HCRTR2" 0 0.13 0 0.05 0.02 0.04 0.27 0.01 0.04 0 0.14 0 0.32 0.07 0.29 0 0.11 0.16 0.11 0 0.09
"HIF1A" 0 0 0 0 0 0 0 0 -0.1 0 0 0 0 0 0 0 0 0 0 0 -0.01
"HIVEP2" 0 0 0 0 0 0 0 0 0 0 0 0 0 0 0 0 0 0 0 0 0
"HLCS" 0 0.01 0 0 0 0 0 0 0 0 0 0 0 0 0 0 0 0 0 0 0
"HNRNPA2B1" 0 0 0.12 0 0 0 0 0 0 0 0 0 0.02 0 0 0 0 0 0 0 0.01
"HNRNPD" 0 -0.05 0 0 0 0 0 0 0 0 0 0 0 0 0 0 0 0 0 0 0
"HNRNPL" 0 0 0 0 0 0 0 0 0 -0.09 0 0 0 0 0 0 0 0 0 0 0
"HSD17B4" 0 0 0.04 0.08 0.51 0 0 0.35 0 0.06 0.21 0.12 0 0.18 0.13 0.34 0 0.05 0 0.24 0.12
"HTR4" 0 0 0 0 0.22 0 0 0 0.07 0 0 0 0 0 0 0.05 0 0.22 0 0 0.03
"HTR7" 0.07 0.04 0.29 0.23 0.01 0.08 0 0.22 0.21 0.05 0.13 0.06 0.4 0.18 0.32 0.2 0.12 0.17 0.14 0.15 0.15
"IFNAR1" 0 0 0 0 0 0 0 0 0 0 0 0 0 0 -0.11 0 0 0 0 0 -0.01
"IGBP1" 0 0 0 0 0 0 0.06 0 0 0 0 0 0 0 0 0 0 0 0 0 0
"IGFBP5" 0 -0.05 -0.04 0 0 -0.02 0 0 0 0 0 0 0 -0.01 0 0 0 0 0 0 -0.01
"IL7" 0 0 0 0 0 0 0 0 0 0 0 0 -0.01 0 0 0 0 0 0 0 0
"IRS1" 0 0.12 0.3 0.42 0 0.01 0 0.04 0.3 0.25 0 0.1 0.1 0.29 0 0.23 0 0 0 0.1 0.11
"JAK2" 0 0 0 0.08 0 0 0 0 0 0 0 0 0 0 0 0 0 0 0 0 0
"KCNJ6" -0.49 -0.49 -0.34 -0.34 -0.06 -0.38 -0.15 -0.23 0 0 -0.94 0 -0.03 0 -0.37 -0.2 -0.3 -0.19 -0.44 0 -0.25
"KCNS1" 0 0 0 0 0 0 0 0 0 0 0.01 0 0 0 0 0 0 0.07 0 0 0
"KIFC3" 0 0 0 0 0 0 0 0 0 0 0 0 0 0 0 0 0 0.05 0 0 0
"KPNA3" 0 0 0 0 0 0 0 0 0.2 0 0 0 0 0 0 0 0 0 0 0 0.01
"AFF3" 0 0 0 0 0.1 0 0 0 0 0.27 0 0 0 0 0 0.06 0 0 0.63 0 0.05
"LAMC1" 0 0 0 0 0 0 0.06 0 0 0 0 0 0 0 0 0 0 0 0 0 0
"LASP1" 0 -0.01 -0.25 0 -0.11 -0.06 -0.16 0 0 0 0 0 0 -0.11 0 0 0 -0.33 0 0 -0.05
"LDHA" 0 0 0 0 0 0 0 0 0 0 0 0 0 0 -0.05 0 0 0 0 0 0
"LEPR" 0 0.13 0 0 0.17 0.09 0.07 0.14 0.04 0 0.04 0.02 0 0 0 0.03 0.08 0.18 0.03 0.14 0.06
"LETM1" 0 0 0 0 -0.15 0 0 0 0 -0.01 0 0 0 0 0 0 0 0 0 -0.05 -0.01
"FADS1" -0.02 0 0 0 0 0 0 -0.06 0 0 0 -0.06 0 0 0 0 0 0 0 0 -0.01
"FADS3" 0 0 0 0 0 0 0 0 -0.02 0 -0.02 0 -0.06 0 0 0 0 -0.02 0 0 -0.01
"LMNB1" 0 0 0 0 0 0 0.08 0.3 0.12 0 0.01 0.09 0 0 0 0.01 0 0.08 0 0.18 0.04
"LRP6" -0.52 -0.52 -0.47 -0.59 -0.28 -0.33 0 -0.47 0 -0.2 -0.19 -0.46 -0.05 -0.28 -0.32 -0.51 0 -0.25 -0.25 -0.35 -0.3
"LSS" 0.4 0.26 0.2 0.4 0.51 0.51 0.32 0.12 0.32 0.5 0.47 0.45 0.4 0.16 0.49 0.27 0.23 0.41 0.09 0.2 0.34
"LTBP1" 0 -0.22 -0.15 0 -0.22 -0.3 -0.07 0 -0.29 0 -0.21 -0.08 -0.3 -0.1 -0.11 -0.07 -0.12 -0.14 0 -0.28 -0.13
"LY6H" 0 0 0 0 0 0 0 0 0 0 -0.06 0 0 0 0 0 0 0 -0.08 0 -0.01
"SMAD1" 0.28 0.44 0 0 0 0 0 0.03 0 0 0.05 0 0 0.03 0 0.17 0.18 0 0 0 0.06
"SMAD2" -0.01 0 0 0 0 0 0 0 0 0 -0.05 0 0 0 0 0 0 0 0 0 0
"MAPT" 0 0 0 0 0 0 0 0 0 0 0 0 0 0 0 0 0 0 0 0 0
"MBNL1" 0 0 0 0.09 0 0.35 0 0.4 0 0.48 0 0 0.16 0.48 0.24 0.13 0 0 0 0.19 0.13
"MEIS2" 0.02 0 0 0 0 0 0 0 0 0 0 0 0 0 0 0 0 0 0 0 0
"MAP3K5" 0.41 0.14 0.04 0 0 0 0 0 0 0 0 0 0 0 0 0.27 0.39 0 0 0 0.06
"MIA2" 0 0 0 0 0.19 0 0 0 0 0 0 0 0 0 0 0 0 0 0 0 0.01
"MKLN1" 0 0.12 0 0 0.37 0 0 0 0 0 0 0 0 0 0 0 0 0 0.34 0 0.04
"MNAT1" -0.33 -0.4 0 0 -1.14 -0.17 0 0 0 0 0 0 -0.44 0 0 0 -0.5 -0.24 0 -0.27 -0.17
"CD200" 0 0 0 0 0 0 0 0 0 0 0 0 0 0 0 -0.16 0 0 0 0 -0.01
"MPV17" 0 0 0 0 0 0 0 0 0 0 0 0 0 0 0 0 -0.06 0 0 0 0
"MYO1B" -0.06 -0.04 -0.16 -0.3 -0.04 -0.17 -0.04 0 -0.04 -0.12 -0.24 -0.28 0 -0.09 -0.08 -0.07 0 -0.04 -0.08 -0.11 -0.1
"MTM1" 0 0 0 0 0 0 0 0 0 0 0.05 0 0 0 0 0 0 0 0 0 0
"MVD" 0 0 0 -0.05 0 0 0 0 0 0 0 0 0 -0.01 0 0 0 0 0 0 0
"MYLK" 0 -0.02 0 0 -0.1 0 0 0 0 0 0 -0.11 0 0 -0.11 0 -0.11 0 0 0 -0.02
"PPP1R12A" 0 0.38 0 0 0 0 0 0 0 0 0 0 0 0 0.34 0 0 0 0 0 0.04
"NAIP" -0.18 -0.15 -0.28 -0.3 -0.38 -0.34 -0.44 -0.17 -0.16 -0.19 -0.31 -0.26 -0.26 -0.41 -0.08 -0.03 0 -0.28 -0.2 -0.05 -0.22
"NBL1" 0 0 -0.07 0 0 0 0 0 0 0 0 0 -0.12 0 0 0 0 0 0 0 -0.01
"NCAM1" 0 0 0 0 0 0 0 0 0 0 0 0 0 0 0 0 0 -0.35 0 0 -0.02
"NCK1" 0 0 0 0 0 0 0 0 0 0 0 0 0 0 -0.07 0 0 0 0 0 0
"NDUFA5" 0 0 0 0 0.01 0 0 0 0 0 0 0 0 0 0 0 0 0 0 0 0
"NELL1" 0 -0.19 -0.04 -0.11 -0.26 -0.1 -0.13 -0.47 -0.24 -0.31 -0.74 -0.2 -0.38 0 -0.56 -0.46 -0.13 -0.16 -0.21 -0.37 -0.25
"NF2" 0 -0.22 0 0 -0.02 0 0 0 0 0 0 0 0 0 0 0 -0.04 0 0 0 -0.01
"NFIA" 0 0 0 0 0 0.13 0 0 0 0 0.15 0.02 0 0 0 0 0 0 0 0.01 0.02
"NFATC3" -0.41 -0.5 -0.15 0 0 -0.05 -0.09 -0.13 -0.13 -0.21 -0.2 -0.2 -0.28 0 -0.2 -0.14 -0.32 -0.15 -0.12 -0.04 -0.17
"NFYB" 0 0 0 0 0 0 0 0 -0.1 0 0 0 0 0 0 0 0 0 0 0 0
"NQO2" 0 0 0 0 0 0 0.04 0 0 0 0 0 0 0 0 0 0 0 0 0 0
"NMT1" 0 -0.17 0 0 0 0 -0.03 -0.3 -0.09 0 -0.1 0 -0.02 0 -0.17 0 0 0 -0.28 0 -0.06
"NNMT" 0 0 0 0.04 0 0 0 0 0.04 0 0 0 0 0 0 0 0 0 0 0 0
"NPC1" 0 0 0 0 0 0 0 0 0 -0.05 0 0 0 0 0 0 0 0 0 0 0
"NPY1R" 0 0 0 0 0 0 0 0 0 0 0 0 0 0 0 -0.1 0 0 0 0 0
"NRGN" -1.01 -1.14 -0.66 -0.16 -0.96 -0.48 0 -0.6 -0.5 -0.5 -0.52 -0.73 -0.42 -0.51 -0.67 -0.22 -0.64 -0.69 -0.32 -0.15 -0.54
"ROR1" 0 0 0 0 0 0 0 0 0 0 0 0 0 0 0.02 0 0 0.11 0 0 0.01
"OPRM1" 0.04 0.04 0.12 0 0.24 0.22 0.09 0 0.32 0 0.07 0 0.1 0.05 0 0.03 0.1 0 0.04 0.09 0.08
"P4HA1" -0.05 0 -0.36 0 -0.01 -0.17 -0.01 -0.41 -0.59 -0.17 0 0 -0.17 0 -0.05 -0.38 0 -0.07 0 0 -0.12
"P4HB" 0 0 -0.04 0 0 0 0 0 0 0 0 0 0 0 0 0 0 0 0 0 0
"PAK2" 0 0 0 0.14 0.04 0 0 0 0 0 0 0 0.21 0.11 0.15 0 0 0 0 0 0.03
"PALM" 0 0 0 0 0 0 0 0 -0.15 0 -0.13 0 0 0 0 -0.01 0 0 0 0 -0.01
"PAM" 0 0.93 0.46 0.02 0.21 0.53 0.34 0 0.14 0.46 0.45 0.09 0 0.52 0.24 0.2 0.72 0.17 0.24 0.43 0.31
"PBX1" 0 0 0 0 0 0 0 0 0 0 0 0 0.34 0 0 0 0 0 0 0.11 0.02
"PCDH1" 0 0 0 0 0 0 0 0 0 0 0 0 0 0 0 0.06 0 0 0 0 0
"PCYT1A" 0 0 0 0 -0.03 -0.02 -0.04 0 -0.16 -0.19 -0.14 0 0 0 0 0 0 -0.1 0 0 -0.03
"PDE3B" 0 0 0 0 0 0 0 0 0 0 0 0 0 0 0 0.03 0 0 0 0 0
"PDE7A" 0 0 0 0 0 0 0 -0.04 0 0 0 0 0 0 0 0 0 0 0 0 0
"PDGFA" 0 0 0 0 0 0 0 0 0 0 0 0 0 0 0.02 0 0 0 0 0 0
"PEX13" 0 0 -0.06 0 0 0 0 0 0 0 0 -0.23 0 0 0 0 0 0 0 0 -0.01
"PFDN2" 0 0 0 0 0 0 0 0 0 0 0 0.01 0 0 0 0 0 0 0 0 0
"PFKL" -0.07 0 0 -0.14 -0.01 -0.23 0 0 0 -0.05 0 0 0 0 -0.19 0 -0.02 0 -0.32 -0.12 -0.06
"PFKP" 0 0 0 0 0 0 0 0.19 0 0 0.03 0 0.09 0 0.17 0.29 0 0 0 0 0.04
"SERPINE2" 0 -0.05 -0.09 0 0 0 0 -0.05 -0.05 -0.04 0 0 0 0 0 -0.12 -0.08 0 -0.08 0 -0.03
"PIK3CA" 0 0 0 0 0 0 0 0 0 0 0 0 0 0.02 0 0.48 0 0 0 0 0.02
"PI4KA" 0 0 0 0 0 0 0 0 0 0 0 0 0 0 0 0 0 -0.14 0 0 -0.01
"PIP4K2A" 0 0 0 -0.15 0 0 -0.01 -0.2 0 -0.07 -0.09 0 0 -0.3 0 0 -0.13 0 0 0 -0.05
"PLAG1" 0 0 0 0 0 0 0 0 0 0 0 0 0 0 0 0 0.11 0 0 0 0.01
"PLOD2" 0.02 0.05 0 0 0.06 0.04 0 0 0 0 0 0 0 0 0 0.05 0 0 0 0 0.01
"PLXNA2" 0 0 0 0 0 0 0 0 0 0 0 0 0 -0.13 0 0 0 -0.23 0 0 -0.02
"UBL3" 0 0 0 0 0 0 0 0 0 0.09 0 0 0.13 0 0 0 0 0 0 0 0.01
"POLE" 0 0 0 0 0 0 0 0.04 0 0 0.05 0 0 0 0 0 0 0 0 0 0
"POLG" 0 0 0 0 0 0 0 0 0 0 0 0 0 0 0 0 0 0 0.15 0 0.01
"POLR2F" 0 0 0 0 0 0 0 0 0 0 -0.06 0 0 0 0 0 0 0 0 0 0
"PPP1R7" 0 0 0 0 0 0 0 0 0 0 0 0 0 0 0 0 0 -0.04 0 0 0
"PRKAG1" 0 0 0 -0.15 0 0 0 0 0 0 0 0 0 0 -0.13 0 0 -0.31 0 0 -0.03
"PRKCB" 0 0 0 0 0 0 0 0 0 0 0 0 0 0 0 0 -0.1 0 0 0 -0.01
"PKN2" -0.2 -0.11 -0.05 0 0 0 -0.24 -0.14 0 0 0 -0.18 0 0 0 -0.29 0 0 -0.06 -0.1 -0.07
"PRKG2" -0.21 0 0 0 -0.05 -0.21 -0.09 -0.1 -0.01 -0.03 -0.03 -0.04 0 -0.2 0 -0.04 -0.07 -0.03 0 0 -0.06
"MAPK4" 0 0 0 0 0 0 0 0 0 0 0 0 0 0 0 0 0 0 -0.01 0 0
"MAPK8" 0 0 0 0 0 0 0 0 0 0 0 0 0 -0.1 0 0 0 0 0 0 0
"EIF2AK2" 0.35 0 0.11 0 0.31 0 0 0 0.06 0.03 0 0 0.11 0 0.23 0.1 0.3 0.47 0 0.17 0.11
"LGMN" 0.1 0 0 0 0.2 0.1 0.09 0.18 0 0 0.11 0.16 0 0.09 0.05 0.13 0 0.2 0.15 0 0.08
"PTH2R" 0 0 0 0 0 0 0 0 0.23 0 0 0 0.05 0 0 0 0.04 0 0.01 0 0.02
"PTPN2" 0 0 0 0 -0.04 0 0 0 0 0 0 0 0 0 0 0 0 0 0 0 0
"PTPN9" 0 0 0 0 -0.05 -0.05 0 0 0 0 0 0 0 0 0 0 0 0 0 0 0
"PTPRZ1" -0.4 -0.68 -0.69 -0.39 -0.87 -0.66 -0.76 -0.72 -0.4 -0.31 -0.69 -0.55 -0.68 -0.69 -0.75 -0.7 -0.88 -0.47 -0.49 -0.63 -0.62
"PYGL" 0 0 0 0 0 0 0 0 0 0 -0.08 0 0 0 0 0 0 0 0 0 0
"RAB5B" 0 0 0 0 0 0 0 0 0 0 0.12 0 0 0 0 0 0 0 0 0 0.01
"RAB6A" 0 -0.04 -0.04 -0.26 -0.19 0 0 0 0 -0.08 0 -0.16 -0.23 0 0 0 -0.66 0 0 0 -0.08
"RAB27A" 0 0 0 0 0 0 0 0 0 0 0 0 0 0 0 -0.08 0 0 0 0 0
"RAD52" 0 0 0 0 0 0 0 0 0.02 0 0 0 0 0 0 0 0 0.01 0 0 0
"RCN2" 0 0 0 0 0 0 0 0 0 0 0 0 0 0 0 -0.12 0 0 0 0 -0.01
"RDX" 0 -0.19 0 0 0 0 0 0 0 0 0 0 0 0 0 0 0 0 0 0 -0.01
"REL" 0 0 0 0 0 0 0 0 0 0 0 0 0 0 0 0.1 0 0 0 0 0
"RFX1" 0 0 0 0 0 0 0 0 0 0 0 0 0 0 0 -0.12 0 0 0 0 -0.01
"RFXAP" 0 0 0 0 0 0 0 0 0 0.06 0 0 0 0 0 0 0 0 0 0 0
"RGS7" 0 0 0 -0.59 0 0 0 0 0 0 0 0 0 0 0 0 0 0 0 0 -0.03
"RHEB" 0.05 0.16 0 0 0.26 0.03 0 0 0.38 0 0.2 0.02 0 0.06 0 0.12 0.16 0 0.13 0.15 0.09
"RNF2" 0 0 0 0 0 0 0 0 0 0 0 0 0 0 0 0 -0.02 0 0 0 0
"ABCE1" 0 0 0 0 0 0 0 0 0 0 0 0 0 0 0 -0.13 0 0 0 0 -0.01
"ROBO1" 0 0 0.13 0 0 0 0 0 0.03 0 0 0 0 0 0 0.09 0 0 0 0 0.01
"ROS1" 0 0 0 0 0 0 0.05 0 0 0 0 0 0 0 0.12 0 0 0 0.14 0 0.02
"RPGR" 0 0 -0.05 0 0 0 0 0 0 0 0 0 0 0 0 0 -0.1 0 0 0 -0.01
"RPA1" 0 0 0 0.05 0 0 0.08 0 0 0 0 0 0 0 0 0 0 0 0 0 0.01
"RPL4" 0 0 0 0 0 0 0 0 0 0 0 0 0 0 0 0.05 0 0 0 0 0
"RPL39" -0.22 -0.08 0 0 0 -0.08 -0.01 0 0 -0.07 0 -0.02 -0.17 0 0 0 -0.02 0 0 0 -0.03
"RPN1" 0.08 0.19 0.16 0 0.3 0.35 0.06 0.11 0.16 0.1 0.5 0.14 0.36 0.28 0.21 0.62 0.13 0.24 0.5 0.25 0.24
"RPS4Y1" 0 0 0 0 0 0 0 0 0 0 0 0 0 0 0 0 0.01 0 0 0 0
"RPS5" 0 0 0 0 0 0 0 0 0 0 0 0 0 0 -0.07 0 0 0 0 0 0
"RPS6KA2" 0 0 0 0 0 0 0 0 0 0 0 0 0 0 0 0 0.01 0 0 0 0
"RXRB" -0.06 0 0 0 -0.07 0 0 0 0 -0.02 0 0 -0.4 0 0 0 0 0 0 0 -0.03
"SCN3A" 0 0 0 0 0 0 0 0 0 0 0 0 0 0 0 -0.07 0 0 0 0 0
"SCN8A" 0 0 0 0 0 -0.16 0 0 0 0 0 0 0 0 0 0 0 0 0 0 -0.01
"SEC13" -0.13 -0.03 -0.05 0 -0.08 -0.07 0 -0.19 -0.09 -0.07 -0.03 -0.26 -0.01 0 -0.15 -0.28 0 0 -0.12 -0.02 -0.08
"SH3BGRL" 0 0 0 0 0 0.28 0.07 0 0 0 0 0 0 0 0 0.3 0 0 0 0 0.03
"SH3GL2" 0 0 0 0 0.36 0.87 0.23 0.1 0.47 0 0.76 0.46 0.11 0 0 0.9 0.63 0.56 0 0.25 0.29
"SKIL" 0 0 -0.09 0 -0.36 -0.07 0 0 0 0 0 0 0 0 -0.06 -0.1 0 0 0 0 -0.03
"SLC8A1" 0 0 0 0 0 0 0 0 0 0 -0.03 0 0 0 0 0 0 0 0 0 0
"SMARCB1" 0 0.05 0 0 0 0 0 0 0.33 0.26 0.16 0 0 0 0.26 0 0 0 0 0 0.05
"SMS" 0 0 0 0 0 0 0 0 0 0 0 0 0 0 0 0 0 -0.06 0 0 0
"SNCB" 0 0 0 0 0 -0.18 0 0 -0.01 0 0 -0.01 -0.31 0 0 0 -0.03 -0.2 0 0 -0.04
"SNAPC4" 0 0.01 0 0 0 0 0 0 0 0 0 0.03 0 0 0 0 0 0 0 0 0
"FSCN1" -0.09 -0.18 -0.52 -0.39 -0.37 -0.51 -0.15 0 -0.26 -0.17 -0.35 -0.28 -0.31 -0.52 -0.18 -0.15 -0.35 -0.34 -0.3 -0.17 -0.28
"SNRPN" 0 0 0 0 0 0 0 0 0 0 0 0 0 0 0 0 0 0 0 0 0
"SP1" 0 0 0 0 0 0 0 0 0 0 0 0 0 0 0 0 0 0.04 0 0 0
"SPTB" 0 0 0 0 0 0 0 -0.2 0 0 0 0 0 0 0 -0.03 0 0 0 0 -0.01
"SPTBN2" 0 -0.28 -0.15 0 -0.47 -0.17 0 -0.27 -0.42 -0.01 0 -0.27 0 0 -0.12 -0.02 0 -0.13 -0.05 -0.09 -0.12
"SQLE" 0 -0.1 0 0 0 0 0 -0.01 -0.05 0 0 0 0 0 -0.04 0 0 0 0 0 -0.01
"SRC" 0 0 0 0 0 0 0 0 0.05 0 0 0 0 0 0 0 0 0 0 0 0
"SRP19" 0 0 0 0 0 0 0 0 0 0 0 0 0 0 0.02 0.02 0 0 0 0 0
"SRP72" 0 0 0 0 0 0 0 0 0 0 0 0.02 0 0 0 0 0 0 0 0 0
"SRPK1" 0 -0.06 0 0 0 0 0 0 0 0 0 -0.05 0 0 0 0 -0.23 0 0 0 -0.02
"STAT4" 0.91 0.96 0.54 0.52 0.38 0.93 0.92 0.73 0.86 0.6 0.64 0.69 1.11 0.82 0.55 0.77 0.85 0.48 0.8 0.95 0.75
"STK3" -0.09 0 0 0 -0.01 0 0 -0.14 -0.26 -0.07 0 0 0 0 -0.15 0 0 0 0 0 -0.04
"STX1A" -0.44 -0.62 -0.29 -0.05 -0.65 -0.35 -0.42 -0.22 -0.39 -0.19 -0.31 -0.35 -0.44 -0.6 -0.43 -0.14 -0.35 -0.2 -0.06 -0.47 -0.35
"ABCC8" 0 0 0 0 0 0 0 0 0 0 0 0 0 0 0.04 0.18 0 0 0 0 0.01
"SYP" 0 -0.18 -0.2 0 0 -0.61 0 0 0 0 -0.29 0 0 0 0 0 0 0 -0.41 0 -0.08
"TAF2" 0 0 0 0 0 0 0 0 -0.05 0 0 0 0 0 0 0 0 0 0 0 0
"TAF4" 0 0 0 0 0.03 0 0 0 0 0 0 0 0 0 0 0 0 0 0 0 0
"TAF13" 0 0 0 0 0 0 0 0 -0.08 -0.1 -0.14 0 0 0 0 0 0 0 -0.05 0 -0.02
"TALDO1" 0 0 0 0 0 0 0 0 0 0 0 0 0 0 0 0 -0.17 0 0 0 -0.01
"TCEA2" 0 0 0 0 0 0 0 0 0 0 0 0 0 0 0 0 0 -0.1 -0.1 0 -0.01
"TCOF1" 0 0.09 0 0 0.11 0.2 0 0 0 0.32 0.2 0.3 0.2 0.03 0.29 0.01 0.28 0.27 0 0 0.12
"TDO2" 0 0 0 0 0 0 0 0 0 0 0 0 0 0 0 0 0 -0.04 0 0 0
"TLE4" 0 0.17 0.12 0 0 0.03 0 0 0.16 0.16 0.2 0 0.34 0.41 0 0 0 0 0 0.11 0.09
"TOP1" 0 0 0 0 0 0 0.03 0 0 0 0 0 0 0 0 0 0.05 0 0 0 0
"TOP2B" 0 0.18 0 0 0 0 0 0 0.12 0 0 0 0 0 0.24 0 0 0 0 0.11 0.03
"TPBG" 0 0 0 0 0 0 0 0 0 -0.03 0 0 0 0 0 0 0 0 0 0 0
"TRO" -0.05 -0.11 0 0 0 0 -0.13 0 -0.07 0 0 0 0 0 0 0 -0.12 0 0 0 -0.02
"TRPC4" 0 0 0 0 -0.09 0 0 0 0 0 0 -0.02 -0.1 0 0 0 0 0 0 0 -0.01
"TTC3" 0 0 0 0 0 0 0 0 0.19 0.02 0.43 0 0 0 0 0.31 1.27 0 0 0 0.11
"HIRA" 0 0 0 0 0 0 0 0 0 0 0 0 0 0 0 0 -0.1 0 0 0 -0.01
"TWIST1" 0.02 0 0 0 0 0 0 0 0 0 0 0 0 0 0 0 0 0 0.17 0 0.01
"TXN" 0 0.02 0 0 0.13 0.08 0 0 0 0 0 0 0 0 0 0 0 0 0 0 0.01
"UBA1" 0 -0.15 0 0 0 0 0 0 0 0 0 0 0 0 0 -0.15 0 0 0 0 -0.02
"UBE2E1" 0 0 0 0 0 0 0 0 0 0 0.04 0 0.24 0 0.04 0 0 0 0 0 0.02
"UBE2N" 0 0.14 0 0 0 0 0 0 0 0 0.05 0 0 0 0 0.29 0 0 0 0 0.02
"UCK2" 0 0 0 0 0 0 0 0 0 0 0 0 0 0 0 -0.01 0 0 0 0 0
"EIF4H" 0 0 0 0 0 0 0 0 0 0 0 0 0 0 0 0 0 0.02 0 0 0
"ZNF24" 0 0 0 0 -0.16 0 0 0 0 0 0 0 0 0 0 0 0 0 0 0 -0.01
"ZBTB25" 0 0 0 0 0 0 0 0 0 0.15 0 0 0 0 0 0 0 0 0 0 0.01
"ZNF84" 0 0 0 0 0 0 0 0 0 0 0 0 0 0 0 0 0 -0.12 0 0 -0.01
"ZNF124" 0 0 0 0 0 0.11 0 0 0.01 0 0 0.02 0 0 0 0.14 0 0 0.25 0 0.03
"ZKSCAN8" 0 0 0 0 0 0 0 0 0.09 0 0 0 0 0 0 0 0.13 0 0 0 0.01
"SLC30A4" 0 0 0 0 0 0 0 0 0 0 -0.06 0 0 0 0 0 0 0 0 0 0
"PRDM2" 0 0 0 0 0 0 0 0 0 0 -0.01 0 0 0 0 0 0 0 0 0 0
"PXDN" 0.05 0.03 0.05 0 0.09 0.33 0.1 0 0.36 0.02 0.14 0.11 0.29 0.13 0.2 0.14 0.31 0.04 0.07 0.17 0.13
"ALMS1" 0 0 0 0 0 0 0 0 0 0 0 0 0 0 0 0 0.05 0 0 0 0
"ST8SIA4" 0 0 0 0 0 -0.02 -0.07 0 0 0 0 0 0 0 0 0 0 0 0 0 0
"DEK" 0 0 0 0 0 0 0 0 0 0 0 0 0 0 0 0.18 0 0 0 0 0.01
"ST7" 0 0 0 0 0 0 0 0 0 0 -0.18 0 0 0 0 0 0 0 0 0 -0.01
"CCDC6" 0 0 0 0 0 0 0 0 0 0 0.26 0 0 0 0 0 0 0 0 0 0.01
"NCOA4" 0 0 0 0 0 0 0 0 0.03 0 0 0 0 0 0 0 0 0 0 0 0
"DPF1" 0 -0.11 0 0 0 0 0 0 0 0 0 0 0 0 0 0 0 0 0 0 -0.01
"CLTCL1" -0.05 0 0 -0.01 -0.12 0 0 -0.05 -0.05 -0.09 -0.08 -0.14 -0.03 0 -0.19 0 -0.09 0 0 -0.06 -0.05
"SMC1A" 0 0 0 0 0 0 0 0 0 0 0 0 -0.03 0 -0.07 0 0 0 0 0 0
"KDM5D" 0 0 0 0 0 0 0 0 0 0 0 0 0 0 0 0 0 0 0 0.01 0
"BRAP" 0 0 0 0 0 -0.03 0 0 0 0 0 0 -0.02 0 0 0 0 0 0 0 0
"SPOP" 0 0 0 0 0 0 0 0 -0.06 0 0 0 0 -0.11 0 0 0 0 0 0 -0.01
"CUL4A" 0 0 0 0 0.23 0 0 0 0 0.12 0 0 0 0 0 0 0 0.16 0 0 0.03
"TPST1" 0 0 0 0 0 0 0 0 0 0 0 0 0 0 0 0 0 0.19 0 0 0.01
"PPFIA4" 0 0 0 0 0 0.11 0 0 0 0 0.04 0.03 0 0 0 0 0 0 0 0 0.01
"PPFIA1" 0 0 0 0 0 0 0 0 0 0 0 0 -0.01 0 0 0 0 0 0 0 0
"PIK3R3" -0.01 -0.18 0 -0.07 -0.31 -0.28 -0.07 -0.07 -0.35 -0.03 -0.25 -0.1 -0.4 0 -0.41 -0.4 -0.03 -0.18 -0.08 -0.23 -0.17
"NIPSNAP1" 0 0 0 0 0 0 0 0 0 0 0 0 0 0 0 0 -0.27 0 0 0 -0.01
"CAMK1" 0 0 0 -0.09 0 0 0 -0.18 0 0 0 0 0 0 -0.1 0 0 0 0 0 -0.02
"LMO4" -0.03 -0.2 -0.33 -0.56 0 -0.26 0 -0.17 -0.25 -0.16 -0.38 0 -0.23 0 -0.25 0 -0.33 -0.05 -0.28 -0.16 -0.18
"PIR" 0 -0.02 0 0 0 0 0 0 0 0 0 0 0 0 0 -0.01 0 0 0 0 0
"CDC14B" 0 0 0 0 0 0 0 0 0 0 0 0 0 0 0 0 0.27 0 0 0 0.01
"THOC5" -0.44 -0.17 0 -0.02 -0.4 -0.16 -0.33 -0.11 -0.25 -0.17 -0.42 0 0 -0.04 -0.42 -0.31 -0.28 -0.08 -0.34 -0.15 -0.21
"LAMTOR3" 0 0 0 0 0 0 0.03 0.18 0.07 0 0.15 0 0 0.03 0 0.06 0 0.13 0 0 0.03
"NUMB" -0.03 0 0 0 0 0 0 -0.1 0 0 0 0 0 -0.19 0 0 0 -0.03 0 0 -0.02
"DDX3Y" 0.23 0.26 0 0 0.32 0.2 0.16 0.05 0.09 0.01 0.21 0.08 0.15 0.06 0.18 0 0.07 0.06 0 0.12 0.11
"TNKS" 0 0 0 0 0 0 0 0 0 0 0.03 0 0 0 0 0 0 0 0.24 0.04 0.02
"MBTPS1" 0.07 0 0 0 0 0 0 0 0.19 0 0 0 0 0 0 0 0 0 0 0 0.01
"CTNNAL1" 0 0 0 0 0 0 0 0 0 0 0 0 0 0 0 0 0 0 0 0 0
"ADAM9" 0 0 0 0 0 0 0 0 0 0 0 0 0 0 0 0 0 -0.04 0 0 0
"RIPK2" 0 0 0 0 0 0 0 0 0 0 0 0 0 0 0 0 0 -0.04 0 0 0
"NAPA" -0.2 0 0 0 0 0 0 -0.11 0 0 0 0 0 0 -0.07 0 0 0 0 -0.04 -0.02
"RIOK3" 0 0 0 0 0 0 0 0 0.01 0 0 0 0 0 0 0 0 0 0.37 0 0.02
"RGS11" 0 0 0 0 0 0 0 0 -0.09 0 -0.15 0 0 0 0 -0.23 0 0 0 0 -0.02
"SUCLG1" 0.45 0 0 0 0 0 0 0 0 0 0 0 0 0 0 0 0 0 0 0 0.02
"TRIM24" 0 0 -0.05 0 -0.04 0 0 0 0 0 -0.05 0 0 0 0 0 0 0 0 0 -0.01
"INPP4B" 0 0 0 0 0 0 0 0 0 0.24 0 0.05 0 0 0 0.35 0 0 0 0 0.03
"IQGAP1" 0 0 0 0 0 0 0 0 0 0 0 0 0 0 -0.02 0 0 0 0 0 0
"SYNGAP1" -0.01 0 0 0 0 0 0 -0.05 -0.03 0 0 -0.11 -0.16 0 -0.3 0 -0.03 -0.23 0 -0.18 -0.05
"LDB1" -0.11 0 0 0 0 -0.16 0 -0.06 -0.16 -0.03 0 -0.01 0 0 -0.08 0 0 -0.09 0 -0.12 -0.04
"SYNJ2" 0 0 0 0 0 0 0.08 0 0 0 0 0 0 0 0 0 0 0 0 0 0
"SGPL1" 0.08 0 0 0 0 0 0 0.11 0 0 0 0 0 0 0.08 0 0 0 0 0 0.01
"CDC16" 0 0 0 0 0 0 0 0 0 0 0 0 0 0 0 0 0 -0.22 -0.06 0 -0.01
"EIF2B3" 0 0 0 0 0 0 0 0 0 -0.06 0 0 0 0 -0.05 0 0 0 0 0 -0.01
"AP1G2" 0 0 0 0 0 -0.05 0 0 0 0 0 0 0 0 0 0 0 0 -0.06 0 -0.01
"CACNA1I" 0 0 0 0 0 0 0 0 0 0 0 0 0 0 0 0 0 0 0 0 0
"CACNA1G" 0 0 0 0 0 -0.01 0 0 0 0 0 0 0 0 0 0 0 0 0 0 0
"BAIAP3" 0 0 0 0 0.06 0 0 0 0 0 0 0 0 0 0 0 0 0 0 0 0
"USP13" 0 0 0 0 0.03 0 0 0.01 0 0 0 0.03 0 0 0 0 0 0 0 0 0
"WASL" 0 0 0 0 0 0 0 0.03 0 0 0.3 0.13 0.05 0 0 0.36 0 0 0 0.12 0.05
"TAF1B" -0.02 0 0 0 0 0 0 0 0 0 0 0 0 0 0 0 0 0 0 0 0
"PIAS2" 0 0 0 0 0 0 0 0 0 0 0.14 0 0 0 0 0 0 0 0 0 0.01
"CLDN12" 0 0 0 0 0 0 0 0 -0.13 0 0 0 0 0 -0.01 0 0 0 0 0 -0.01
"DNAJA3" 0.01 0 0 0 0.12 0 0 0 0.14 0 0.03 0 0 0 0 0 0 0.09 0.26 0 0.03
"USP8" 0 0 0 0 0 -0.04 0 0 0 0 0 0 0 0 0 0 0 0 0 0 0
"RGN" -0.21 -0.05 -0.05 0 0 0 0 -0.13 -0.08 -0.02 -0.03 0 -0.06 -0.03 -0.32 -0.1 0 0 -0.26 0 -0.07
"LATS1" 0 0 0 0 0.25 0 0 0 0 0.1 0.01 0 0 0 0.14 0 0.05 0 0 0.04 0.03
"AIFM1" 0 0 0 0 0 0 0 0 0 0 0 0 0 0 -0.05 0 0 0 0 0 0
"ATG12" 0 0 0 0 0 0 0 0 0 0 0 0 0 0 0 0 0 0 0.03 0 0
"SYNGR3" -0.02 0 0 0 0 0 0 0 -0.26 0 0 0 0 0 0 0 0 0 0 0 -0.01
"MYOM2" 0 0 0 0 0.27 0 0 0.01 0.16 0 0 0.09 0 0 0.18 0.04 0 0.03 0 0 0.04
"ARHGEF2" -0.02 -0.01 0 0 0 0 0 -0.07 0 -0.35 0 0 -0.12 0 0 -0.01 -0.04 -0.1 -0.21 -0.1 -0.05
"MAGI1" -0.14 -0.18 -0.03 -1.02 0 -0.55 -0.7 -0.61 -0.4 -1.58 -0.26 -0.49 -0.63 -0.38 0 -0.54 -0.44 -1.18 -0.7 0 -0.49
"RPS6KA5" 0 0 0 0 0.01 0 0 0 0 0 0 0 0 0 0 0 0.06 0.03 0 0 0.01
"AIMP1" 0 0 0 0 0 0 0 0 0 0 0 0 0 0 0 0.04 0 0 0 0 0
"TSPOAP1" 0 0 -0.08 0 0 0 0 0 0 0 0 0 0 0 0 0 -0.2 -0.16 0 0 -0.02
"MED14" 0 0 0 0 0.05 0 0 0 0 0 0 0 0 0 0 0 0 0 0 0 0
"NREP" -0.04 -0.14 -0.11 0 -0.15 -0.09 -0.55 -0.3 -0.23 -0.09 -0.49 -0.23 -0.32 -0.1 -0.03 -0.44 -0.47 -0.21 0 -0.43 -0.22
"HMGN3" 0 0 0.15 0 0 0.05 0 0 0 0 0 0 0 0.14 0 0 0 0 0 0 0.02
"SNAP29" 0 0 0 0 0 0 0 -0.02 0 0 0 0 0 0 0 0 0 0 0 0 0
"PPIG" 0 0 0 0 0 0 0 0 0 0.02 0 0 0 0 0 0 0 0 0 0 0
"KIF3B" 0 0 0 0 0 0 0 0 0 0 0 0 0 0 0 -0.04 0 0 0 0 0
"TM9SF2" 0 0 0 0 0 0 0 0 0.14 0 0 0 0 0 0 0 0 0 0 0 0.01
"SLC22A14" 0 0 0 0 -0.22 0 0 0 -0.05 0 0 0 0 0 0 0 0 0 0 -0.02 -0.01
"CIAO1" 0 0 0 0 0 0 0 0 0 0 0 -0.02 0 0 0 0 0 0 0 0 0
"ARHGAP29" 0 -0.1 0 0 0 0 0 0 -0.08 -0.04 -0.13 -0.12 -0.02 0 -0.16 -0.08 -0.15 -0.06 -0.15 -0.04 -0.06
"CRIPT" -0.16 0 0 -0.13 -0.02 -0.18 -0.08 0 -0.17 0 -0.01 -0.13 -0.13 0 -0.21 -0.48 -0.33 0 -0.19 -0.06 -0.11
"AKAP6" 0 0 0 0 0.06 0 0 0 0 0 0 0.56 0 0 0 0 0 0 0 0 0.03
"CHST10" -0.01 0 0 0 0 0 0 0 0 0 0 0 0 0 0 0 0 0 0 0 0
"RPH3AL" 0.2 0.36 0.44 0.25 0.42 0.37 0.46 0.49 0.41 0.35 0.34 0.32 0.41 0.47 0.48 0.27 0.36 0.44 0.48 0 0.37
"POLR1C" 0 0 0 0 0 0 0 0 0 0 0 0 0 0 0 -0.07 0 0 0 0 0
"SEC22B" 0 0 0 0 0 0 0 0 0 0 0 0 0 0.13 0 0 0.02 0 0 0 0.01
"ABCG1" 0 0 0 0 0 0 0 0 0 0 -0.03 0 0 0 0 0 0 0 0 -0.24 -0.01
"SNCAIP" 0 0 0 0 0 0 -0.19 0 0 -0.04 0 -0.03 -0.01 0 0 -0.11 0 0 0 0 -0.02
"RGS6" 0 0 0 0 0 0 0 0 0 0 0 0 0 0 -0.17 0 0 0 0 0 -0.01
"ZNF592" 0.03 0 0.07 0 0 0 0 0 0.17 0.07 0 0 0 0 0.03 0.16 0 0.07 0.02 0 0.03
"GCC2" -0.16 -0.48 0 0 -0.99 -0.44 -0.75 -0.04 -0.47 -0.4 -0.97 -0.7 -0.22 -0.11 -0.55 -0.43 -1.21 -1.17 -0.08 -0.41 -0.48
"RALGPS1" 0 0 0 0 -0.25 0 0 -0.16 0 0 0 0 0 0 0 0 0 0 0 0 -0.02
"IQCB1" 0 0 -0.13 0 -0.01 -0.07 0 0 0 0 -0.3 0 0 0 0 -0.12 0 0 -0.03 0 -0.03
"PDE4DIP" -0.06 0 0 0 0 0 0 0 0 0 0 0 0 0 0 0 0 0 0 0 0
"SAFB2" 0 0 0 0 0 0 0 0 0 0 0 0 0 0 0 0.17 0 0 0 0 0.01
"SLC25A44" -0.06 0 -0.1 0 -0.24 -0.24 0 -0.04 -0.37 -0.12 -0.24 -0.16 -0.08 0 0 -0.18 -0.08 -0.3 0 -0.01 -0.11
"BZW1" 0 0 0.06 0 0 0 0 0 0 0 0 0 0 0 0 0 0 0 0 0 0
"RAB11FIP3" 0.96 0.71 0.45 0 0.67 1.02 0.84 0.21 0.82 0.53 1.06 0.78 0.46 0.68 0.67 0.91 0.3 0.61 0.49 0.87 0.65
"DCAF1" 0 0 0 0 0 0 0 0 0 0 0 0 0 0 0 -0.04 0 0 0 0 0
"MLEC" 0 0 0 0 0 0 0 0 0 0 0 0 0 0 0 0 0 0 -0.14 -0.03 -0.01
"KIAA0513" 0 0.15 0 0 0 0 0.09 0.03 0 0 0 0 0 0.1 0 0 0 0 0 0.09 0.02
"SUSD6" 0 0 0 0 0 0.01 0 0 0 0 0 0 0 0 0 0 0 0 0 0 0
"PLEKHM1" -0.24 -0.03 0 0 0 0 0 0 0 0 0 0 0 0 -0.15 0 0 0 0 0 -0.02
"PSMD6" -0.11 -0.07 -0.04 -0.1 -0.04 -0.21 0 -0.2 -0.17 -0.21 -0.14 0 0 -0.06 -0.08 0 0 -0.32 0 0 -0.09
"MAGI2" 0.64 1.37 1 1.19 1.07 1.76 0.59 0.68 0.72 0.39 0.53 0.61 0.92 1.63 0.55 0.41 0.92 0.72 1.9 1.34 0.95
"TRIM66" 0 -0.05 0 0 -0.19 0 -0.06 0 0 -0.01 0 0 0 0 0 -0.18 0 0 0 0 -0.02
"FCHSD2" 0 0 0 0 0 0.01 0 0 0 0 0 0 0 0 0 0 0 0 0 0 0
"URB1" 0 0 0 0 0 0 0 0 0 0 -0.07 0 0 0 0 0 -0.06 0 0 0 -0.01
"TBC1D4" 0 0 0 0.15 0 0 0 0 0 0.08 0 0 0.22 0.16 0 0.23 0.06 0.14 0 0 0.05
"SRGAP3" 0 0 0 0 0 0 -0.08 0 0 0 0 0 0 0 0 0 0 0 0 0 0
"SGSM2" 0 0 0 0 0 0 0 0 0 0 0 0 0 0 0 -0.04 0 0 0 0 0
"KBTBD11" 0 0.01 0 0 0 0 0 0 0 0 0.13 0 0 0 0 0 0 0 0 0 0.01
"RBM8A" 0 0 0 0 -0.08 -0.03 0 0 0 0 0 -0.04 0 0 0 0 0 0 0 0 -0.01
"USP15" -0.01 0 0 0 0 0 0 0 0 0 0 0 0 0 0 0 -0.2 0 0 0 -0.01
"THRAP3" 0 0 0 0 0.04 0 0 0 0 0 0 0 0 0 0 0 0 0 0 0 0
"RBX1" -0.08 -0.11 -0.01 0 0 0 0 0 0 0 0 0 0 0 0 -0.08 0 0 0 0 -0.01
"DMTF1" 0.31 0 0 0.31 0 0 0.6 0 0 0 0.1 0 0.04 0 0 0 0 0 0.22 0 0.08
"MED6" 0 0 -0.12 0 0 0 0 0 0 0 0 0 0 0 0 0 0 0 0 0 -0.01
"PIGK" 0.09 0.1 0 0 0 0 0 0 0 0.16 0.1 0.34 0.29 0.06 0.03 0.14 0 0.14 0 0 0.07
"ABCC9" 0 0 0 0 0 0 0 0 0 0 0.03 0 0 0 0 0.16 0 0 0.05 0 0.01
"UST" 0 0 0 0 -0.03 0 0 0 0 0 0 0 0 0 0 0 0 0 0 -0.03 0
"TSPAN3" 0 0 0 0 0 0 0 0 0 0 0 0 0 0 0 0 0 0 0 0 0
"CTDSP2" 0 0 0 0 0 0 0 0 0 0 0 0 0 0 0 -0.14 -0.04 0 0 0 -0.01
"SERF2" 0 0 0 0 -0.03 0 0 0 0 0 0 0 0 0 0 0 0 0 0 0 0
"RCL1" 0.21 0.34 0.22 0.15 0.07 0.21 0.31 0.2 0 0.12 0.27 0.21 0 0.19 0.03 0.05 0.38 0.2 0.09 0.14 0.17
"RBM6" 0 -0.26 0 0 0 0 -0.24 0 -0.48 0 -0.06 0 -0.71 0 0 -0.52 -0.87 -0.47 0 0 -0.18
"LHFPL6" 0.07 0 0 0 0 0 0 0.06 0 0 0 0.14 0 0.2 0 0.3 0 0.13 0 0.43 0.07
"RNF41" 0 -0.01 -0.11 0 -0.05 -0.03 0 0 0 -0.02 0 0 0 0 0 0 0 0 0 0 -0.01
"MPHOSPH10" 0 -0.05 0 0 0 -0.02 -0.12 -0.29 -0.08 0 -0.01 0 0 0 0 0 0 0 0 0 -0.03
"CALCRL" 0 0.05 0 0 0 0 0 0 0.06 0 0 0 0 0 0 0.09 0 0 0 0 0.01
"TOPORS" 0 0 0 0 0 0 0 0 0 0 0 0 0 0 0 0 0 0 0 -0.04 0
"CACNG3" -0.27 0 0 0 0 0 0 0 0 0 0 0 0 0 0 0 0 0 -0.14 0 -0.02
"CACNG2" 0 0 0 0 0 0 0 0 0 0 0 0 0 0 -0.1 0 0 0 0 0 0
"SEMA3A" 0.11 0.16 0.37 0.25 0.3 0.06 0.21 0.25 0.07 0.27 0.19 0.2 0.36 0.09 0.19 0.17 0.27 0.09 0.16 0.27 0.2
"NDRG1" 0 0 0 0 0 0 0 0 -0.04 0 0 0 0 0 0 0 0 0 0 0 0
"CPQ" 0 0 0 0 0 -0.2 0 0 0 0 -0.03 0 0 0 -0.02 0 0 -0.03 0 0 -0.01
"SPON1" 0 0 -0.1 0 0 0 0 0 0 0 0 -0.03 0 0 0 0 -0.03 0 0 0 -0.01
"CFDP1" 0 0 0 0 0 0 0 0 0 0 0 0.01 0 0 0 0 0 0 0 0 0
"OLFM1" 0 0 0 0 0 0 0 0 0 0 -0.36 0 0 0 0 0 0 0 -0.18 0 -0.03
"N4BP2L2" 0.08 0 0 0.11 0.13 0.01 0.47 0 0 0.8 0.59 0.24 0.98 0.12 0.03 0 0.24 0 0.01 0.6 0.22
"TIMM44" -0.03 0 0 0 -0.08 0 -0.13 0 0 0 0 -0.18 0 0 0 0 0 -0.01 0 0 -0.02
"ENOX2" 0 0 0 0 0 0 0 0 0 -0.16 0 0 0 0 0 0 0 -0.07 0 0 -0.01
"NCOA2" 0 0 0 0 0 0 0 0 0 0.21 0 0 0 0 0 0.31 0 0 0 0 0.03
"SEMA4B" -0.18 0 -0.1 0 0 0 0 0 -0.11 -0.1 0 0 0 0 0 0 0 0 0 0 -0.02
"SEMA3C" 0.5 0.34 0.41 0.26 0.32 0.32 0.24 0.32 0.34 0.36 0.32 0.35 0.05 0.44 0.14 0.38 0.38 0.36 0.27 0.52 0.33
"ATG7" 0 0 0 0 0 0 0 -0.3 0 0 0 0 0 0 0 0 0 0 0 0 -0.02
"ARFGEF2" 0 0 0 0.02 0.19 0 0 0 0 0 0 0 0 0 0.09 0 0 0 0 0 0.01
"TXNRD2" 0 0 0 0 0 0 0 0 0 0 0 -0.03 0 0 -0.05 0 0 0 0 0 0
"USP16" 0 0.08 0 0 0 0 0 0 0 0 0 0 0 0 0 0.02 0 0 0 0 0
"PRELID3A" 0 0 0 0 -0.13 0 0 0 0 0 0 0 0 0 0 0 0 0 0 0 -0.01
"CELF1" 0 -0.56 0 0 0 0 0 0 0 0 -0.08 0 -0.08 0 0 0 0 -0.21 -0.14 0 -0.05
"FARS2" 0.99 0.82 0.62 0.47 0.76 0.53 0.03 1.34 1.28 1.46 1.03 0.86 0.42 0 0.91 0.98 1.56 1.03 0.27 0.78 0.81
"AVIL" 0 0 -0.01 0 -0.09 0 0 0 0 0 0 0 0 0 0 0 0 -0.1 0 -0.08 -0.01
"NFAT5" -0.98 -1.49 -0.48 -0.15 -0.94 -1.43 -0.58 0 -1.06 -1.07 -0.23 -0.66 -0.28 -0.14 -0.18 -0.98 -0.45 -0.76 -0.73 -0.35 -0.65
"RFPL2" -0.23 -0.48 -0.45 -0.08 -0.28 -0.28 -0.44 -0.49 -0.42 -0.28 -0.47 -0.3 -0.32 -0.27 -0.14 -0.6 -0.4 -0.43 -0.25 -0.5 -0.35
"KIF1C" 0 0 0 0 0 0 0 0 0 0 0.06 0 0 0 0 0 0 0 0 0 0
"AHCYL1" 0 0 -0.02 0 0 0 0 0 0 0 0 0 0 0 0 0 0 0 0 0 0
"ARPP21" 0 0 0 0 0 0 0 0 0 0 0 0 0 0 0 0 0 -0.15 0 0 -0.01
"WASF3" 0.29 0.33 0.39 0 0 0.2 0 0.15 0 0 0.18 0.3 0.37 0.16 0.3 0 0.37 0 0 0 0.15
"NEU3" 0 0 0 0 0 0 -0.07 0 0 0 0 0 0 0 0 0 0 0 0 0 0
"TUBGCP2" 0 0 0 0 0 0 0 0 0 0 0 0 -0.01 0 0 0 0 0 0 0 0
"PDE10A" 0.64 0.28 0.65 0.7 0.91 0.83 0.86 0.7 0.62 0.37 0.78 0.87 0.9 0.41 0.46 0.93 0.62 1.01 0.37 0.86 0.69
"CYP46A1" -0.69 -0.8 -0.53 -0.9 -0.84 -1 -0.49 -0.41 -0.68 -1.19 -0.64 -0.75 -1.25 -1.06 -1.01 -0.76 -0.73 -0.68 -0.61 -1.09 -0.81
"RAB10" 0 0 0 0 0 0 0 0 0 0 0 0 0 0 0 0.3 0 0 0 0 0.01
"PPARGC1A" 0 0 0 0 0 0 0 0 0 0 0 0 0 0 0 0.17 0 0 0 0 0.01
"PAPOLA" 0 0 0 0 0 0 0 0.09 0 0 0 0 0 0 0 0 0 0 0 0 0
"C11orf58" 0 0 0 0 -0.17 0 -0.16 -0.28 0 0 -0.01 0 0 0 0 0 0 0 -0.09 0 -0.04
"PDIA5" 0 0 0 0 0 0 0 0 0 0 0 0 0 0 0 0 0 0 0 0 0
"COPS5" 0 0 0 0 0 0 0 0 0 0 -0.22 0 0 0 0 -0.07 -0.09 0 0 0 -0.02
"IMMT" 0 0 0 0 0 0 0 0 0 0 0.05 0 0 0 0 0 0 0 0 0 0
"ADAP1" 0 0 0 0 0 0 0 0 0 0 0 0 0 0 -0.04 0 0 0 0 0 0
"WWP2" 0 0.28 0 0 0.05 0 0 0 0 0 0 0 0 0 0 0 0.08 0 0 0 0.02
"DUSP14" 0 0 0 0 0 0 0 0 -0.02 0 0 -0.11 0 0 0 -0.01 -0.13 -0.04 0 0 -0.02
"ADAMTS13" 0 0 0 0 0.01 0 0 0 0 0 0 0 0 0 0 0 0 0.04 0 0 0
"ADAMTS8" 0 0 0 0 0 0 0 0 0 0 0 0 0 0 0 0 0 0 0 -0.08 0
"HNRNPUL1" 0 0 0 0 0 0 0 0 0 0 0 0 0 0 0 0 0 0 0 0 0
"ATE1" 0 0 0 0 0 0 0 0 0 0.1 0 0 0 0 0 0 0 0 0 0 0
"PRDM5" 0 0 0 0 0 0 0.01 0 0.07 0 0.16 0 0.01 0.04 0 0.06 0 0 0 0 0.02
"TBC1D8" 0.35 0.11 0 0.02 0 0 0.04 0 0 0 0.12 0.11 0.01 0 0.21 0 0.1 0.33 0 0 0.07
"KAT7" 0 0 0 0 -0.06 0 0 0 0 0 0 0 0 0 0 0 0 0 0 0 0
"PSIP1" 0 0 0 0 0 0 0 0 0 0.01 0 0 0 0 0 0 0 0 0 0 0
"BAZ2A" 0 0 0 0 0 0 0 0 0 0 0 -0.08 0 0 0 -0.29 -0.05 0 0 0 -0.02
"WDR6" 0 0 0 0 0 0 0 0 0 0 0 0 0 -0.1 0 0 0 0 0 0 0
"PLPBP" 0 0 0 0 0 0 0 0 0 0 0 0 0 0 0 0.01 0 0 0 0 0
"GPR176" 0 0 0 0 0 0.07 0 0 0 0 0 0 0.05 0.08 0 0 0 0 0 0 0.01
"SYNRG" 0 0 0 0 0 0 0 0 0 0.01 0 0 0 0 0 0 0 0 0 0 0
"STK38" 0 -0.17 0 -0.02 0 -0.13 -0.32 -0.13 -0.57 -0.03 -0.59 -0.03 -0.34 0 -0.36 -0.41 -0.14 0 -0.39 -0.09 -0.19
"U2AF2" 0 0 0.18 0 0 0 0 0 0 0 0 0 0 0 0.17 0 0 0 0 0 0.02
"COG2" 0 0 0 0 -0.04 0 0 0 0 0 -0.09 0 -0.01 -0.08 0 0 0 0 0 -0.06 -0.01
"XRN2" 0 0 0.17 0 0 0 0 0.21 0 0.28 0.29 0 0 0 0 0 0.11 0 0 0 0.05
"RASA3" 0 0 0.08 0 0.03 0 0 0 0 0.19 0 0 0.03 0 0.11 0.12 0 0 0.15 0 0.04
"HSPA4L" 0 0.12 0 0 0 0 0.14 0 0 0.05 0 0 0 0 0.07 0 0 0.04 0 0 0.02
"VASH1" 0 0 0 0 0 0 -0.15 0 -0.05 0 0 0 0 0 0 0 0 0 0 0 -0.01
"LMTK2" -0.1 0 0 0 0 0 0 0 0 0 0 0 0 0 0 -0.5 0 0 0 0 -0.03
"NTNG1" -0.16 -0.1 0 0 -0.08 0 0 0 0 -0.1 0 -0.04 -0.02 0 -0.08 0 -0.03 0 0 0 -0.03
"ADGRL1" 0 0 0 0 0 0 0 0 0 0 -0.14 0 0 0 0 0 0 0 0 0 -0.01
"ATG14" 0 0 0 0 0 0 0 -0.01 0 0 0 0 0 0 0 0 0 0 0 0 0
"PPP6R1" 0 0 0 0 0 0 0 0 0 0 0 0 -0.03 0 0 0 0 0 -0.01 -0.02 0
"SEC31A" 0 0 0 0 0 0 0 0 0.01 0 0 0 0 0 0 0 0 0 0 0 0
"ENPP4" 0 0.01 0 0 0 0 0 0 0 0 0.02 0 0 0 0 0 0 0 0 0 0
"INPP5F" 0.56 0.56 0.48 0.14 0.85 0.18 0.18 0.4 0.73 0.31 0.31 0.23 0.34 0.02 0.35 0.62 0.56 0.9 0.28 0.4 0.42
"TRAPPC8" 0 0 0 0 0 0 0 0 0 0.06 0 0 0 0 0 0 0 0 0 0 0
"ZHX2" -0.08 0 -0.01 -0.16 -0.06 -0.05 -0.13 -0.06 0 0 0 0 0 0 -0.06 0 0 0 0 0 -0.03
"ABLIM3" 0 0 0 0 0 0.07 0 0 0 0 0 0.01 0 0 0.14 0 0 0 0 0 0.01
"UBOX5" 0 0 0 0 0 0 0 0 0 0 0 0 0 0 0 0 0 0.03 0 0 0
"ZBTB1" 0 0 0.21 0 0 0 0 0 0 0 0 0 0 0 0 0 0.02 0 0 0 0.01
"BAHD1" 0 0 0 0 -0.03 0 0 0 0 0 0 0 -0.19 -0.15 0 -0.05 0 -0.15 0 -0.05 -0.03
"DIS3" 0 0.1 0 0.02 0 0 0 0 0 0 0 0 0 0 0 0 0.2 0 0 0 0.02
"SACM1L" 0 0 0 0 0 0 0 0 0 0 0 0 0 0 0 0 0.04 0 0 0 0
"SHANK2" -0.2 0 -0.04 0 0 -0.07 0 0 0 -0.11 0 -0.36 -0.43 0 0 0 0 -0.24 -0.1 0 -0.08
"SLC4A1AP" 0 0 0 0 0 0 0 0 0 0 0.23 0 0 0 0 0 0 0 0 0 0.01
"RIMS1" -1.57 -0.65 -0.76 -0.1 -0.85 -1.1 -0.48 -0.5 -1.14 -0.86 -0.96 -0.66 -0.62 -0.2 -0.87 -1.01 -0.59 -1.05 -0.71 -1.18 -0.79
"PLCH1" 0.35 0.33 0.35 0.28 0.41 0.38 0.31 0.25 0.29 0.37 0.39 0.44 0.37 0.22 0.42 0.57 0.38 0.35 0.18 0.39 0.35
"PDZRN3" -0.04 0 0 0 -0.47 0 0 0 0 0 -0.3 -0.23 0 0 -0.17 -0.14 0 0 0 0 -0.07
"TNIK" 0 0 0 0 0 0 0 0 0.16 0 0 0 0 0 0 0 0 0 0 0 0.01
"KIF21B" 0 0 0 0 0 0 0 0 0 0 -0.01 0 0 0 0 0 0 0 0 0 0
"CMTR1" 0 0 0 0 0.09 0 0 0 0.27 0 0.06 0 0 0 0 0.07 0.2 0.07 0 0 0.04
"RRP1B" 0 -0.18 0 -0.03 0 -0.07 -0.01 -0.08 0 -0.16 -0.15 -0.08 -0.2 0 -0.11 -0.12 -0.22 0 0 0 -0.07
"VWA8" 0 0 0 0 0 0 0 0 0 0 0.31 0 0 0 0 0 0 0 0 0 0.02
"IQSEC2" 0 0 0 0 -0.05 0 0 0 -0.29 -0.18 0 0 0 0 0 0 0 0 0 0 -0.03
"MCF2L2" 0 0 0 0 0 0 0.12 0 0 0 0 0 0 0 0 0 0 0 0 0 0.01
"SPART" 0 0 0 0 0 0 0 0 0.14 0 0 0 0 0.03 0 0 0 0 0.05 0 0.01
"HIC2" -0.08 -0.13 -0.41 -0.16 -0.25 -0.22 -0.07 0 0 -0.13 -0.26 -0.15 -0.47 -0.06 0 -0.13 -0.21 -0.23 -0.11 -0.03 -0.15
"PLXND1" 0 0 0 0 0 -0.17 0 -0.08 -0.01 0 0 0 0 0 0 -0.14 0 0 0 0 -0.02
"EPB41L3" 0 0 0 0.15 0 0 0.17 0 0.39 0 0.2 0 0.01 0 0 0 0 0 0 0 0.05
"LRCH1" 0 0 0 0 0 0 0 0 0.39 0 0 0 0 0 0 0 0 0 0 0 0.02
"ZC3H3" 0 0 0 0 0 0 0 0 0 0 0 0 0 0 0 0 0 0 0 -0.02 0
"METAP1" 0 0 0 0 0 -0.27 0 0 0 0 -0.2 0 0 0 0 -0.02 0 -0.18 0 0 -0.03
"LARP4B" -0.38 0 0 0 -0.16 0 0 0 -0.27 -0.01 0 0 0 0 0 0 0 -0.4 0 0 -0.06
"FAM168A" 0 0 0 0 0 -0.12 0 0 0 0 0 0 0 0 0 0 0 0 0 0 -0.01
"PRRC2C" 0 0 0 0 0 0 0 0 0 0 -0.2 -0.39 0 0 0 0 0 0 0 0 -0.03
"TBC1D1" 0 0 0 0 0 0 0 0 0 0 0.34 0.34 0 0 0 0 0 0 0 0 0.03
"PHLPP1" 0 0 0 0 -0.05 0 -0.28 0 0 -0.32 0 0 0 0 -0.08 0 0 0 0 0 -0.04
"PACS2" 0.1 0 0 0 0 0 0 0 0 0 0 0 0 0 0 0 0 0 0 0 0.01
"ANKRD12" 0 0 0 0 0 -0.18 0 0 0 -0.15 0 0 0 0 0 0 0 0 0 -0.1 -0.02
"KAZN" 0 0 0 0 0 0 0 0 -0.02 0 0 0 0 0 0 0 0 0 0 0 0
"MCF2L" 0.22 0 0 0 0 0.1 0 0 0 0.05 0.31 0 0 0 0.02 0.02 0.33 0.06 0.2 0 0.07
"KIF13B" 0 0 0.19 0.12 0 0 0 0 0 0 0.11 0 0 0 0 0 0 0.02 0.06 0 0.03
"TRIM2" 0 0 0 0.13 0 0 0.14 0 0 0 0 0 0 0 0 0 0 0 0 0 0.01
"SASH1" 0 0 0 0 0 0 -0.01 0 0 0 0 0 0 0 0 0 0 0 0 0 0
"VPS39" 0 0 0 0 0 0 0 0 0 0 -0.11 0 0 0 0 0 0 0 0 0 -0.01
"PHF24" 0 0 -0.01 0 0 -0.16 0 -0.03 -0.04 0 0 0 -0.15 0 0 0 0 0 -0.05 0 -0.02
"SMG5" -0.13 -0.03 0 -0.03 0 0 0 0 0 0 0 0 0 0 0 0 0 0 0 -0.24 -0.02
"SIK3" -0.24 0 0 0 -0.02 0 0 0 -0.19 0 -0.28 -1.08 0 0 -0.26 0 -0.5 -0.22 0 -0.61 -0.17
"ZDHHC17" 0 0 0 0 0 0 0 0 0 0 0.13 0 0 0 0 0 0 0 0 0 0.01
"NCS1" 0 0 0 0 0 -0.01 0 0 0 0 0 0 0 0 0 0 0 0 0 0 0
"KCNH4" 0 0 0 0 0 0 -0.15 0 0 0 0 -0.03 0 0 0 0 0 0 0 0 -0.01
"NOMO1" 0 0 0 0 0 -0.02 0 0 0 0 0 0 0 0 0 -0.08 0 0 0 0 0
"ITGB3BP" -0.09 0 0 0 -0.3 0 0 0 0 -0.29 0 0 -0.3 0 0 0 -0.05 0 0 0 -0.05
"TDRD7" 0 0 0 0 0 0 0 0 0 0 0 0 0 0 0 0.01 0 0 0.02 0 0
"RHOQ" 0.07 0.1 0.46 0 0.01 0.13 0 0 0.16 0 0.17 0 0.01 0 0.24 0.05 0 0.02 0 0.03 0.07
"ABCA6" 0 0.28 0 0 0.13 0 0 0 0 0.06 0 0 0.19 0.12 0.3 0 0.3 0.26 0 0 0.08
"MACF1" 0 0 0 0 0 0 0 0 0 0 -0.7 0 0 0 0 0 0 0 0 0 -0.03
"SPIDR" -0.22 -0.8 -0.24 -0.45 -0.07 -0.58 -0.38 -0.42 -0.83 -0.84 -0.8 -0.05 0 -0.67 -0.35 -0.5 -1.61 -0.31 -0.22 -0.5 -0.49
"SLC39A14" 0 0 0 0 0 0 0 0 0 0 0 0 0 0 0.11 0 0 0 0 0 0.01
"R3HDM1" -2.02 -1.71 -1.93 -2.62 -1.4 -3 -3.06 -1.98 -1.86 -1.82 -2.19 -2.25 -2.39 -1.4 -1.91 -2 -1.67 -3.09 -2.66 -2.53 -2.17
"SRRM2" 0 0 0 0 0 0 0 0 0 0 0.01 0 0 0 0 0 0 0 0 0 0
"SEC14L2" 0 0 -0.05 -0.1 0 0 0 -0.18 0 0 0 0 0 0 0 0 0 0 0 0 -0.02
"SEZ6L" 0.18 0.31 0.33 0 0.24 0.1 0.09 0 0.21 0.17 0.06 0 0 0 0.2 0.42 0.17 0 0 0 0.12
"ATP6V0A2" 0.02 0 0 0 0 0 0 0 0 0 0 0 0 0 0 0 0 0 0 0 0
"DDAH1" 0.26 0.54 0.31 0 0 0 0 0.42 0.32 0.06 0.32 0.34 0.28 0.45 0.26 0.14 0.16 0.38 0.31 0.21 0.24
"CCNDBP1" 0 0 0 0 -0.26 -0.11 -0.23 -0.01 -0.18 0 -0.09 0 0 0 -0.29 -0.31 -0.12 -0.06 0 -0.25 -0.1
"LEMD3" 0 0 0 0 0 -0.36 0 0 0 0 0 -0.17 0 0 0 0 0 0 0 0 -0.03
"PLD3" 0 0 0 -0.02 0 0 0 0 0 0 0 0 0 0 0 0 0 0 0 0 0
"KIAA1549L" 0 0 -0.22 0 0 0 0 0 -0.44 0 0 0 -0.13 -0.04 0 -0.54 0 0 -0.21 0 -0.08
"TBC1D22A" 0 0 0 0 0 0 0 0 -0.08 0 -0.01 -0.01 0 0 0 0 0 0 -0.27 -0.01 -0.02
"GCA" 0 0 0 0 0 0 0 0 0 0 0.02 0 0 0 0 0.05 0 0 0 0 0
"ARIH1" 0.54 0 0 0 0 0 0 0 0 0 0.32 0.25 0.03 0 0 0 0 0 0 0.71 0.09
"NIPBL" 0 0 0 0 0 0 0 0 0 0 0.18 0.14 0 0 0 0 0 0 0 0 0.02
"INTS7" 0 0 0 0 -0.08 0 0 0 0 0 0 0 0 0 0 0 0 0 0 0 0
"AHCTF1" 0 0 0 0 0.05 0 0 0 0 0 0 0 0 0 0 0 0 0 0 0 0
"WWTR1" 0 0 0 0 0 0 0 0 0 0 0 0 0 0 0 0 0 0 0 0 0
"SYF2" -0.04 0 0 0 0 0 0 0 0 0 0 0 0 0 0 0 0 0 0 0 0
"TMEM87A" 0 0 0 0 0 -0.06 0 0 0 -0.06 0 0 0 0 0 0 0 -0.08 0 0 -0.01
"DNAH1" 0 -0.16 -0.01 0 -0.03 -0.31 -0.13 -0.02 -0.08 -0.05 -0.19 0 -0.38 -0.18 -0.42 0 -0.13 0 -0.03 0 -0.11
"HINFP" 0 0 0 0 0 0 0 0 0 0 0 0 0 0 0 -0.06 0 0 0 -0.1 -0.01
"TBC1D10B" -0.01 -0.01 0 0 0 -0.05 0 0 0 0 0 0 0 -0.03 0 0 0 0 0 0 0
"SUSD5" 0 0 0 0.1 0 0.1 0.05 0 0 0 0 0 0 0 0 0 0 0.06 0 0.01 0.02
"SS18L1" 0.31 0 0 0 0 0.26 0.03 0 0 0 0.04 0.18 0.21 0.06 0.23 0 0 0.33 0.04 0 0.08
"SETBP1" 0 0 0 0 -0.58 0 0 -0.19 -0.01 0 -0.1 -0.11 0 0 0 0 0 -0.06 0 0 -0.05
"SENP6" 0 0 0 0 0 0 0 0 0 0 0 0 0 0 0 0 0 0 0 0 0
"HACL1" 0 0 0 0 0 0 0 0 0 0 0 -0.1 0 0 0 0 0 -0.04 0 0 -0.01
"GGA1" -0.12 -0.18 0 0 -0.25 -0.27 -0.2 0 -0.1 0 0 -0.02 0 0 0 -0.05 -0.03 0 0 0 -0.06
"RSL1D1" -0.18 0 -0.36 -0.13 -0.28 -0.06 -0.16 -0.17 -0.21 0 -0.41 -0.36 -0.28 0 -0.01 -0.27 -0.3 -0.42 0 -0.16 -0.19
"INTS1" 0 -0.01 0 -0.22 -0.23 0 -0.02 -0.03 -0.04 -0.1 -0.12 -0.08 0 -0.01 0 0 -0.31 -0.17 -0.21 0 -0.08
"OR2L2" 0 0 0 0 -0.08 0 0 0 -0.03 0 0 0 -0.05 0 0 0 0 -0.01 -0.08 0 -0.01
"SEZ6L2" 0 0 0 0 0 0 0 0 0 0 0 0 0 0 0 0 0 0 -0.08 0 0
"SLC17A5" 0 0 0 0 0 0 0 0 0 -0.08 0 0 0 0 0 -0.09 0 -0.03 0 -0.01 -0.01
"RPS6KC1" 0 0 0 0 0 0 0.08 0 0 0 0 0 0 0 0.26 0 0 0.14 0 0 0.02
"COPG2" 0 0 0 0 0 0 0 0 0.04 0 0 0.11 0 0 0 0.03 0 0 0 0 0.01
"PELP1" 0 0 0 0 0 0 0 0 0 0 0 0 0 -0.01 0 0 0 0 0 -0.1 -0.01
"PPA2" 0 0.14 0.14 0 0.36 0 0.44 0.48 0.55 0.03 0.38 0.26 0.3 0 0.16 0.77 0.47 1.05 0 0.21 0.29
"MTBP" 0 0 0 0 0 0 0 0 0 0 0 0 0 0 0 0 0.08 0 0 0 0
"EIF2AK1" 0 0 0 0 0 0 0 0 0 0 0 0.12 0 0 0 0 0 0 0 0 0.01
"PDE7B" 0 0 0 0 -0.22 0 0 0 0 0 0 0 0 0 0 0 0 0 0 -0.03 -0.01
"DKK2" -0.1 -0.08 -0.03 0 0 -0.15 -0.03 -0.02 0 0 -0.19 0 -0.01 0 0 0 -0.09 -0.05 -0.12 0 -0.04
"FILIP1" 0 0 0 0 0 0 0 0 0 -0.05 0 0 0 0 0 0 0 0 0 0 0
"DENND2A" 0 0 -0.16 0 0 -0.01 0 -0.07 -0.06 -0.05 -0.01 0 0 0 0 0 -0.01 -0.14 0 -0.13 -0.03
"INTU" 0 0 0 0 0 0 0 0 0 0 0 0 0 0 0 0 0 0 0 -0.02 0
"BBS9" 0.31 0 0 0 0 0 0 0 0 0 0.39 0 0 0 0 0 0 0 0 0 0.04
"ERLEC1" 0 0 0 0 -0.06 0 0 0 0 0 0 0 0 0 0 0 0 0 0 0 0
"PCDH17" 0 0 0 0.03 0 0 0 0 0 0 0 0 0 0 0 0.09 0.01 0 0 0 0.01
"RAB30" -0.09 0 0 0 0 0 0 0 0 0 0 -0.02 -0.05 0 0 0 -0.09 0 0 0 -0.01
"PGAP2" 0 -0.12 0 -0.05 -0.03 0 0 0 0 0 0 -0.05 0 0 0 0 -0.07 -0.16 0 0 -0.02
"PRPF19" 0 0 0 0 0 0.12 0 0 0 0 0 0 0 0 0.03 0 0 0 0 0 0.01
"UTP20" 0 -0.23 0 0 0 0 0 -0.12 -0.58 0 -0.05 0 0 -0.09 0 -0.15 0 0 0 0 -0.06
"RRP7A" 0 0 0 0 0 0 0 0 0 0 0 0 -0.14 0 0 0 0 0 0 0 -0.01
"DESI1" 0 0 0 0 0 0 0 0 -0.02 0 0 0 0 0 0 -0.13 0 0 0 0 -0.01
"DBNL" 0 0 0 0 0 0 0 0 0 0 0 0 0.04 0 0 0 0 0 0 0 0
"ZC3H7A" -0.06 0 0 0 0 0 0 0 0 0 0 -0.1 0 0 0 -0.28 0 0 0 0 -0.02
"OLA1" 0 0 0 0 -0.12 0 0 -0.06 -0.06 0 0 0 0 0 0 0 -0.34 -0.09 0 -0.17 -0.04
"SNX8" 0 0 0 0 0 0 0 0 0 0 0 0 0 0 0 0 0 0 0 -0.02 0
"STRN4" 0 0 0 0 -0.16 -0.01 0 0 0 -0.07 0 -0.12 0 -0.23 0 0 0 -0.16 0 -0.14 -0.04
"EEF2K" 0 0 0 0 0 0 0 -0.06 0 0 0 0 0 0 0 0 0 0 0 0 0
"ST8SIA5" 0 0 0 0 0 0 0 0 -0.01 -0.19 -0.17 0 0 -0.18 0 0 0 -0.22 -0.21 0 -0.05
"NME7" -0.42 -0.44 -0.26 0 -0.3 0 0 -0.1 -0.2 0 0 -0.13 -0.36 -0.21 -0.2 -0.13 -0.44 -0.2 -0.2 -0.69 -0.21
"ALG6" 0 0 0 0 0 0 0 0 0.05 0 0 0 0 0 0.01 0 0 0 0 0 0
"SLC25A24" 0 0 0 0 -0.05 0 0 0 0 0 0 0 0 0 0 0 -0.01 0 0 0 0
"SH3KBP1" 0 -0.15 -0.22 0 -0.04 -0.66 -0.1 0 -0.24 0 -0.19 0 -0.31 0 -0.04 0 0 -0.16 0 0 -0.1
"DNTTIP2" 0 0 -0.06 0 -0.14 0 0 0 0 0 0 0 0 0 0 0 -0.08 0 -0.03 0 -0.02
"SPOCK3" 0 0.07 0.09 0.16 0 0.02 0 0 0 0 0.04 0 0 0.04 0 0 0 0 0 0.02 0.02
"SLC35B3" 0 0 0 0 0 0 0 -0.03 0 0 -0.04 0 0 0 0 0 0 0 0 0 0
"GLOD4" 0 0 0 0 0 0 0 0 0 0 0 0 0 0 0.09 0 0 0 0 0 0
"WDPCP" 0 0 0 0 0 0 0 0 0 0 0 0.04 0 0 0.42 0 0 0 0 0 0.02
"GOLGA7" 0 0 0 0 0 0 0 0 0 0 0 -0.07 0 0 0 0 0 0 0 0 0
"CEP83" 0 -0.23 -0.16 0 0 -0.04 -0.1 -0.03 0 0 0 -0.08 0 -0.16 0 -0.02 0 0 -0.27 -0.38 -0.07
"HSD17B11" 0 0 0 0 0 0 0 0 0 0 0 0 0 0 0 0 0 0 0 0 0
"PLEKHO1" 0 0.04 0 0 0 0 0 0 0 0 0 0 0 0 0 0 0 0 0 0 0
"ZDHHC2" 0 0 0 0.14 0 0.05 0 0 0 0 0 0 0 0 0 0 0 0 0 0 0.01
"ACP6" 0.06 0.14 0 0 0 0.04 0 0 0 0 0 0 0 0 0.01 0 0 0 0.18 0.2 0.03
"PAIP2" 0 0 0 0 0 0 0 0 0 0 0 0 0.12 0.03 0 0 0 0.03 0 0 0.01
"NT5C3A" 0 0 0 0 0 0 0 0.04 0.07 0 0 0 0 0 0 0 0 0 0 0 0.01
"TBC1D7" 0 0 0 0 -0.02 0 0 0 0 0 0 0 0 0 0 0 0 0 0 0 0
"CDKL3" 0 0 -0.05 -0.04 -0.37 0 0 -0.27 0 0 0 -0.07 0 0 0 0 0 -0.16 0 0 -0.05
"TIMMDC1" 0 0 0 0 0 0.03 0 0 0 0 0.07 0.21 0.05 0 0 0 0 0.02 0 0.21 0.03
"FAM53C" 0.18 0 0 0 0 0 0 0 0 0 0 0 0 0 0 0 0 0 0 0 0.01
"REEP2" 0 0 0 0 0 0 0 0 0 0 0 0 0 0 0 -0.05 0 0 0 0 0
"PHF21A" 0 0 0 0 0 0 0 0 0 0 0 0 0 0 0.04 0 0 0 0 0 0
"MRPL35" 0 0 0 0 0 0 0 0 0.04 0 0 0 0 0 0 0 0 0 0 0 0
"ARL17A" 0 -0.11 -0.04 -0.29 -0.16 0 -0.09 -0.28 -0.21 -0.19 -0.14 0 -0.08 -0.2 0 -0.21 -0.34 -0.01 -0.26 -0.15 -0.14
"ARL6IP4" 0 -0.01 0 0 0 0 0 0 0 0 0 0 0 0 0 0 -0.06 0 0 0 0
"ZNF771" 0 0 0 0 0.14 0 0 0 0 0 0 0 0 0 0 0.15 0 0 0 0 0.01
"MBTPS2" 0 -0.01 0 0 0 0 0 0 0 -0.01 0 0 0 0 -0.01 0 0 -0.02 0 0 0
"UBR5" 0 0.27 0 0 0 0.51 0 0.13 0.54 0 0.03 0.36 0 0 0.41 0.66 0.21 0.19 0 0.36 0.18
"EIF3L" 0 0 0 0 0 0 0 0 0 0 0 0 0 0 0 -0.13 0 0 0 -0.14 -0.01
"AIG1" 0 0.57 0 0 0.26 0 0 0 0 0 0 0 0 0 0 0 0 0 0 0.1 0.05
"PPME1" 0 0 0 0 0 0 0 0 0 0 0 0 0 0 0 -0.09 0 0 0 0 0
"NOL7" -0.23 0 -0.13 0 -0.08 -0.11 0 0 0 -0.24 -0.09 0 -0.19 0 -0.03 -0.25 -0.03 -0.02 0 0 -0.07
"SFMBT1" 0 0 0 0 -0.04 -0.1 0 0 -0.09 0 0 0 -0.04 0 0 0 0 -0.23 0 0 -0.02
"UBE2J1" 0 0 0 0 0 -0.17 0 0 0 0 0 0 0 0 0 0 0 0 0 0 -0.01
"DCDC2" -0.03 0 0 0 0 -0.04 0 0 -0.04 -0.07 0 0 0 0 -0.13 0 0 0 -0.02 -0.02 -0.02
"PHF7" 0 0.22 0 0 0 0 0 0.04 0 0 0.04 0 0 0 0 0 0.12 0 0 0 0.02
"PEX5L" -0.3 -0.3 0 0 -0.57 -0.15 0 0 -0.25 -0.36 0 0 -0.15 0 -0.14 0 -0.01 -0.61 0 -0.28 -0.16
"TDP2" 0 0 0 0 0 0 0 0 0 0 0 0 0 0 0 0 0.07 0 0 0 0
"UFM1" 0 0 0 0.1 0 0 0 0 0 0 0 0 0 0 0 0 0.15 0 0 0 0.01
"PIAS4" 0 0 0 0 -0.18 0 0 0 0 0 0 0 -0.02 0 0 0 0 0 0 0 -0.01
"NBAS" 0 0 0 0 0 0 0 0 0 0 0 0 0 0 0 0 0 0 0.31 0 0.02
"PTRH2" 0 0 0 -0.01 0 0 0 0 0 0 0 0 0 0 0 0 0 0 0 0 0
"RAB23" 0 0 0 0 0 0 0 0.01 0 0 0 0 0.07 0 0 0.19 0.02 0 0 0.12 0.02
"KDM3B" 0 -0.07 0 0 0 0 0 0 0 0 0 0 0 0 -0.01 0 0 0 0 0 0
"IL17D" 0 -0.03 0 0 0 -0.09 0 -0.09 0 0 0 0 -0.02 0 -0.08 -0.06 0 0 0 0 -0.02
"CLIC5" 0 0 -0.15 0 0 -0.07 0 0 0 0 0 0 0 0 -0.05 -0.03 0 0 0 0 -0.01
"FXYD7" 0 -0.15 0 0 0 0 -0.4 0 -0.11 0 0 0 -0.03 -0.03 -0.1 0 0 -0.01 0 -0.05 -0.04
"RBM11" 0 0 0 0 0 0 0 0 0 0 0.23 0 0.07 0 0 0 0 0.01 0 0 0.02
"SETD4" 0.06 0 0 0 0 0 0 0 0 0 0 0.04 0 0 0 0 0 0 0 0 0.01
"SSH1" 0 0 0 0 0 0.15 0 0 0.26 0 0 0 0.01 0 0 0 0 0 0 0 0.02
"MRPS21" 0 0 0 0 0 0 0 0 0 0 0 0 0 0 0 0.33 0 0.01 0 0 0.02
"ZFAND6" 0 0 0 0 0 0 0 0 0 0 0 0 0 0 0 0 0 0.18 0 0 0.01
"TRMT13" 0 0 0 0 0 0 0 0 0 0 0 0 0 0 0 0 0 0 -0.01 0 0
"SHLD2" 0 0.29 0 0 0 0 0 0 0 0 0.07 0 0 0 0 0.1 0 0 0 0 0.02
"SDK2" 0 0 0 0 0 0 0 0 0 0 0 0 0 0 0 0.01 0 0 0 0 0
"LZTFL1" 0.13 0.02 0.09 0 0.07 0.26 0.1 0 0.29 0.26 0.31 0.47 0.18 0.06 0.38 0.09 0 0.28 0.29 0 0.16
"NDFIP2" 0 0 0 0 0.44 0 0 0.19 0 0 0 0 0 0 0 0 0 0 0 0 0.03
"VSIG10" 0 0 0 0 -0.1 0 0 0 0 0 0 0 0 0 0 0 0 0 0 0 0
"LRRN3" 0 0 0 0 0 0 0 0 -0.08 -0.12 0 0 0 0 -0.05 0 0 -0.12 0 0 -0.02
"KLHDC4" 0 0 0 0 0 0 0 0 0 0 0 0 0 0 -0.03 -0.07 -0.25 -0.02 -0.02 -0.02 -0.02
"PPP1R12C" -0.01 0 0 0 -0.13 0 0 0 -0.16 0 -0.11 0 0 0 0 0 0 0 0 0 -0.02
"TET2" 0 0 0 0 0 0 0 0 0 0 0 0 0 0 0 0.08 0 0 0 0 0
"ZNF586" 0 0 0 0 0 0 0 0 0 -0.26 0 0 0 0 0 0 0 0 -0.07 0 -0.02
"APTX" -0.05 -0.04 0 0 0 -0.17 0 0 -0.29 -0.2 -0.42 -0.06 0 0 -0.46 -0.34 0 0 -0.31 -0.14 -0.12
"SYTL2" -0.27 -0.16 -0.44 0 0 -0.23 0 0 -0.08 -0.07 -0.06 0 -0.73 0 -0.4 -0.23 -0.15 -0.13 -0.26 -0.05 -0.16
"SIDT1" 0 0.11 0 0 0 0 0 0 0 0 0 0 0 0 0 0 0 0 0.14 0 0.01
"PGPEP1" 0 0 0 0 0 0 0 0 0 0 0 0 0 0 0 0 0 -0.09 0 0 0
"CC2D1A" -0.36 -0.23 -0.79 -0.44 -0.42 -0.25 -0.37 -0.17 -0.22 -0.72 -0.12 -0.11 -0.29 -0.64 -0.31 -0.13 -0.33 -0.09 -0.64 -0.31 -0.35
"PIGG" 0 0 0 0 0 0 0 0 0.06 0 0 0 0 0 0 0 0 0.06 0 0.02 0.01
"PALMD" 0 0 0 0 -0.01 0 0 0 0 0 -0.01 0 0 0 0 0 0 0 0 0 0
"DCAF16" 0 0 0 0 0 0 0 0 0 0 0 0 0 0 0 0 0 0.06 0 0 0
"TTC19" 0 -0.13 0 0 0 0 -0.08 -0.01 0 0 0 0 0 -0.51 0 0 0 0 0 0 -0.04
"EXD3" 0.09 0 0 0 0 0 0 0 0 0 0 0 0 0 0 0 0 0 0 0 0
"KANSL2" 0 0 0 0 0.08 0 0 0 0.02 0 0 0 0 0 0.14 0.02 0 0 0 0 0.01
"TRNAU1AP" -0.23 -0.07 -0.26 -0.18 0 -0.31 0 -0.35 -0.02 0 -0.03 -0.3 -0.25 -0.21 -0.45 -0.21 0 0 -0.12 -0.03 -0.15
"FAM120C" 0 -0.06 0 0 0 0 0 0 -0.04 0 0 0 0 0 0 0 0 0 0 0 0
"NMRK1" 0.43 0.31 0.27 0.17 0.39 0.15 0.39 0.4 0.15 0.46 0.29 0.48 0.25 0.27 0.33 0.41 0.33 0.16 0.21 0.29 0.31
"ULK4" 0 0 -0.04 0 -0.34 -0.39 -0.31 0 0 -0.1 -0.24 0 0 -0.47 0 -0.16 0 -0.26 -0.1 -0.48 -0.14
"BANK1" 0 -0.01 0 0 0 0 0 0 0 0 0 0 0 0 -0.01 -0.14 0 0 0 0 -0.01
"SLC35A5" -0.54 -0.08 -0.03 -0.06 0 -0.02 0 -0.32 -0.2 -0.31 -0.19 -0.45 -0.17 0 -0.23 -0.09 -0.12 -0.11 -0.03 -0.36 -0.17
"NOL8" 0 0 0 0 0 0 0 0.01 0 0 0 0 0 0 0 0 0 0 0 0 0
"TRMT12" 0 0 0 0 0 -0.01 0 0 0 0 0 0 0 0 0 0 0 0 0 0 0
"NRDE2" 0 0 0 0 0 0 0 0 0 0 -0.04 0 0 0 0 0 0 -0.01 0 0 0
"ATG16L1" 0 0.05 0 0 0 0.03 0 0 0 0 0 0 0 0 0 0 0 0 0 0 0
"SUSD4" 0 0.04 0 0 0 0.03 0 0.22 0 0 0.06 0 0 0 0.01 0.32 0.03 0 0 0.4 0.05
"PDPR" 0 0 0 0 0 0 0 0 0 0 0 0 0 0 0 0 0 0 0 0 0
"KIF26B" 0 0 0 0 0 0 0 0 0 0 0 0 0 0 0 0 0 0.06 0 0 0
"CRTAC1" 0 0 0 0 0 0 0 0 0 0 0 0 0 0 0 0 0.09 0 0 0.04 0.01
"HEATR1" 0 0 0 0 0 0 0 0 0 0 0 0 -0.08 0 0 0 0 0 0 0 0
"ANO10" -0.34 -0.14 -0.3 -0.17 -0.06 -0.26 -0.65 -0.32 -0.1 0 -0.66 -0.26 -0.16 -0.31 -0.38 -0.25 -0.12 -0.86 -0.34 -0.32 -0.3
"LARP1B" 0 0 -0.09 0 -0.58 0 0 -0.22 0 -0.28 0 0 -0.42 0 0 0 0 0 0 0 -0.08
"SEC61A2" 0 0 0 0 0 0 0.19 0 0.05 0 0 0 0 0.3 0 0 0 0 0 0 0.03
"RMDN3" 0 0 0 0 0 -0.06 0 0 0 0 0 0 0 0 0 0 0 0 0 0 0
"MAP1S" 0 0 0 0 0 0 -0.05 0 0 0 0 0 0 0 0 0 0 0 0 0 0
"GOLPH3L" 0 0 0 0 0 0 0.04 0 0 0 0.03 0 0 0.13 0 0 0.06 0 0 0 0.01
"BBS7" 0 0 -0.01 0 0 0 0 0 0 0 0 0 0 0 0 0 0 0 0 0 0
"MACO1" 0 0 0 0 -0.29 -0.11 0 -0.18 -0.43 0 -0.09 -0.16 -0.18 0 0 -0.31 0 -0.21 0 0 -0.1
"USP40" 0 -0.2 0 0 0 0 0 0 0 0 0 0 0 0 0 0 0 0 0 0 -0.01
"OGFOD1" -0.39 -0.48 -0.06 -0.34 -0.29 -0.45 -0.36 -0.35 -0.42 -0.3 -0.34 -0.3 -0.19 -0.23 -0.4 -0.38 -0.5 -0.72 0 0 -0.32
"PHF10" 0 0 0 0 0 0 0 0 0 0 0 0 0 0 0 0 0 0 0 0 0
"CCDC91" 0.47 0 0.06 0 0.44 0.07 0.32 0.11 0.19 0 0 0 0 0.71 0.36 0.07 0.19 0.13 0.09 0.3 0.18
"RNF121" 0 0 -0.05 0 0 0 0 0 0 0 0 0 0 0 0 0 0 0 0 0 0
"RNLS" 0.5 0.56 0.48 0.3 0.52 0.65 0.41 0.48 0.56 0.58 0.56 0.44 0.15 0.33 0.79 0.7 0.26 0.65 0.46 0.64 0.5
"WDR33" 0 0 0.23 0 0 0 0 0.19 0 0 0.11 0 0 0 0 0 0.04 0 0 0 0.03
"ABHD10" 0 -0.23 -0.02 0 -0.32 -0.26 0 0 -0.35 -0.12 0 -0.43 -0.3 0 -0.06 -0.11 -0.18 0 -0.13 -0.15 -0.13
"PI4K2A" 0 0 0 0 -0.01 -0.07 0 0 0 0 0 0 0 0 0 0 0 0 0 0 0
"NCBP3" 0 0 0 0 -0.2 0 0 0 0 0 -0.04 -0.19 0 0 -0.2 -0.18 -0.06 -0.31 0 -0.09 -0.06
"ZNF331" 0.02 0.05 0 0 0 0.04 0 0 0 0.01 0 0 0.13 0 0 0 0 0 0 0 0.01
"SVOP" 0 0 0 0 0 0 0 0 0 0 0 0 0 0 0 0 0 0 0 -0.07 0
"SLC30A10" -0.22 -0.19 -0.03 0 -0.39 -0.21 -0.36 -0.19 -0.51 -0.16 -0.43 -0.09 -0.14 -0.13 -0.41 0 -0.14 -0.18 -0.22 -0.12 -0.21
"CDV3" 0 0 0.06 0 0 0 0 0.07 0 0 0 0.05 0 0 0.1 0.04 0.07 0.02 0 0 0.02
"TASP1" 0 0 0 0 0 0 0 0 0 0 0 0 0 0 0 -0.04 0 0 0 0 0
"ZNF692" 0 0.14 0 0 0.1 0 0 0 0.04 0 0 0 0 0 0.19 0.15 0.07 0 0.08 0 0.04
"NBPF1" 0 0 0 0 0 -0.09 0 0 -0.09 0 0 0 0 0 0 -0.09 0 -0.07 0 -0.04 -0.02
"RABL6" -0.44 -0.13 -0.15 -0.4 0 -0.28 -0.26 0 -0.04 -0.63 0 -0.56 -0.36 -0.12 -0.3 0 -0.08 -0.15 -0.24 0 -0.21
"POLR3B" 0 0 0 0 0 0 0 0 0 0 0 0 0 0 -0.01 0 0 0 0 0 0
"CCDC88A" 0 0 0 0 0 -0.28 0 -0.13 0 0 0 0 0 0 0 -0.16 -0.39 -0.02 0 0 -0.05
"VPS35" 0 0 0 0 -0.14 0 -0.2 0 0 0 0 0 -0.1 0 0 -0.24 -0.1 0 -0.03 0 -0.04
"UGGT2" 0 0 0.06 0.59 0.25 0.37 0.37 0 0.78 1.04 0.39 0.44 0 0.45 0.29 0 0.2 0.34 0.85 0 0.32
"NGLY1" 0.2 0 0.04 0 0.17 0 0 0 0 0 0.29 0.1 0 0 0 0.37 0 0 0 0.11 0.06
"ZNF83" 0 0 0.06 0 0 0.18 0 0.19 0 0 0.11 0 0 0 0 0.21 0 0 0.1 0 0.04
"FGD6" -0.26 -0.15 0 0 -0.14 0 -0.23 0 -0.26 -0.16 -0.17 -0.15 -0.02 -0.13 -0.01 -0.24 0 -0.12 -0.36 -0.36 -0.14
"METTL2B" 0 0 0 0 0 0 0 0 0 0 0 0 0 0 0 -0.07 0 0 0 0 0
"SCN3B" 0 0 0 0 0 0 0 0 0 0 0 -0.08 -0.09 0 0 0 0 0 0 0 -0.01
"BDP1" -0.24 0 0 0 0 0 0 0 0 -0.02 0 0 -0.34 0 0 -0.27 0 -0.13 -0.26 -0.01 -0.06
"PECR" 0 0 0 0 0 0 0 0 0 0 -0.06 0 0 0 0 -0.04 0 0 0 0 0
"EMC3" 0 0 0 0 0 0 0.07 0 0.11 0 0.04 0 0 0 0 0.02 0 0 0 0 0.01
"EAPP" 0 0 0 0 0 0 0 0 0 0 0 0 0 0 0 -0.08 0 0 0 0 0
"ITFG2" 0 0 0 0 0 -0.07 -0.1 0 0 0 -0.05 0 -0.19 0 0 0 0 -0.09 0 -0.14 -0.03
"ACTR10" 0 0 0 0 0 0 0 0 -0.3 0 0 0 0 0 0 0 0 0 0 0 -0.02
"LMO3" 0 0 0 0 0 0.17 0 0 0 0 0 0 0 0 0 0 0 0 0 0 0.01
"RNF114" 0 0 0 0 -0.13 0 0 0 0 0 0 0 0 0 0 -0.04 0 0 0 0 -0.01
"CMAS" 0 0 -0.06 0 0 0 0 0 0 0 0 0 0 0 0 0 0 0 0 0 0
"NSFL1C" 0 -0.29 -0.02 0 -0.02 -0.03 -0.12 -0.25 -0.36 -0.04 -0.37 -0.03 -0.11 0 -0.31 -0.26 -0.15 -0.27 -0.12 -0.12 -0.14
"YLPM1" 0 0 0 0 0 0 0 0 0 0 0 0 0 0 0 0 0 -0.24 0 0 -0.01
"KYAT3" 0 0 0 0 0 0 0 0 0 -0.06 0 0 -0.16 0 0 0 0 0 0 0 -0.01
"CLDND1" 0 0 0 0 0 0 0 0 0.04 0 0 0 0 0 0 0 0 0 0 0 0
"KCNK13" 0 0.16 0 0 0 0.13 0.03 0 0 0 0 0 0 0 0.07 0.11 0 0 0.04 0 0.03
"KCNK12" -0.17 -0.07 -0.12 -0.01 -0.13 0 -0.07 -0.43 -0.17 -0.28 -0.14 -0.07 0 -0.13 -0.19 -0.3 -0.49 -0.17 -0.16 -0.04 -0.16
"TMEM9B" 0 0 0 0 0 0 0 0 0 0 0 0 -0.03 0 0 0 0 0 0 0 0
"KCMF1" 0 0 0 0 0 0 0 0 0 0 0.12 0 0 0 0 0 0 0 0 0 0.01
"AGPAT3" 0.24 0.08 0 0 0 0 0 0 0 0 0 0 0 0 0.21 0 0.4 0.12 0 0 0.05
"DUSP22" 0 0 0 0 0 0.02 0 0 0 0 0 0 0 0 0 0 0 0 0 0 0
"FAM20C" 0 0 0 0 0 0 0 0 0 0.06 0.08 0 0.07 0 0 0 0 0 0 0 0.01
"PRDM8" 0 0 0 0 0 0 0 0 0.13 0 0 0 0 0 0 0 0 0 0 0 0.01
"BBX" 0.5 0.06 0.08 0.47 0.07 0.33 0 0 0.39 0 0.23 0 0 0.13 0.15 0 0 0.14 0.1 0.15 0.14
"CDC42SE2" 0 0 0 0 0 -0.2 0 0 0 -0.02 -0.06 0 0 0 0 0 0 -0.02 0 0 -0.01
"SDHAF3" 0 0.14 0.26 0.09 0.01 0.15 0.09 0 0.1 0.11 0.11 0.12 0 0.05 0 0.18 0.02 0.24 0.26 0.06 0.1
"SLC17A7" -0.42 -0.07 -0.32 -0.51 -0.24 -0.17 -0.75 -0.49 -0.03 -0.57 -0.31 -0.11 -0.1 0 -0.48 -0.66 -0.9 -0.18 -0.44 -0.54 -0.36
"ANO2" 0 0.02 0 0.02 0.04 0 0 0 0.18 0.2 0.03 0.22 0 0 0.08 0.08 0 0.02 0.01 0 0.05
"REXO4" 0 0 0 0 0 -0.02 0 0 0 0 -0.08 0 0 0 0 0 0 0 0 -0.13 -0.01
"PLXDC1" 0 0 0 0 0 0 0 0 0 0 -0.06 0 0 0 0 0 0 0 0 0 0
"ADCK1" 0 -0.12 -0.07 0 0 0 0 -0.08 0 0 0 -0.03 -0.04 -0.29 0 -0.25 -0.15 -0.1 -0.1 -0.04 -0.06
"LYRM1" 0 0.05 0 0 0 0 0.07 0 0.38 0 0.06 0 0 0 0.11 0.02 0 0.15 0 0 0.04
"PELI2" 0.06 0 0 0 0 0.15 0 0.18 0 0.08 0 0 0 0 0.02 0 0 0.02 0 0 0.03
"CAMK1G" 0 0 0 0 0 0 0 0 0 0 0 0 0 0 0 0 0 0 0 0 0
"ANKRD50" 0 0 0 0 0 0.02 0 0 0 0 0 0 0 0 0 0 0 0 0 0 0
"ATP10D" 0 0 0 0 0 0 0 0 0 0 0 0 0 0 0 0.05 0 0 0 0 0
"LYRM2" 0 0 0 0 -0.03 -0.02 -0.1 -0.1 -0.15 0 -0.04 0 0 0 -0.03 -0.35 0 0 -0.09 -0.14 -0.05
"KAT14" 0 0 0 0 0 0 0 0 0 0 0.08 0 0 0 0 0 0 0 0 0 0
"JPH3" 0 0 0 0 0 0 0 -0.23 -0.05 0 0 0 0 0 0 0 0 0 0 0 -0.01
"TTYH1" -0.37 -0.03 0 0 -0.24 0 0 0 -0.15 -0.2 0 0 0 0 -0.09 -0.05 -0.37 0 -0.04 -0.13 -0.08
"RHBDD2" 0 0 0 0 0 0 -0.17 0 0 0 -0.06 0 0 0 0 0 0 0 0 -0.14 -0.02
"GALNT16" 0 0.14 0 0 0 0.03 0 0 0 0 0 0 0 0 0.06 0 0 0 0 0 0.01
"ZNF490" 0 0 0 0 0 0 0 -0.07 0 0 0 -0.04 0 0 0 0 0 0 0 0 -0.01
"NWD2" 0 0 0 0 0 0 0 0 -0.05 0 0 0 0 0 0 -0.21 0 -0.16 0 0 -0.02
"LRFN2" -0.06 0 0 0 0 0 -0.28 0 -0.17 0 0 0 0 0 0 0 0 0 0 0 -0.02
"INTS2" 0 0 0 0 0 0 0 0 0.03 0 0 0 0 0 0 0 0 0 0 0 0
"HECW2" 0 0 0 0 0 0 0 0 -0.04 0 -0.53 0 0 0 0 0 0 -0.02 0 0 -0.03
"NUFIP2" 0 0 0 0 0 0 0 0 0 0 0 0 0 0 0.02 0 0 0 0 0 0
"TXNDC16" 0 0 0 0 0 0 0 0.21 0 0 0 0.06 0 0 0 0 0 0 0 0 0.01
"TAOK1" 0 0 0 0 0 0 0 0 0 0 0 0 0 0 0 -0.13 0 0 0 0 -0.01
"STAMBPL1" 0.1 0.15 0.25 0 0.61 0.13 0.6 0 0 0.22 0.14 0.33 0.17 0.1 0.03 0 0 0.23 0 0 0.15
"ARRDC3" 0 0 0 0 0 0 0 0 -0.02 0 0 0 0 0 0 0 0 0 0 0 0
"ARHGAP20" 0 0 0 0 -0.17 0 0 0 0 0 0 0 0 0 0 0 0 0 0 0 -0.01
"ARHGAP21" 0 0 0 0 0 0 0 0 0 -0.12 0 0 0 0 0 0 0 0 0 0 -0.01
"JCAD" 0 0 -0.03 0 0 0 0 0 0 0 -0.04 0 0 0 0 0 0 0 0 0 0
"RANBP10" 0 0 0 0 0 0 0 0 0 0 0 0 0 0 0 0 0 -0.09 0 0 0
"RELCH" 0 0 0 0 0 0 0 0 0 0 0 0 -0.1 0 0 0 0 0 0 0 0
"USP28" 0 0 0 0 -0.25 0 -0.03 0 -0.02 0 0 0 -0.05 0 0 0 0 0 0 0 -0.02
"EPB41L5" 0 0 0 0 0 0 0 0 0 0 -0.05 0 0 0 0 0 0 0 0 0 0
"VAT1L" 0 0.14 0 0 0.04 0 0 0.12 0 0 0.15 0 0.19 0 0 0.11 0.05 0 0.01 0.05 0.04
"ZSWIM6" 0 0 0 0 0 -0.11 0 0 0 0 0 0 0 0 0 0 0 0 0 0 -0.01
"DDX55" 0 0 0 0 0 0 0 0 0 0 0 0 0 0 0 0 -0.02 0 0 0 0
"ANKRD36B" 0.04 0.42 0 0 0.09 0.14 0 0 0.35 0 0 0.14 0.06 0 0 0.17 0.03 0 0 0.38 0.09
"JAM2" -0.31 -0.12 -0.26 0 -0.33 -0.47 -0.16 -0.29 -0.1 -0.39 -0.16 -0.43 -0.24 -0.18 -0.06 -0.28 -0.38 -0.32 -0.28 -0.28 -0.25
"ZNF250" 0 0 0 0 0 0 0 0 0 0 0 0 0 0 0 0 0 -0.09 0 0 0
"SELENOK" 0 0 0 0 0 0 0 0 0 0 0.03 0 0 0 0 0 0 0 0 0 0
"RRAGD" 0.14 0.29 0.15 0 0 0 0.06 0.2 0.13 0.3 0.09 0.23 0.18 0.27 0.12 0.28 0 0.26 0.47 0.45 0.18
"HIVEP3" 0 0 0 0 0 0 0 0 0 -0.18 0 0 0 0 0 0 0 0 0 0 -0.01
"PLEKHA2" 0.05 0.3 0.18 0 0.33 0.09 0 0.28 0.07 0 0.25 0.38 0.4 0.29 0.23 0.45 0.37 0.62 0.2 0.41 0.25
"SENP2" 0 0 0 0 0 0 0 0 0 0 0 0 0 0 0.09 0 0 0 0 0 0
"AFAP1" 0 0 0 0 0 0.1 0 0 0 0 0.1 0 0 0 0.03 0 0.09 0.12 0 0 0.02
"XPNPEP3" 0 0 0 0 0 0 0 0 0 0 0 0 0 0 0 0 0 0 0 0 0
"ZNF667" 0 -0.06 0 0 -0.08 0 0 0 -0.23 -0.01 0 0 0 0 0 0 0 0 0 0 -0.02
"KIF13A" 0 0.39 0.23 0.03 0 0.41 0.44 0 0 0.15 0.33 0.09 0.28 0 0.22 0.12 0.32 0.46 0.37 0.09 0.2
"PRDM15" 0 0 0 0 0 0 0 0 0 0.01 0 0 0 0 0 0.04 0 0 0 0 0
"SNX16" 0.57 0.8 0.59 0.51 0.69 0.79 0.66 0.49 0.76 0.44 0.55 0.86 0.33 0.71 0.56 0.7 0.63 0.6 0.41 0.98 0.63
"POPDC3" 0 0 0 0 0 0 0 0 0 0 0 0 0 0 0 0 0 0 0.07 0 0
"SEMA4A" -0.19 0 0 0 0 0 0 0 -0.02 -0.15 0 0 0 -0.12 0 0 -0.12 -0.17 0 0 -0.04
"HERPUD2" 0 0 0 0 0 0 0 0 0 0 0 -0.02 0 0 0 0 0 0 0 0 0
"NXN" 0 0 0 0 0 0 0 0 0 0 0 0 0 0 0 0 0 0.06 0 0 0
"SIL1" 0 0 0 0 0 0 0 0 0 0 0 -0.24 0 0 0 0 0 0 0 0 -0.01
"PAPOLG" 0 0 0 0 0 0 0 -0.06 -0.1 -0.2 0 0 0 -0.15 0 -0.09 0 0 0 0 -0.03
"C12orf43" 0 0 0 0 0 0 0 0 0 0 0 0 0 0 0 0 -0.02 0 0 0 0
"MRPS11" -0.13 -0.38 0 -0.03 0 -0.04 -0.16 -0.05 0 0 -0.2 -0.17 0 0 0 0 -0.17 0 -0.22 -0.01 -0.08
"INTS3" -0.26 -0.16 -0.06 0 0 0 0 -0.01 0 -0.16 -0.09 -0.07 0 0 -0.32 0 0 -0.17 0 0 -0.06
"ZSCAN18" 0 0 0 0 0 0 0 0 -0.01 0 0 0 0 0 0 0 0 0 0 0 0
"DDRGK1" -0.18 -0.04 -0.31 -0.26 -0.02 -0.03 -0.14 0 0 -0.11 -0.37 -0.19 -0.15 0 -0.1 -0.01 -0.18 -0.27 0 0 -0.12
"CHID1" 0 0 0 0 0 -0.06 0 0 0 0 0 -0.17 0 0 0 0 0 0 0 0 -0.01
"TRIR" 0 0 0 0 0 0 0 0 0 0 0 0 0 0 -0.01 0 0 0 0 0 0
"CAMKV" 0 0 0 0 0 0 0 0 0 0 0 0 0 -0.01 0 -0.1 0 0 0 -0.26 -0.02
"ALG8" 0 0 0 0 0 0 0 0 0 0 -0.04 0 0 0 0 0 0 0 0 0 0
"DERL1" 0 0 0 0 0 0 0 0 0 0 0 0 0 0 0 0 0 0 0 0 0
"ZSCAN5A" 0 0.01 0 0 0 0 0 0 0 0 0 0 0 0 0 0 0 0 0 0 0
"FSD1" -0.01 0 0 -0.11 0 0 0 0 0 -0.2 0 0 0 0 0 0 0 0 0 0 -0.02
"HMGN5" 0 0 0 0 0.02 0 0 0 0 0 0 0 0 0 0 0 0 0 0 0 0
"BCL2L14" 0 0 -0.04 -0.09 0 -0.01 0 0 0 0 0 0 0 0 0 0 0 0 0 -0.14 -0.01
"MAIP1" 0 0 0 0 0 0 0 0 0 0 0 0 0 0 0 0 0 0 0 0 0
"ABHD8" 0 0 0 0 0 0 0 0 0 0 -0.01 0 0 0 0 0 0 0 0 0 0
"RNF128" 0 0 0 0 0 0 0 0 0 0 0.07 0 0 0 0 0 0 0 0 0 0
"TCTN1" 0 -0.13 -0.09 0 0 0 -0.07 -0.07 -0.03 0 0 0 0 0 0 0 0 0 -0.02 0 -0.02
"RNASEH2B" 0 0 0 0 0 0.01 0 0 0 0 0 0 0 0 0 0 0.04 0.12 0 0 0.01
"AKIRIN1" 0 0 0 0 0 0 0 0 0 0 0 0 0 0 -0.13 0 0 0 0 0 -0.01
"ARHGAP10" -0.53 -0.57 -0.74 -0.77 -0.44 -0.71 -0.53 -0.59 -0.86 -0.84 -0.65 -0.49 -0.66 -0.78 -0.7 -0.74 -0.65 -0.75 -0.74 -0.7 -0.67
"NEIL1" -0.01 0 0 0 0 0 0 0 0 0 0 0 0 0 0 0 0 0 0 0 0
"HSPBAP1" 0 0 0 0 0 -0.03 0 0 -0.08 0 -0.06 0 0 0 -0.23 0 0 0 0 0 -0.02
"ICE2" 0 0 0 0 0 0.14 0 0 0 0 0 0 0 0 0 0 0 0 0.02 0.16 0.02
"DHX40" 0 0 0 0 0 0 0 0 0 0 0 0 0 0 0 0 0 -0.01 0 0 0
"PARP8" 0.32 0.29 0.66 0 0.19 0.64 0 0.17 0 0 0 0 0 0.12 0 0.3 0 0.26 0.37 0.2 0.18
"TUT7" 0 0 0 0 0 0 0 0 0 0 0 0 0 0 0 0 0.09 0 0 0 0
"ZDHHC14" -1 -1.13 -0.77 -0.66 -0.2 -0.32 -0.54 -1 -0.46 -0.58 -0.05 -1.03 -0.76 -0.69 -0.78 -0.47 -0.44 -0.51 -0.62 -0.65 -0.63
"NPEPL1" 0 0 -0.01 0 0 -0.03 0 0 0 0 0 0 0 0 0 0 0 -0.05 0 0 0
"VPS37B" -0.48 -0.25 -0.51 -0.17 -0.01 -0.16 -0.16 -0.33 -0.19 -0.36 -0.52 -0.28 0 -0.43 -0.55 -0.34 -0.65 -0.15 -0.4 -0.41 -0.32
"IQCA1" 0 0 0 0 0 -0.04 0 0 0 0 0 0 0 0 0 0 -0.07 0 0 0 -0.01
"TTC21B" 0 0 0 0 0 0 0.14 0 0 0 0.14 0 0 0 0.04 0.37 0.21 0.16 0 0 0.05
"PTCD2" 0 0 0 0 0 0 0 0 0.12 0 0 0 0 0 0 0 0 0 0 0 0.01
"EHMT1" 0 0 0 0 0 -0.01 0 0 0 0 0 0 0 0 0 0 0 0 -0.33 0 -0.02
"CCDC102B" 0.27 0 0 0 0.38 0.02 0 0.06 0 0.04 0.07 0.04 0 0 0 0.05 0 0.01 0 0 0.05
"PYROXD1" 0 0 0 0 0 0 0 0 0 0 0 0 0.01 0 0 0 0 0 0 0 0
"TCEAL4" 0 0 0 0 -0.11 0 0 -0.12 0 0 -0.03 0 0 0 0 -0.07 0 -0.25 0 -0.03 -0.03
"L2HGDH" 0 0 0 0 0 0 0 0 0 0 0 0 0 -0.06 0 0 0 0 0 0 0
"WLS" 0 0.03 0 0 0 0 0 0 0 0 0 0 0 0 0 0 0 0 0 0 0
"DNAJB14" 0 0 0 0 0 0 0 0 0 0 0 0 0 0 0 0 0.11 0 0 0 0.01
"CSRNP3" 0.65 0.64 0.04 0.59 0.27 0.79 0.24 0.71 0.91 0.79 0.45 0.16 0.44 0.02 0.41 0.72 0.96 0 0.2 0.15 0.46
"PGAP1" 0 0 0 0 0 0 0 0 0 0 0 0 0 0 0 0 0 -0.01 0 0 0
"BBOF1" 0 -0.08 0 0 -0.01 -0.04 0 -0.04 -0.22 0 0 0 -0.12 0 0 0 0 0 0 0 -0.03
"IFT74" 0 -0.05 0 0 0 0 0 0 0 0 0 0 0 -0.05 0 0 0 0 0 0 -0.01
"OPA3" -0.19 0 0 0 0 0 0 0 0 0 0 0 0 0 0 0 -0.03 0 0 0 -0.01
"RAB11FIP1" 0 0 0 0 0 0 0 0 0 0 0 0 0 0 0 0 0 -0.03 0 0 0
"EDEM3" 0 0 0 0 0 0 0 0 0 0 0 0 0 0 0 0 0 0 0 0 0
"EPC1" 0 0 0 0 0 0 0 0 0 0 0 0 0 0 -0.26 0 0 0 0 0 -0.01
"GKAP1" 0.03 0.22 0 0 0 0 0 0 0 0 0 0 0.14 0 0.08 0 0 0 0.08 0 0.03
"ABTB1" -0.05 0 -0.02 0 -0.12 0 0 0 0 -0.16 0 0 0 0 -0.23 0 0 0 0 0 -0.03
"TSEN2" 0 0 0 0 0 0 0 0 0 0 0 0 0 0 0 0 0 -0.04 0 0 0
"KHDC1" 0 0 0 0 0 0 0 0 0.02 0 0 0 0 0 0 0 0 0 0 0 0
"ILKAP" 0 0 0 0 0 0 0 0 0 0 0 0 0 0 0 0 0 0 0 -0.04 0
"SGPP1" 0.3 0 0 0 0.22 0 0 0 0 0.05 0 0 0 0 0 0 0 0 0 0 0.03
"RCC1L" 0 0.4 0.11 0 0.1 0.06 0.21 0.06 0.22 0 0.1 0 0.13 0 0.42 0 0 0.14 0 0 0.1
"NDEL1" 0.03 0 0.03 0.07 0 0 0 0 0 0 0 0 0 0 0 0 0 0 0 0 0.01
"CSRNP2" 0 0 0 0 0 -0.06 0 0 0 0 0 0 0 0 0 0 0 0 0 0 0
"CLPB" 0 0 0 0 0 0 0 0 0.06 0 0 0 0 0 0 0 0 0 0 0 0
"COL21A1" 0.11 0.07 0.17 0 0.18 0.06 0 0.04 0.23 0.13 0 0.02 0.06 0.02 0.09 0.02 0.17 0.03 0.11 0.12 0.08
"SNX27" 0 0 0 0 0 0 0 0 0 0 0 0 0 0 0 0.02 0 0 0 0 0
"TMEM163" 0 0 0 0 0 0 0 0 0.03 0 0 0 0 0 0 0.05 0.03 0 0 0 0.01
"TSPAN14" 0 0 0 0 0 0 0 0 0.02 0 0 0 0 0 0 0.21 0 0 0.04 0.08 0.02
"PPP1R14C" -0.15 -0.27 -0.1 0 -0.19 -0.23 -0.04 -0.11 -0.31 -0.13 -0.37 -0.06 -0.3 0 -0.19 -0.41 -0.47 -0.04 -0.22 -0.23 -0.19
"NETO2" -0.15 -0.14 -0.38 -0.51 -0.22 -0.13 -0.27 -0.49 -0.28 -0.31 -0.37 -0.29 -0.4 -0.18 0 -0.22 -0.42 -0.2 0 -0.19 -0.26
"PCDH11Y" 0 0 0.14 0 0.04 0.01 0 0 0.04 0.06 0 0 0 0 0.07 0.1 0.06 0.15 0 0 0.03
"THAP2" -0.06 0 0 0 0 0 0 0 -0.02 0 -0.01 0 0 0 0 0 0 0 0 -0.1 -0.01
"ZMIZ2" 0 0 0 0 0 0 0 0 0 0 0 -0.06 0 0 0 0 0 0 0 0 0
"SELENOO" -0.3 -0.14 0 0 -0.12 -0.41 -0.2 0 -0.57 0 -0.28 -0.18 -0.19 0 -0.48 -0.18 0 -0.49 -0.18 0 -0.19
"CRISPLD1" 0 0 0 0 0 0 0.03 0 0 0 0 0 0 0 0 0 0 0 0 0.01 0
"CD99L2" 0 0 0 0 0 0 0 0 0 0 0 0 0 0 0 0.08 0 0 0 0 0
"HSDL1" 0.2 0.01 0 0 0.13 0.22 0 0 0.11 0 0.06 0 0 0 0 0 0 0.03 0 0 0.04
"L3MBTL2" 0 0 0 0 0 0 0.01 0 0 0 0 0 0 0 0 0 0 0 0 0 0
"SYT16" 0 0 0 0 0.38 0 0.37 0.02 0 0 0 0 0 0 0 0 0 0 0 0 0.04
"FSD1L" 0.02 0 0 0 0 0 0 0 0 0 0 0 0 0 0 0 0 0 0 0 0
"TMTC1" 0.31 0 0.26 0 0.47 0.26 0.19 0.4 0.19 0.43 0 0.15 0 0.38 0.31 0.32 0.01 0.25 0.21 0.18 0.22
"KCTD10" 0 -0.03 -0.05 -0.08 0 0 0 0 0 -0.02 0 0 0 0 0 0 0 0 0 0 -0.01
"TMEM222" -0.06 0 0 0 -0.05 -0.16 -0.04 -0.18 0 0 0 0 0 0 -0.04 -0.21 -0.01 0 0 -0.19 -0.05
"C3orf20" 0 0 0 0 0 0 0 0 0 0 0 0 0 0 0 -0.05 0 0 0 0 0
"TMEM164" 0 -0.06 0 0 0 0 0 0 0 0 0 0 0 0 0 0 -0.02 0 0 0 0
"DCUN1D5" 0 -0.15 0 0 -0.08 -0.01 0 0 0 0 0 0 0 -0.23 0 0 -0.02 0 0 0 -0.02
"YIPF4" 0 -0.38 0 0 0 -0.08 0 0 -0.22 0 -0.04 0 -0.09 -0.1 0 0 0 -0.13 0 0 -0.05
"ZMAT1" 0 0 0 0 0 0 0 -0.08 0 0 0 0 0 0 0 0 0 0 0 0 0
"PARD6B" 0 0 0 0 0 0 0 0 0.18 0 0 0 0 0 0 0 0 0 0 0 0.01
"ST6GAL2" 0 -0.22 -0.11 -0.05 -0.11 -0.26 -0.29 -0.29 -0.27 0 -0.37 -0.37 -0.23 -0.08 0 -0.42 -0.14 -0.25 -0.05 0 -0.18
"NTNG2" -0.13 0 -0.16 0 0 -0.23 0 -0.09 -0.04 0 -0.1 -0.33 0 -0.06 -0.02 -0.16 0 0 -0.2 -0.06 -0.08
"TTBK1" -0.07 0 0 -0.09 0 0 0 0 0 0 0 0 0 0 0 0 0 0 0 0 -0.01
"MFSD14B" 0 0 0 0 0.07 0 0 0 0 0 0 0 0 0 0 0 0 0 0 0 0
"FUT10" 0 0 0.18 0 0.16 0.04 0.02 0.06 0.09 0.06 0 0 0 0.2 0.21 0.16 0 0 0.03 0 0.06
"PLPP7" 0 0 0 0 0 0 0 0 0 0 0 0 0 -0.06 -0.09 0 0 0 0 0 -0.01
"PTPN5" 0 0 0 0 0.37 0.1 0 0 0 0 0 0.12 0.41 0 0.15 0 0.01 0.38 0 0.36 0.1
"HAVCR2" 0 0 0 0 0 -0.1 0 0 0 0 0 -0.14 0 0 0 -0.07 0 0 0 0 -0.02
"POMGNT2" 0.1 0.06 0 0 0.07 0.07 0 0 0.07 0 0.22 0 0 0 0 0.03 0 0.22 0 0.11 0.05
"MIGA2" 0 0 0 0 0 0 -0.06 0 -0.08 0 0 -0.03 -0.06 0 -0.08 0 0 0 0 0 -0.02
"RNFT2" 0 0 0 0 0 0 0 0 0 0 0 0 0 -0.02 0 0 0 0 0 0 0
"ZNF382" 0 0 0 0 0 -0.12 0 0 0 0 0 0 0 0 0 0 -0.02 0 0 0 -0.01
"ZNF566" 0 -0.17 0 0 -0.45 -0.09 0 0 -0.06 -0.14 0 -0.1 0 0 -0.09 -0.16 0 -0.01 0 -0.08 -0.07
"RAB2B" -0.18 0 0 0 0 0 0 0 0 -0.04 0 -0.18 0 0 0 0 0 0 -0.04 0 -0.02
"IGSF21" 0 0 0 0 0 0 0 0 0 0 0 -0.1 0 0 0 0 0 0 0 0 0
"TOX2" 0 0 0 0 0 -0.06 0 0 0 0 -0.03 0 0 0 0 0 0 0 -0.06 0 -0.01
"TMEM241" 0 -0.2 0 0 0 0 0 0 0 0 0 0 0 0 0 0 -0.03 -0.09 0 -0.07 -0.02
"CNTNAP4" 0 0 0 0 0 0 0 0 0 0 0 0.09 0 0 0 0 0 0 0.02 0 0.01
"NAV2" 0 0 0 0 -0.2 0 0 0 -0.29 -0.04 0 0 0 0 0 0 0 0 0 0 -0.03
"TMEM116" 0 0 0.16 0 0 0 0 0 0 0 0 0 0 0 0 0 0 0 0 0 0.01
"DPH6" 0 0 0 0 0 0 0 0 0 0 0 -0.18 0 0 0 0 0 -0.1 0 0 -0.01
"KCNH7" 0 0 0 0 -0.09 0 0 0 0 0 0 0 0 0 -0.07 0 0 0 0 0 -0.01
"EFCAB11" 0 0 -0.09 0 0 0 -0.04 -0.07 0 0 0 -0.09 0 -0.04 -0.01 -0.14 0 0 0 0 -0.02
"OTULIN" 0.04 0 0 0 0 0 0 0 0 0 0 0 0 0 0 0 0 0 0 0 0
"GADD45GIP1" 0 0 0 0 0 0 0 0 0 0 0 0 0 0 0 0.03 0 0 0 0 0
"PPP1R3E" -0.05 0 0 0 0 0 0 0 0 0 0 0 0 0 0 0 0 0 0 0 0
"ZNF251" 0 0 0 0 0 0 0 0 -0.01 0 0 0 0 0 0 0 -0.06 0 0 0 0
"FMNL3" 0 0 0 0 0 0 0 0 0 0 0 0 0 0 0 0 0 0.08 0 0 0
"MSANTD3" 0 0 0 0 0 0 0 0 0 0 0 0 0 0 0 -0.02 0 0 0 0 0
"SESTD1" 0.31 0.13 0.06 0 0.22 0 0 0 0 0.45 0 0 0 0 0 0 0 0 0 0 0.06
"COL23A1" 0 -0.03 -0.11 0 0 -0.06 0 -0.14 0 -0.08 0 -0.05 -0.14 0 0 -0.01 0 0 -0.18 -0.06 -0.04
"YTHDC1" 0 0 0 0 0 0 0 0 0.04 0 0.03 0 0 0 0 0 0 0 0 0.08 0.01
"CABLES1" 0 0 -0.03 0 0 0 0 0 0 0 0 0 0 -0.04 0 0 0 0 0 0 0
"UBTD2" 0 0 0 0 0 0 0 0 0 0 0 0 0 -0.04 0 0 0 0 0 0 0
"TMEM132C" 0 0 0 0 -0.02 -0.12 0 0 -0.1 -0.15 0 0 -0.01 0 -0.17 -0.18 0 -0.04 0 0 -0.04
"PXYLP1" 0 0 0 0 0 0 0.04 0 0 0 0 0 0 0 0 0 0 0 0 0 0
"MRRF" 0 0 0 0 -0.09 0 0 0 0 0 0 -0.16 0 0 0 0 0 0 0 -0.12 -0.02
"SPECC1" 0 0 0 0 0 0 0 0 0 0 0 0 0.04 0 0.14 0 0.06 0 0 0 0.01
"UBE2Q2" 0 0 0 0 0 0 0 0 0 0 0 0 0 0 0 0 0 0.02 0 0 0
"TMEM44" 0 0 0 0 0 0 0 0 0 0 0 0 0.04 0 0 0 0 0 0 0 0
"IGSF8" 0 0 0 0 0 -0.03 0 0 -0.06 0 0 0 0 0 0 0 0 0 0 0 0
"SYCE1" 0.21 0.02 0.02 0 0 0 0 0.14 0.11 0 0.03 0 0.17 0 0.02 0 0 0.27 0 0 0.05
"IFT43" 0 0 0 0 0 0 0 0 0 0 0 0 0 0 0 0 0 0 0 0 0
"WDR89" 0 0 0 0.03 0 0 0 0 0 0 0 0 0 0 0 0 0 0 0 0.03 0
"AZIN2" 0.21 0 0 0.12 0.18 0.02 0.12 0.04 0.13 0.34 0.25 0.03 0 0.05 0.41 0.19 0.14 0.17 0.03 0.16 0.13
"SLC22A9" 0 0 0 0 0 0 0 0 0 0 0 0 -0.04 0 0 0 0 0 0 0 0
"LRRC37B" 0 0 0 0 0 0 0 0 0 0 0 0 0 0 -0.11 0 0 0 0 0 -0.01
"BTBD9" 0 0 0 0 -0.2 0 0 0 0 0 0 0 0 0 0 0 0 0 0 0 -0.01
"FMNL2" 0 0 0 0 -0.1 0 0 0 0 0 0 0 0 0 0 0 0 0 0 0 -0.01
"CCDC85A" 0 0 0 0 0 -0.06 0 0 -0.14 0 0 0 0 0 -0.01 -0.14 -0.03 -0.11 0 0 -0.02
"OSBPL1A" -0.13 0 0 0 0 0 -0.17 0 -0.06 0 0 0 0 0 0 0 0 0 0 0 -0.02
"OSBPL5" 0 -0.12 0 0 0 -0.3 -0.06 0 -0.09 0 -0.19 -0.03 0 0 0 -0.06 0 -0.07 -0.11 0 -0.05
"OSBPL9" 0 0 0 0 0 0 0 0 0 0 0 0 0.17 0 0 0 0 0 0 0 0.01
"C1QTNF4" 0 -0.16 0 -0.01 0 0 -0.3 -0.19 -0.24 0 0 -0.25 -0.14 -0.1 -0.17 0 0 -0.03 0 0 -0.08
"MALSU1" -0.05 -0.02 0 0 0 0 0 0 0 0 -0.02 0 0 0 0 0 0 0 -0.17 0 -0.01
"TSEN15" 0 0.02 0 0 0 0 0 0 0.15 0 0.06 0.23 0 0 0 0.06 0 0 0 0 0.03
"SNAP47" 0 -0.06 0 0 0 0 0 0 0 0 0 0 0 0 0 0 0 0 0 0 0
"DACH2" 0.02 0 0 0 0 0 0 0 0 0 0 0 0 0 0 0 0 0 0 0 0
"CATSPER2" 0 -0.13 -0.07 -0.36 -0.29 -0.36 -0.34 -0.33 0 -0.24 -0.4 0 0 -0.36 0 0 0 -0.05 0 -0.52 -0.17
"OLFM3" 0 0 0 0 0.05 0 0 0 0 0.43 0 0 0 0 0 0 0 0 0 0 0.02
"SFXN4" 0.08 0 0 0 0 0 0 0.01 0 0.06 0 0 0 0 0 0.01 0 0 0.06 0 0.01
"DNAJC24" 0 0 0 -0.18 -0.02 0 0 0 0 -0.13 0 0 0 0 0 0 0 0 0 0 -0.02
"TMEM132D" 0 0 0 0 0 0 0 0 0 0 0 0 0 0 -0.22 0 -0.22 0 0 0 -0.02
"ANO4" 0 0 0 0 0 0 -0.04 0 0 0 0 0 0 0 0 0 0 -0.11 0 0 -0.01
"TRAPPC6B" 0 0 0 0 0 0 0 0 0 0 0 0 0 0 0.09 0 0 0 0 0 0
"SOCS4" 0 0 -0.19 0 0 0 0 0 0 0 0 0 -0.07 0 0 0 0 0 0 -0.11 -0.02
"ERICH3" 0 0 0 0 0 0 0 0 0.01 0 0 0 0 0 0 0 0 0 0 0 0
"OSCP1" -0.07 0 0 0 -0.03 0 0 0 0 0 0 0 0 0 0 0 0 0 0 0 0
"SYT2" 0 0 0 0 0 0 0 0 0 -0.01 0 0 0 0 0 0 0 0 0 0 0
"NUP35" 0 0 0 0 0 0 0 0 0 0 0 0 0 0 0 0.04 0 0 0 0 0
"TYW5" 0 0 0 0 -0.02 0 0 0 0 0 -0.01 0 0 0 0 0 0 0 0 0 0
"TAMM41" -0.26 0 -0.06 0 -0.34 -0.62 -0.31 -0.16 -0.19 -0.21 -0.17 0 0 0 -0.21 -0.29 -0.29 0 -0.21 -0.13 -0.17
"PACRGL" 0 0 0 0 0 0.17 0 0 0 0 0 0 0 0 0 0 0 0 0 0 0.01
"ATPSCKMT" 0.15 0 0 0 0 0 0 0 0 0 0 0 0 0 0.14 0 0 0 0.01 0 0.01
"LRGUK" -0.08 0 0 0 0 0 0 0 -0.03 -0.04 0 0 0 0 0 -0.13 -0.01 0 0 0 -0.01
"MPLKIP" 0.01 0 0 0 0 0 0 0 0 0 0 0 0 0 0 0 0 0 0 0 0
"TMEM68" 0 0 0 0 0 0 0 0 0 0 0 0 0 0 0 0 0 0 0 -0.12 -0.01
"SGCZ" 0 0 0 0 0 -0.02 0 0 0 0 0 0 0 0 0 0 0 0 0 0 0
"CARNMT1" 0 0 0 0 0 0 0 -0.14 0 -0.11 -0.07 0 0 -0.02 0 0 0 0 0 0 -0.02
"C9orf85" -0.31 -0.3 0 -0.1 -0.23 -0.08 -0.01 -0.33 -0.17 0 -0.26 -0.3 0 0 -0.18 -0.31 -0.06 -0.36 -0.05 -0.06 -0.16
"MAGEC3" 0 0.08 0 0 0.43 0.09 0 0.21 0.12 0.2 0.33 0 0.26 0.09 0.13 0.41 0.3 0.09 0.06 0.09 0.14
"BRI3BP" 0 0 0 0 0 0 0 0 0 0 0 0 0 0 0 0 0 0.03 0 0 0
"ZNF280B" 0 0 0 0 0 0 0 0 0 0 0 0 0 0 0 0 0 0 0 -0.03 0
"STK35" 0 0 0 0 0 0 0 0 0 0 0 0 0 0 0 0 0.02 0 0 0 0
"MPP7" 0 0 0 0 0.2 0 0 0 0 0 0 0.04 0 0 0.02 0.36 0.14 0.16 0.06 0.22 0.06
"KBTBD3" 0 0 -0.09 0 -0.12 -0.04 0 0 0 0 0 0 0 -0.03 0 -0.16 0 0 0 0 -0.02
"CWF19L2" -0.13 0 0 0 0 0 0 0 0 0 0 0 0 0 0 0 0 0 0 0 -0.01
"DNHD1" 0 0 0 0 0 0 0 0 0 0 -0.02 0 -0.08 0 -0.01 0 -0.02 0 0 0 -0.01
"TMEM120B" 0 0 0 0 0 0 0 0 0 0 0 0.01 0 0 0 0 0 0 0 0 0
"ARMH4" 0 0 0 0 0 0 -0.01 0 -0.08 0 0 -0.1 0 0 -0.12 0 0 -0.06 0 0 -0.02
"LYSMD4" 0 0 0 0 0.13 0 0 0.06 0 0 0.09 0 0 0.03 0.09 0.08 0 0 0 0 0.02
"TTBK2" 0 0 0 0 0.16 0 0 0 0 0 0 0 0 0 0 0 0 0 0 0 0.01
"VWA3A" 0.19 0.13 0.25 0.16 0.19 0.56 0.27 0.06 0.06 0.56 0.29 0.3 0.02 0.1 0.44 0.13 0.46 0.44 0.6 0.09 0.27
"FBXL16" 0 0 0 0 -0.05 -0.01 0 0 0 0 -0.04 0 0 0 0 0 0 0 0 0 -0.01
"IL34" 0 0 0 0 -0.02 0 0 0 0 0 0 0 0 0 0 0 0 0 0 0 0
"CFAP52" 0 0 0 0 0 0 0 0 0.01 0 0 0 0 0 0 0 0 0 0 0 0
"ZNF420" 0 0 -0.05 0 -0.13 0 0 0 -0.08 0 -0.11 0 0 0 -0.14 0 0 -0.01 0 0 -0.03
"ZNF583" -0.02 0 -0.03 0 0 0 0 0 0 -0.02 0 0 0 0 -0.16 0 -0.11 -0.11 0 0 -0.02
"TTC9B" -0.04 0 0 0 0 0 0 0 -0.02 0 0 0 0 0 0 -0.04 0 0 0 0 -0.01
"ZNF98" -0.12 0 -0.16 0 -0.06 -0.13 0 0 0 -0.12 0 0 -0.08 0 0 0 0 0 0 -0.03 -0.03
"C19orf25" 0 0 0 0 0 -0.11 0 0 0 0 -0.06 0 0 0 0 0 -0.1 0 -0.03 0 -0.02
"HSCB" 0 0 0 0 0 0 0 0 0 0 0 -0.02 -0.03 0 0 -0.01 0 -0.03 0 0 0
"SLC38A11" 0 0 0 0 0 0 0 0 0 0.15 0 0 0 0 0 0 0.07 0 0 0 0.01
"NEK10" 0 0 -0.01 -0.38 -0.44 0 0 -0.24 -0.28 -0.39 -0.1 -0.06 0 -0.03 -0.23 -0.29 0 -0.03 -0.65 0 -0.16
"CCDC50" 0.15 0.28 0.04 0 0.4 0.14 0.04 0.18 0.03 0.2 0.29 0.37 0 0.01 0.2 0.26 0.25 0.4 0.26 0.38 0.19
"SH3D19" 0 0 0 0 0 0 0 0 0 0 0 0 0 0 0 0 0 0 0 0 0
"PAQR3" 0 -0.04 0 0 0 0 0 0 0 0 0 0 0 0 0 0 0 0 0 0 0
"TRMT44" 0 0 0 0 -0.14 0 0 -0.08 0 0 0 0 0 0 -0.1 0 -0.04 0 0 0 -0.02
"RASGEF1B" 0 0 0 0 0 0 0 0 -0.01 0 0 0 0 0 0 0 0 0 0 0 0
"MBLAC2" 0 0 0 0 0 0 0 0 0 -0.12 0 0 0 0 0 0 0 0 0 0 -0.01
"TMEM161B" -0.33 -0.13 -0.09 -0.23 -0.4 -0.16 -0.28 -0.31 -0.32 -0.18 -0.71 -0.41 -0.01 -0.37 -0.52 -0.38 -0.43 -0.6 -0.06 -0.19 -0.31
"TTC23L" 0 0 0 0 -0.02 0 0 0 -0.06 0 0 0 0 0 0 -0.03 0 0 0 0 -0.01
"CCDC112" 0 0 0 0 -0.06 -0.01 0 0 0 0 -0.15 0 0 0 0 -0.06 0 0 0 0 -0.01
"AMOT" 0 0 0 0 0 0 0 0 0 0 0 0 0 0 0 0 0 0.01 0 0 0
"VKORC1L1" 0 0 0 0 0 0 0 0 0 0 -0.08 0 0 0 0 0 0 0 0 0 0
"ERICH1" 0 0 0 0 0 0 -0.14 0 0 0 0 0 0 -0.04 0 0 0 0 -0.08 0 -0.01
"CAMSAP1" 0 0 -0.11 0 0 0 0 0 -0.12 0 -0.26 -0.2 0 0 0 0 0 0 0 0 -0.03
"FAAH2" 0 0 0 0 0 0 0 0 0 0 0.13 0 0 0 0 0 0 0 0 0 0.01
"TMTC2" -0.04 -0.25 -0.41 -0.13 -0.15 -0.09 0 -0.07 -0.21 -0.09 -0.13 -0.42 -0.1 -0.17 0 -0.12 -0.02 0 0 -0.2 -0.13
"DENND5B" 0 0 0 0 0 0 0 0 0 0 -0.23 0 0 0 -0.48 -0.23 0 0 0 0 -0.05
"TMEM229B" -0.06 0 0 0 -0.2 -0.06 0 -0.12 0 0 -0.13 0 0 0 0 0 0 0 0 -0.12 -0.03
"SPRED1" 0 0 0 0 0 0 0 -0.24 0 0 0 0 0 0 0 0 0 0 0 0 -0.01
"ADAL" 0 0 0 0 0.02 0 0 0 0 0.09 0 0.12 0 0 0.09 0 0.23 0 0 0 0.03
"ANKFN1" 0 -0.03 0 0 0 0 0 0 -0.04 -0.1 0 0 0 0 0 0 0 0 -0.12 0 -0.01
"RHBDL3" 0.36 0.64 0.41 0.32 0.48 0.27 0.29 0.45 0.27 0.54 0.74 0.39 0.57 0.77 0.32 0.48 0.22 0.51 0.48 0.34 0.44
"ZNF846" 0 0 0 0 0 0 0 0 -0.09 0 0 0 0 0 0 0 0 0 0 -0.15 -0.01
"ZNF100" -0.13 -0.06 0 0 -0.33 0 0 -0.02 -0.07 -0.04 -0.08 0 -0.02 0 0 -0.01 0 -0.08 0 -0.07 -0.05
"FREM3" 0 -0.01 0 0 0 0 0 0 0 0 0 0 0 0 0 0 0 0 0 0 0
"MIER3" 0 0 0 0 0 0 0 0 0 0 0 0 0 0 0 0 0 0 0 0 0
"ZNF92" 0 0 0.07 0 0 0 0 0 0 0 0 0 0 0 0 0 0.15 0 0 0 0.01
"PKD1L1" 0 0 0 0 0 0 0 0 0 0 0 0 0 0 0 0 0 0 0.03 0 0
"TMEM64" -0.1 0 0 0 -0.16 0 0 0 0 -0.04 0 0 0 -0.01 -0.02 -0.07 0 0 0 0 -0.02
"ZNF169" 0.2 0 0 0 0.18 0.2 0 0.12 0.04 0 0.09 0.27 0 0 0 0.36 0.44 0.14 0.02 0.06 0.11
"SSBP4" 0 0 0 -0.01 0 0 0 0 0 0 0 0 0 0 0 0 0 0 0 0 0
"AGO4" -0.04 0 -0.1 -0.03 -0.53 0 0 0 0 0 -0.03 -0.03 0 0 0 0 0 -0.11 0 0 -0.04
"MYRFL" 0 0 0 0 0 0 0 0 0 0 0 0 0 0 0 0 0 0 -0.08 0 0
"APLF" 0 -0.16 -0.03 0 -0.16 -0.33 -0.12 0 -0.14 -0.1 -0.19 -0.22 -0.06 -0.15 -0.32 -0.22 -0.18 -0.16 -0.27 -0.04 -0.14
"CENPV" 0 0 0 0 0 0 -0.02 0 0 0 0 0 0 0 0 0 0 0 0 0 0
"PDE12" 0 0 0 0 0 0 0 0 -0.08 0 0 0 0 0 0 0 0 0 0 0 0
"DNAJC18" -0.25 0 0 0 -0.19 0 0 0 0 0 0 0 -0.27 -0.11 -0.17 0 0 0 0 0 -0.05
"INTS6L" 0.32 0 0.15 0 0.48 0.33 0 0.17 0.03 0.24 0.22 0.24 0.27 0.18 0.16 0.34 0.16 0.36 0.21 0.42 0.21
"ANO5" 0 0 0 0 0 0 0 0 0 0 0 0 0 0 0.44 0 0 0 0 0 0.02
"SLC44A5" 0 -0.48 -0.35 -0.65 -0.06 -0.49 -0.25 -0.5 -0.32 -0.38 0 -0.04 -0.16 -0.48 -0.24 -0.16 -0.19 -0.09 -0.05 -0.52 -0.27
"SENP5" 0 -0.07 0 0 0 0 0 0 0 0 0 0 0 0 0 0 0 0 0 0 0
"CABCOCO1" -0.03 -0.1 0 0 0 -0.05 0 0 0 -0.03 0 -0.05 0 0 0 -0.04 0 0 0 0 -0.01
"FAM13C" 0 0 0 0 0 0 -0.02 0 0 0 -0.1 0 0 0 0 0 0 0 0 0 -0.01
"JMJD1C" 0 0 0 0 -1.02 -0.4 -0.84 -0.15 -0.07 0 -0.29 -0.7 -0.57 0 -0.5 -0.04 -0.09 -0.42 0 0 -0.25
"NSUN6" 0 0 0 0 0 0 0 -0.14 0 0 0 0 0 0 -0.04 0 -0.1 0 0 0 -0.01
"TBC1D32" -0.15 0 -0.15 -0.05 -0.12 -0.15 0 0 0 -0.22 -0.34 -0.3 0 -0.2 -0.1 0 -0.47 0 0 0 -0.11
"BEND6" 0.12 0.09 0.09 0 0.26 0.64 0.03 0.23 0.21 0 0.14 0.37 0 0.36 0.36 0.15 0.36 0.02 0.27 0 0.18
"ADGRF5" 0 0 0 0 0 0 0 0 0 0 0 0 0 0 0 0 0 0 0 0 0
"RBM24" 0 0 0 0 0 0 0 0 0.01 0 0 0 0 0 0 0 0 0 0 0 0
"PHACTR1" -0.31 -0.28 -0.25 -0.88 -0.08 0 -0.31 -0.33 -0.08 -0.43 0 0 0 -0.4 0 0 -0.2 0 -0.07 -0.34 -0.2
"VWDE" 0 0 0.14 0.07 0 0 0.03 0.02 0 0 0 0.14 0.06 0 0 0 0.02 0 0 0.05 0.03
"CCZ1B" 0 0 0 0 0 0 0 0 -0.23 0 0 0 0 0 0 0 0 0 0 0 -0.01
"RSBN1L" -0.46 -0.78 -0.68 0 -0.75 -0.6 -1 -0.24 -0.05 -0.11 -0.78 -0.53 -0.57 -0.36 -0.32 -0.23 -1.24 -0.37 -0.24 -0.28 -0.48
"ATXN7L1" -0.09 -0.42 -0.33 -0.34 -0.66 -0.3 -0.94 -0.83 -0.34 -0.59 -0.85 -0.46 -0.44 -0.43 -0.7 -0.59 -0.72 -0.26 0 -0.72 -0.5
"KCTD20" 0.07 0 0 0 0 0.39 0 0 0.2 0 0.17 0 0 0 0 0 0 0.06 0 0 0.04
"ZSCAN23" 0 -0.17 0 0 -0.34 -0.13 0 -0.06 -0.04 -0.08 -0.02 0 -0.01 0 -0.01 0 -0.04 -0.1 0 -0.09 -0.06
"ZNRF2" 0 0 0 0.11 0.23 0.23 0 0.11 0.01 0 0 0 0 0 0.06 0.24 0.16 0 0 0 0.06
"CERS6" 0 -0.02 0 0 -1.05 -0.69 0 0 0 0 0 0 -0.37 0 0 -0.05 0 -0.02 0 -0.25 -0.12
"ZDHHC20" 0.04 0.06 0 0 0 0 0 0 0 0 0 0 0 0 0 0 0 0 0 0 0.01
"ASPHD1" -0.17 -0.1 0 0 0 0 -0.03 0 0 0 0 0 -0.1 0 0 0 0 0 0 0 -0.02
"METAP1D" 0 0.14 0 0 0.04 0.01 0.16 0.03 0.29 0.28 0.07 0.08 0.11 0.1 0.1 0.17 0.2 0.09 0.07 0 0.1
"SNX32" 0 0 0 0 0 0 0 0 0 0 0 0 0 0 0 0 0 0 0 0 0
"CNIH2" 0 0 0 0 -0.07 0 0 0 -0.12 0 0 0 0 0 -0.01 0 0 0 0 -0.08 -0.01
"MCM9" 0 0 0 0 0 0 0 0 0 0 -0.09 0 0 0 0 -0.03 -0.01 0 0 0 -0.01
"CFAP299" 0 0 0 0 0 0 0 0.03 0 0 0 0 0.04 0 0.03 0 0 0 0 0.15 0.01
"COL24A1" -0.19 -0.2 -0.08 -0.17 -0.4 -0.23 -0.35 0 -0.29 -0.07 -0.37 -0.31 -0.19 -0.21 -0.55 -0.42 -0.39 -0.23 -0.29 -0.03 -0.25
"ZNF549" -0.01 0 0 0 0 0 0 0 0 0 0 0 0 0 0 0 0 0 0 0 0
"PLCXD2" 0.4 0.35 0.43 0.25 0.46 0.51 0.38 0.34 0.71 0.6 0.29 0.48 0.39 0.36 0.35 0.36 0.31 0.26 0.46 0.39 0.4
"HSPA12A" 0 0 0 0 0 0 0.09 0.02 0 0 0 0 0 0 0 0 0 0 0 0 0.01
"SGMS1" 0 0 0 0 0 0 0 0 0 0 0 0 0 0 0 0 0 0 0.01 0 0
"NPHP4" 0 0.22 0 0.19 0.47 0.23 0 0.38 0.18 0 0.4 0.13 0.14 0 0 0.28 0.32 0.1 0.09 0.23 0.17
"HS6ST3" 0.16 0 0 0 0 0 0 0 0 0 0.35 0 0 0 0 0.13 0.12 0 0 0 0.04
"POC1B" 0 0 0 0 0 0 0 0 0 0 0 0.11 0 0 0 0 0 0 0 0 0.01
"JAKMIP3" 0 0 0 0 0 0 0 0 0 0 0 0 0 0 0.01 0 0 0 0 0 0
"PGM2L1" 0 0 0 0 0 0 0 0 0 0 0 0 0 0 -0.03 0 0 0 0 0 0
"RASSF3" -0.13 -0.12 0 -0.06 -0.17 -0.02 0 -0.42 0 -0.27 0 0 0 -0.03 -0.01 -0.14 -0.08 -0.07 -0.03 0 -0.08
"SLC26A11" 0 0 0.08 0 0 0 0 0 0 0 0 0 0 0 0 0 0 0 0 0.01 0
"RIMKLA" 0 0 -0.06 0 0 0 0 0 0 0 0 0 0 0 0 0 0 0 0 0 0
"IAH1" 0 0 0 0 0 0 0 0 0 0 0 0 0 0 0.03 0 0 0 0 0 0
"RABL3" 0 0 0 0 -0.1 0 0 0 0 0 0 0 0 0 0 0 0 0 0 0 -0.01
"SUMF1" -0.05 0 0 0 0 0 -0.03 -0.05 0 0 -0.06 0 0 0 0 -0.28 0 -0.3 0 0 -0.04
"C3orf70" 0 0 0 0 0 0 0 0 0.06 0 0 0 0 0 0 0 0 0 0 0 0
"CYP4V2" 0 0.01 0 0.09 0 0 0.14 0.06 0 0 0 0 0 0.06 0 0.05 0 0 0.05 0.06 0.03
"RNF175" -0.22 -0.06 0 0 -0.22 0 0 0 -0.09 0 0 0 -0.11 0 -0.32 0 0 0 0 0 -0.05
"FAM200B" 0 0 0 0 0 0 0 0 0 0 0 0 0 0 0 -0.04 0 0 0 0 0
"STPG2" 0 -0.4 -0.53 -0.27 -0.01 -0.47 -0.05 -0.15 -0.26 -0.12 -0.26 -0.23 0 -0.15 -0.08 -0.33 -0.33 -0.11 -0.27 -0.1 -0.21
"DCBLD1" 0 0 0 0 0 0 0 0 0 0 0 0 0 0 0 0.03 0 0 0 0 0
"XKR6" 0 0 0 0 0 0 0 0 0 0.06 0 0 0 0 0 0 0 0 0 0 0
"YIPF6" 0 0 0 0 0 0 0 0 0 0 -0.02 0 0 0 0 -0.21 0 0 0 -0.33 -0.03
"TTC6" 0 0 0 0 0 0 0 0 0 0 0 0 0 0 0 0 0 0 0 -0.07 0
"UBAC2" 0.43 0.73 0 0 0.33 0 0.27 0 0.1 0.21 0.02 0.58 0.2 0 0.2 0.5 0 0.12 0.2 0.14 0.2
"LUZP2" -0.3 -0.25 -0.1 0 -0.19 -0.23 -0.09 -0.16 -0.35 -0.39 -0.19 -0.3 -0.19 -0.16 -0.17 -0.25 -0.1 -0.28 -0.23 -0.2 -0.21
"ZNF260" 0 0 0 0 0 0 0 0 0 0 0 0 0 0 -0.06 0 -0.07 0 0 0 -0.01
"TFAP2E" 0 0 0 0 0 0 0 0 0 0 0 0 0 0 0 0 0 0 0 0 0
"ARMH1" 0 0 0 0 0 0 0 0 0 -0.02 0 0 0 0 0 0 0 0 0 0 0
"C2orf74" 0 0 0 0 0 0 0 0 0 0 0 0 0 0 -0.03 0 0 0 0 -0.1 -0.01
"ZNF680" 0 0 0 0 0 0 0 0 0 0 0 0 0 0 -0.07 0 0 0 0 0 0
"COL28A1" 0 0 0 0 0 0 0 0 0 0 0 0 0 0 0 0.1 0 0 0 0 0
"SATL1" 0 0 0.11 0 0 0 0 0 0.21 0 0.11 0.15 0 0.06 0.1 0.07 0 0 0 0 0.04
"SYT10" 0.16 0.28 0.08 0.05 0.22 0.29 0.19 0.23 0.25 0.41 0.2 0.23 0.27 0.2 0.21 0.29 0.24 0.24 0.12 0.2 0.22
"DUBR" 0.16 0 0.14 0.2 0.55 0.02 0 0.48 0.12 0.02 0 0.36 0.34 0 0 0 0.39 0 0.09 0 0.14
"EYS" -0.04 -0.12 0 -0.05 -0.21 0 -0.03 -0.14 -0.04 -0.07 -0.04 -0.06 0 0 -0.03 0 0 0 0 -0.01 -0.04
"ZNF81" 0 0 0 0 0 0 0 0 0 0 0 0 0 0.07 0.07 0 0 0 0 0 0.01
"SKA2" 0 0 0.09 0 0 0 0 0 0 0 0.05 0 0 0 0 0 0 0 0 0 0.01
"FTCDNL1" 0 0.03 0 0 0 0.15 0 0 0 0 0 0 0 0 0 0 0 0 0 0.22 0.02
"NMNAT3" 0 0 0 0 0 0 0 0 0 0 0 0 0 0 -0.04 0 0 -0.04 0 -0.03 -0.01
"RTN4RL2" -0.06 -0.07 0 0 -0.14 -0.2 -0.23 0 -0.36 0 -0.23 0 0 0 -0.06 -0.19 -0.13 0 -0.19 -0.1 -0.1
"ZBTB41" 0.05 0 0.17 0.09 0.25 0.28 0.14 0.17 0.2 0 0.06 0.12 0.23 0 0.14 0.28 0.2 0.12 0.02 0.21 0.14
"LRRC37A3" -0.17 -0.04 0 -0.17 -0.02 0 -0.04 0 -0.02 0 0 0 -0.35 0 0 0 0 -0.01 0 0 -0.04
"NSUN4" 0 0 0 0 0 0 0 0 0 0 0.01 0 0 0 0 0 0 0 0 0 0
"SLC22A10" 0 0 0 0 -0.02 -0.02 -0.08 0 0 -0.13 0 -0.22 0 -0.23 0 0 0 0 0 -0.05 -0.04
"XKR9" -0.58 -0.64 -0.39 -0.23 -0.36 -0.49 -0.5 -0.66 -0.58 -0.58 -0.61 -0.62 -0.52 -0.32 -0.5 -0.59 -0.45 -0.56 -0.42 -0.42 -0.5
"OR2L3" 0 0 0 0 0 0 0 0 0 -0.05 0 0 0 0 0 -0.07 0 0 0 0 -0.01
"HEATR4" 0 0.06 0.21 0 0 0 0 0 0.03 0 0.08 0 0.21 0 0.12 0 0 0 0 0 0.04
"SNX19" 0 0 0 0 0.21 0 0 0 0.12 0 0.18 0 0 0.01 0 0 0 0.07 0 0.12 0.04
"KNOP1" 0 0 0 0 0 0 0 0 0 0.08 0 0.04 0 0 0.06 0 0 0 0 0 0.01
"C3orf80" 0.02 0.05 0 0 0.1 0.01 0 0 0.08 0 0.05 0 0 0 0 0 0.01 0 0 0 0.02
"SLC25A53" 0.01 0 0 0 0 0 0 0 0 0 0 0 0 0 0 0 0 0 0 0 0
"CTXN1" -0.53 -0.27 -0.32 -0.48 -0.13 -0.44 -0.36 -0.52 -0.28 -0.46 -0.23 -0.38 -0.02 -0.56 -0.05 -0.23 -0.18 -0.36 -0.36 -0.44 -0.33
"HCG17" 0 -0.1 -0.09 0 0 0 0 -0.04 0 0 0 -0.13 0 0 0 0 0 -0.12 0 -0.22 -0.03
"NPIPB4" 0 0 0.04 0 0 0 0 0 0 0 0 0 0 0 0 0 0 0.04 0 0 0
"PTCHD4" 0 0.01 0 0.2 0.06 0.09 0 0.18 0 0.17 0 0 0.08 0 0 0 0 0 0 0.04 0.04
"IGFL4" -0.18 -0.42 0 0 -0.23 -0.15 0 -0.11 -0.06 -0.28 -0.12 0 0 0 -0.28 -0.37 -0.24 0 0 0 -0.12
"LRRC37A2" -0.3 -0.33 -0.5 -0.1 -0.35 -0.42 -0.13 -0.41 -0.33 -0.37 -0.37 -0.45 -0.25 -0.18 -0.39 -0.26 -0.4 -0.38 -0.64 -0.29 -0.34
"RNF165" -0.34 -0.07 -0.29 -0.18 0 -0.58 -0.41 -0.43 -0.41 -0.37 -0.27 -0.9 -0.84 -0.33 -0.35 0 -0.15 -0.06 -0.44 -0.38 -0.34
"JPX" 0 0 0 0 0 0 0 -0.17 0 0 0 0 0 0 0 -0.05 0 0 0 -0.1 -0.02
"WIPF3" 0.55 0.1 0.41 0.5 0.2 0.27 0.7 0.62 0.17 0.67 0.19 0.34 0.55 0.36 0.52 0.37 0.34 0.28 0.35 0.54 0.4
"MIR3976HG" 0 0 0 0 0 0 0 0 0 -0.14 0 0 0 0 0 0 0 0 0 -0.02 -0.01
"ZDHHC11B" 0 0 -0.12 0 0 0 -0.01 0 0 0 0 0 0 0 0 0 0 0 0 0 -0.01
"PRB2" -0.37 -0.32 -0.27 -0.38 -0.14 -0.41 -0.3 -0.34 -0.08 -0.16 -0.17 -0.3 -0.46 -0.16 -0.34 -0.34 -0.03 -0.32 -0.38 -0.21 -0.27
"ACTR3C" -0.16 -0.25 -0.11 0 -0.1 0 0 -0.02 0 -0.02 -0.19 -0.1 -0.1 0 0 -0.08 -0.13 -0.53 0 0 -0.09
"GXYLT2" 0.19 0.11 0 0 0 0.1 0.12 0.09 0.01 0.12 0.12 0.02 0 0.19 0.18 0.14 0 0 0 0.09 0.07
"METTL24" 0 0 0.04 0 0 0 0 0 0.07 0 0 0.12 0 0 0 0.18 0 0.09 0 0 0.02
"CASTOR2" -0.08 0 0 0 -0.12 0 0 0 -0.16 0 -0.02 0 -0.01 0 0 -0.08 0 0 -0.33 0 -0.04
"SHISA9" -0.27 -0.69 -0.47 -0.05 0 -0.5 0 0 -0.42 0 -0.56 0 -0.04 -0.04 -0.28 -0.46 -0.35 -0.14 -0.31 -0.07 -0.23
"PWRN1" 0 0 0 0 -0.14 0 0 0 0 0 0 0 0 0 0 0 0 0 0 0 -0.01
"TIMM23B" 0 -0.24 -0.21 -0.52 0 0 0 0 0 0 -0.03 0 0 -0.11 0 0 0 0 -0.1 -0.15 -0.07
"ZNF891" -0.21 -0.15 -0.24 -0.31 0 -0.09 -0.12 -0.14 -0.1 -0.2 -0.18 -0.03 -0.1 0 -0.16 -0.09 0 -0.13 -0.11 -0.15 -0.13
"MMP24OS" 0 0 0 0 0 0 0 0 0 -0.03 -0.01 0 0 0 -0.04 0 0 0 0 0 0
"MIR34AHG" 0 0 0 0 0.02 0 0 0 0 0 0 0 0 0 0 0 0 0 0 0 0
