"gene" "seed_1" "seed_2" "seed_3" "seed_4" "seed_5" "seed_6" "seed_7" "seed_8" "seed_9" "seed_10" "seed_11" "seed_12" "seed_13" "seed_14" "seed_15" "seed_16" "seed_17" "seed_18" "seed_19" "seed_20" "mean"
"1" "GNG5" -0.910388649175687 -0.78979578069891 -0.871684939080064 -0.777797398507109 -0.894490993542084 -0.932647086104772 -0.892213234996846 -1.00848708372823 -0.774236761199703 -0.878193908000733 -0.722714050936633 -0.733782128113343 -0.936596550674415 -0.718213056168404 -0.726243189200075 -0.91250432204551 -1.08145550699968 -0.920970085352076 -0.953037604338268 -0.951774218734019 -0.869361327379828
"2" "TEAD2" -0.200721052786973 0 -0.191527975768387 0 0 -0.265015382602849 0 0 0 -0.0401562493803463 -0.193472013196702 -0.295662643055307 0 -0.279101070316648 0 -0.305399928532397 -0.473483771950932 0 0 -0.0915728126765294 -0.116805645013353
"3" "COL4A5" -0.183284696987886 0 -0.230780789997205 -0.22507148973553 -0.14383387557478 -0.190058435467231 -0.118900614622718 -0.206734786849941 -0.169430122470057 -0.0695458732515022 -0.155951412911419 -0.16407665523461 -0.0979701719819025 -0.0529712494915207 -0.114016669152963 -0.0733843529630539 -0.0990275339100039 -0.0797253995913354 -0.0998239948269916 -0.342822933762186 -0.140870552939142
"4" "NHLH1" -0.297529283722456 -0.0079494661938148 -0.290326729049076 -0.311554094934235 -0.0749359819711545 -0.308227845345119 -0.210612057748462 -0.16558054346183 -0.355595488630985 -0.399167770155621 -0.353776227035331 -0.273452330397807 -0.318533075971006 -0.345230429999143 -0.260021928311239 -0.226830537493707 0 -0.157073233653834 -0.055355482010661 -0.225727275842298 -0.231873989096389
"5" "SLC6A16" 0 -0.064826551434953 0 -0.437513560729152 -0.624060284376621 -0.148632369999567 -0.288109245550977 -0.0309280127254203 -0.12144362938971 -0.0244246328504145 -0.247085584830948 -0.715678715824095 0 -0.259570005104686 -0.224450849528966 -0.171714049646538 -0.154089356819519 -0.340175486098765 -0.0704246947634363 0 -0.196156351483688
"6" "TMEM123" -0.23357481863144 -0.31852271599743 -0.107618989036318 -0.25938489863276 -0.577888301319108 -0.119659146674988 -0.334845677048391 -0.292278775973075 -0.117532269413101 -0.472037305632961 -0.302572181251071 -0.210863969250583 -0.151072156893351 -0.198979748639045 -0.16026459991239 -0.296397038041783 -0.464760767753346 -0.329956948701085 -0.334093070829067 -0.262592058571248 -0.277244771910127
"7" "METRN" 0 -0.0103650256728462 -0.0145321724249102 -0.0327742212085719 0 -0.00747558877650209 -0.105798739188797 0 -0.191211595879385 0 -0.0628244384466448 0 -0.208658505589384 0 -0.203070483250383 -0.0503170295755759 0 0 0 0 -0.04435139000065
"8" "CA14" 0 0 0 -0.21698233966601 0 0 -0.0703544199346256 -0.223319844226523 0 0 0 0 0 0 -0.0425095228594149 0 0 0 -0.118911447689922 0 -0.0336038787188248
"9" "CDK6" 0 0 0 0 0 -0.008046743080603 0 0 -0.0418657110619149 0 0 0 0 -0.0321470032120714 0 0 -0.0468095701425908 0 0 0 -0.00644345137485901
"10" "ANK3" 0.352331020251333 0.263889945806316 0.361439776258746 0.0128783314284675 0.010375108313482 0.231889393755025 0.154105070549413 0.100145094719866 0.0386135335672563 0.143285689848231 0.0664101085003526 0.147873504682762 0.264135271522795 0.148895803461002 0.190787605461934 0.201572640389311 0.328752460724332 0.0768291725530858 0.101411694110774 0.285579812964747 0.174060051943461
"11" "CLIC1" 0 0 0 0 0 0 0 0 0 0 0 0 0 -0.118937964068533 0 0 0 0 0 0 -0.00594689820342667
"12" "IER2" 0 0 0 0 0 0 0 0 0 0 0 0 0 0 0 0 0 -0.0370102821719194 -0.0224593938133943 0 -0.00297348379926569
"13" "PDLIM5" 0 -0.00313052969351975 0 0 0 0 -0.0981994070105111 -0.0540952606634502 -0.0612122960432066 0 -0.269159042919691 -0.12043130970512 0 0 -0.146634942080864 -0.0656178166997805 0 -0.0705169081268796 -0.000684616716564157 0 -0.0444841064829793
"14" "EZR" 0 0 0 -0.0511376039380688 0 0 0 0 0 -0.117833288035409 0 0 0 0 0 0 0 0 0 0 -0.00844854459867391
"15" "ABCA1" 0 -0.210293475014935 -0.124153499867929 0 -0.18355122267815 -0.27239385634373 -0.217838853268075 -0.180343000205548 -0.0163984320100414 -0.0606404861475776 -0.263544320461822 -0.105802393748604 -0.166223837599764 -0.0976034535098752 -0.0157649979217278 0 -0.0338184086897341 -0.183211600309094 -0.145563111704499 0 -0.113857247474055
"16" "SCN2A" 0 0.00580847238094812 0 0 0 0 0 0 0 0 0 0 0 0 0 0 0 0 0.0626321272058944 0 0.00342202997934213
"17" "PRDX1" 0 0 0 -0.0673642587346786 -0.00860379110118736 0 0 0 0 0 0 0 0 0 0 0 0 -0.0541568741603224 0 0 -0.00650624619980942
"18" "TSPO" 0 -0.12092637821806 0 0 0 0 0 0 -0.0900735455122668 0 0 0 0 -0.00458071198776721 0 0 0 -0.11061673024352 0 0 -0.0163098682980807
"19" "FAM89A" -0.102902781835288 -0.23093147398292 -0.18393335937642 -0.144098517307982 0 -0.192512438420358 -0.105677271603046 -0.0809162745273123 -0.0438284615845756 -0.293943133241985 -0.0522361325275441 -0.0210435480830356 -0.210023677904243 -0.164131135179446 -0.102679204938721 -0.169054752325381 -0.14647977741464 -0.0298430604316821 -0.0436802549504737 -0.0645927078897063 -0.119125398176238
"20" "DSCAM" 0 0 0 0 0 0 0 0 0 0 0 0 0 0 0 0 0.0217306854665763 0.0256590146663113 0 0 0.00236948500664438
"21" "CD99" 0 -0.0466061713120043 0 0 -0.0652261415195662 -0.00075434221708625 0 0 -0.261476907193605 0 0 -0.222131348747885 0 -0.186699136860207 -0.114736252665672 0 0 -0.0648052671437879 -0.0299164183667065 0 -0.049617599301326
"22" "RPS27L" 0 0 0 -0.0217315763211024 0 0 -0.0247303542405971 0 0 0 0 0 0 -0.00861025292807309 0 0 0 0 0 0 -0.00275360917448863
"23" "ANXA5" 0 0 0 0 0 0 0 0 0 0 0 0 0 0 0 0 0 -0.0241587862060903 0 0 -0.00120793931030452
"24" "TLE1" 0 -0.125635253738564 0 -0.0970390316261192 -0.160156056444092 -0.00839104686037224 -0.00153126308605342 -0.176983137861538 -0.201056007260056 -0.101465989187215 -0.0185459790070848 -0.179297379792996 0 -0.1008924241777 -0.105149590722222 0 -0.0896490522833316 -0.189556879713443 -0.235644148094896 0 -0.0895496619927841
"25" "RTN1" 0 0.00923205991799705 0 0.00168518525284592 0 0 0.0959660880042033 0 0 0 0.0338925300590632 0 0 0.0125634336683868 0 0.0395172666646069 0 0 0 0 0.00964282817835516
"26" "KLHL35" 0 0 0 0 0 0 0 0 0 0 0 0 0 0 -0.0238248227167472 0 0 0 0 0 -0.00119124113583736
"27" "HES6" 0 0 0 0 -0.0974293905069238 0 0 0 0 0 -0.0549586970732554 -0.0212642687143221 0 0 0 0 0 -0.0248350654854338 -0.0793505948678055 0 -0.013891900832387
"28" "C1orf54" 0 0 0 0 0 0 0 0 0 -0.0256463343793077 0 0 0 0 0 0 0 0 0 0 -0.00128231671896539
"29" "CHRNA3" 0 0 0 0 0 0 0 0 0 0 0 -0.211174115841425 0 0 0 0 -0.0115360571934279 0 0 0 -0.0111355086517427
"30" "RPS26" 0 0 0 0 -0.0184260462037724 0 -0.0310038068924215 0 0 0 0 0 0 0 0 0 0 -0.0357027029992109 0 0 -0.00425662780477024
"31" "MYT1L" 0 0 0 0.101680395425226 0.0240812194170073 0 0 0 0 0 0 0 0 0.00925019493571847 0 0 0 0 0 0 0.00675059048889761
"32" "SLC8A1" 0 0.0248352606955019 0 0 0 0 0 0 0.00712763624135263 0 0 0 0 0 0 0 0 0 0 0 0.00159814484684273
"33" "PCLO" 0 0 0 0 0 0 0 0 0 0 0.0499060722680511 0 0 0 0 0 0 0 0.00837001769154568 0 0.00291380449797984
"34" "AASS" -0.00260217461930743 -0.0677975937623342 0 -0.208242273836922 -0.235858236877015 0 0 -0.246999784502373 -0.167391326961911 0 -0.0850884967251666 -0.0851072823079497 -0.0627149172001878 -0.29233820219496 0 0 0 0 -0.0246924064751317 0 -0.0739416347731629
"35" "CDK4" 0 -0.195019936960981 0 -0.123279294461853 -0.0153323285299653 0 0 0 -0.00492898020753834 0 -0.0595616582681515 0 0 0 0 0 -0.0884974618524174 -0.109357629980391 0 0 -0.0297988645130649
"36" "RBP1" 0 -0.0210424054548948 -0.0985099600064366 -0.196618803418894 -0.08710648209289 -0.00720462171560995 -0.0587178797662648 -0.0299059242365503 -0.0682032595709448 -0.0876773338864307 -0.00808680476707483 -0.243637271728894 -0.235577428729675 -0.238487167046641 -0.0815789404433063 -0.00658878227574385 -0.104322900346407 0 -0.189111053887925 0 -0.0881188509687292
"37" "ZIC2" 0 0 0 0 0 0 0 0 0 0 0 0 0 0 -0.0574325914718808 0 0 0 0 0 -0.00287162957359404
"38" "MYO1E" -0.0297135839988397 -0.067792944489217 0 -0.047445558304702 0 -0.153503094548501 -0.0944168216085997 -0.0860401572466324 -0.0862414489721074 -0.158166452573712 -0.327873329755054 0 0 -0.138442375846576 -0.132751816623644 -0.112258520274021 0 0 -0.173212421570459 0 -0.0803929262906033
"39" "SLC27A4" 0 -0.338360521616633 -0.0891084184700711 -0.565951621262472 -0.378745755329876 -0.256099901070905 -0.265992169533446 -0.287106197220088 -0.396498502205369 -0.203459861856498 -0.333788878623446 -0.496308658720771 -0.286836984803113 -0.222659375722973 -0.236407353652968 -0.128366909561403 0 -0.157042755591044 -0.323307830355815 0 -0.248302084779844
"40" "NRG3" 0 0 0 0 0 0 0 0 0 0 0 0 0 0 0 0 0.00949423522663732 0 0 0 0.000474711761331866
"41" "OOEP" 0 -0.204101251987317 0 0 -0.201704168316765 0 0 0 0 0 -0.126964175874424 0 0 0 0 0 0 0 0 0 -0.0266384798089253
"42" "GRTP1" 0 -0.209153806902572 -0.0460215212953097 -0.324440140416928 -0.220610978913964 -0.00713930818637094 -0.641600412396146 -0.302683680300025 -0.768501516923911 0 -0.36083464997648 0 -0.098473917749204 -0.422244098280043 -0.484395579037269 0 -0.330008140971355 -0.692256909038485 -0.928488330155711 0 -0.291842649527189
"43" "PTN" 0 0 0 0 -0.00169013073542682 0 0 0 0 0 0 -0.00702105741132026 0 0 0 0 0 0 -0.0177642214122163 0 -0.00132377047794817
"44" "HNRNPA1L3" 0 -0.3345623268187 0 -0.169202102799426 -0.293394315739332 0 0 0 -0.245084188456646 0 -0.0881726955140213 0 -0.100571816133255 -0.0647368952704074 -0.385161817180734 -0.0509491670152704 0 -0.313568602206601 -0.00110421276041324 0 -0.10232540699474
"45" "S100B" 0 -0.0233730001511253 0 0 0 0 0 0 0 0 0 0 0 0 0 0 0 -0.0475329462279393 -0.016446277261155 0 -0.00436761118201098
"46" "RGS16" -0.300756886002388 -0.455404001539507 -0.163469448895887 -0.389343384493239 -0.352353605742502 -0.411393983694573 -0.44728256488708 -0.271633416723288 -0.437858415230638 -0.502103068227811 -0.301745520033526 -0.537885581602561 -0.429904901868193 -0.254742010992911 -0.45928542382005 -0.198062890399024 -0.140232687818718 -0.288818128556491 -0.575629568881298 0 -0.345895274470484
"47" "ZBTB18" 0 -0.0404990904420399 0 -0.125716044719307 -0.0868328256092839 0 -0.0238385497518219 0 -0.134044483033906 0 -0.0833062185647983 0 0 -0.0783360250923344 0 0 0 0 0 0 -0.0286286618606746
"48" "TCF3" 0 -0.156271507609058 0 0 0 0 0 0 -0.0120328945725878 0 -0.000276742241047024 -0.0371904740053219 0 0 -0.081273477470318 0 -0.0127709369684552 0 0 0 -0.0149908016433394
"49" "ETV6" 0 0 0 0 0 0 0 0 -0.0802046889431848 0 0 0 0 0 0 0 0 0 0 0 -0.00401023444715924
"50" "SLC1A3" 0 0 0 -0.0100767657779627 0 0 0 0 0 0 0 0 0 0 0 0 0 0 0 0 -0.000503838288898134
"51" "TFAP2B" 0 0 0 -0.0022133302102769 0 0 0 0 0 0 0 0 0 -0.121534339952282 0 0 -0.248908246213688 -0.0439031034567873 -0.150400369215418 0 -0.0283479694524226
"52" "MT1F" 0 -0.304878404424631 0 0 -0.534451202285491 0 -0.362128893176696 0 -0.509971483419648 0 -0.707045466162541 0 0 -0.245628146739491 0 0 0 -0.650727391522179 0 0 -0.165741549386534
"53" "PMP2" 0 0 0 -0.00410911106056202 0 0 0 0 0 0 0 0 0 0 0 0 0 0 0 0 -0.000205455553028101
"54" "STEAP1B" 0 -0.17419115320989 0 0 0 0 0 0 0 0 0 0 0 0 0 0 0 -0.168303123096489 -0.0682369679213687 0 -0.0205365622113874
"55" "TEAD3" 0 -0.0977519191223049 0 -0.38620548211126 0 0 0 -0.035766152647054 -0.00955203878752525 0 0 0 0 -0.118980033607007 0 0 -0.200958766819106 0 0 0 -0.0424607196547129
"56" "SH3BGRL3" 0 0 0 0 -0.0123638359074325 0 -0.0938398495673437 0 0 0 0 0 -0.0326773933919073 0 0 0 0 -0.0461717468215391 -0.0441715551054257 0 -0.0114612190396824
"57" "RALY" 0 0 0 0 0 0 0 0 0 0 0 0 0 0 0 0 0 0 -0.00570771262037815 0 -0.000285385631018908
"58" "IGFBPL1" 0 0 0 0 -0.00196353550860275 0 0 0 0 0 0 0 0 -0.0462347711295153 0 0 -0.0563537695915204 -0.00450676378655723 0 0 -0.00545294200080978
"59" "RSPO3" -0.406856852554012 -0.453467566509567 -0.419138697490104 -0.489762518741392 -0.699190620040333 -0.481087143353068 -0.413347728604357 -0.433446390573955 -0.656346702345385 -0.540743608947204 -0.51815466173218 -0.591893020488375 -0.577669648520672 -0.469476846575529 -0.469907074450782 -0.430844487015688 -0.415030249784734 -0.537994357652335 -0.415620833177469 -0.229279904684704 -0.482462945662092
"60" "CRABP1" 0 0 0 0 -0.0264713934393247 -0.0519232114363904 0 0 0 0 0 0 0 0 0 0 0 -0.0649217420203862 -0.0322292074880535 -0.0346090080999244 -0.010507728124204
"61" "DMRTA2" 0 -0.0357017465449868 0 -0.0980914976616695 0 0 0 0 0 0 0 0 0 0 0 0 0 0 0 0 -0.00668966221033281
"62" "RASL11B" 0 0 0 -0.167073032673548 0 0 0 0 0 0 0 0 0 0 0 -0.0808924859779222 0 0 0 0 -0.0123982759325735
"63" "HSD17B10" 0 0 0 0 0 0 0 0 0 0 0 -0.016830857887977 0 0 0 0 0 0 0 0 -0.000841542894398848
"64" "MRPL51" 0 0 0 0 0 0 0 0 0 0 0 0 0 0 0 0 0 0 -0.00525122154413291 0 -0.000262561077206646
"65" "BHLHE22" 0 -0.301418884151042 0 0 -0.150243154795906 0 0 -0.00922810716139608 -0.166556257598808 -0.020385083473399 0 -0.0523434534364089 0 -0.0514550475969013 0 0 0 -0.272566914645876 -0.168334467414874 0 -0.0596265685137305
"66" "MCL1" 0 0 0 -0.125315681282578 0 0 0 0 0 0 -0.0280635406745236 0 0 0 0 0 0 0 0 0 -0.0076689610978551
"67" "TTR" 0 -0.357054811110775 0 -0.271134572077922 0 0 0 0 0 0 -0.0146934849340326 0 0 0 0 0 0 0 -0.0922919468858958 0 -0.0367587407504313
"68" "TUBB3" 0 0 0 -0.0140884299219485 0 0 0 0 0 0 0 0 0 0 0 0 0 0 0 0 -0.000704421496097426
"69" "RTKN" 0 -0.348952324100171 0 -0.68604897680162 0 0 0 0 -0.0111364589255062 0 0 -0.00390184046670947 0 0 0 0 0 0 0 0 -0.0525019800147004
"70" "AHNAK" 0 0 0 -0.388582622893677 -0.530938117698043 0 -0.46890809725819 0 -0.136032471849057 -0.339538453540303 0 -0.102140451626742 0 -0.245382262534768 0 0 -0.289807591655944 -0.325964251235941 -0.456242160137177 0 -0.164176824021492
"71" "SLC9C1" 0 0 -0.0837580169021403 -0.313684132966707 -0.18531515866737 0 0 -0.25354161181807 -0.352560011769702 0 0 0 0 -0.257771943340233 -0.22936612969476 0 -0.00268414269663312 0 -0.0168274702574489 0 -0.0847754309056532
"72" "CDKN1A" 0 0 0 -0.0572644072648146 -0.120450044747026 0 0 0 0 0 0 -0.0172239133183172 0 0 0 0 0 0 -0.0195412864983893 0 -0.0107239825914274
"73" "FEZF2" 0 0 0 -0.0465310019533564 0 0 0 0 0 0 0 0 0 0 -0.132215016892969 0 0 0 0 0 -0.00893730094231629
"74" "TRAF4" 0 0 0 -0.0664734700304324 -0.147893211888449 0 0 0 0 0 -0.0642053317706216 0 0 0 0 0 0 0 -0.00439424926538877 0 -0.0141483131477446
"75" "PDPN" 0 0 0 0 0 0 0 0 0 0 0 0 0 0 0 0 0 -0.0942049958021099 -0.332661376956257 0 -0.0213433186379184
"76" "SPON2" 0 0 -0.00592969343265556 0 0 0 -0.0036832374666886 -0.00493975790089671 0 0 0 0 0 0 0 0 0 0 0 0 -0.000727634440012043
"77" "ABCA8" 0 0 0 0 -0.166411680149059 0 0 0 0 0 0 0 0 0 0 0 0 0 0 0 -0.00832058400745293
"78" "TFAP2A" 0 -0.234186684444765 0 -0.0330287641530371 0 0 0 0 0 0 0 0 0 0 0 0 -0.108992853167561 -0.0635858921830507 0 0 -0.0219897096974207
"79" "CDC14A" 0 0 0 0 -0.05409704835002 0 0 0 0 0 0 0 0 0 0 0 0 0 0 0 -0.002704852417501
"80" "PDLIM2" 0 0 0 0 0 0 0 0 -0.00526364329424198 0 -0.0138050729971696 0 0 0 0 0 0 0 0 0 -0.00095343581457058
"81" "BCL11A" 0 -0.18734377668793 0 -0.111672913421423 -0.261364660336284 0 0 0 0 0 -0.209474778266244 -0.0352671043647722 0 0 0 0 0 -0.181833245928691 -0.0722739936012094 0 -0.0529615236303277
"82" "CASP6" 0 0 0 0 0 0 -0.0426127246923558 0 0 0 0 0 0 0 0 0 0 0 0 0 -0.00213063623461779
"83" "VIM" 0 -0.0781895948374639 0 0 0 0 0 0 0 0 0 0 0 0 0 0 0 0 0 0 -0.0039094797418732
"84" "PRR13" 0 0 0 0 0 0 0 0 0 0 -0.0155756129120701 0 0 0 0 0 0 0 0 0 -0.000778780645603504
"85" "SDF2L1" 0 0 0 0 -0.176171891049937 0 -0.243213446687922 0 -0.0258872469065884 0 -0.0763471580407685 -0.482938445654611 0 0 -0.016406335777908 0 0 0 -0.12148261569136 0 -0.0571223569904548
"86" "BRMS1" 0 0 0 0 -0.432743309409614 -0.020870000167972 -0.0478256137815487 -0.0568778582498941 0 0 -0.161762604249735 -0.0790887834520919 0 -0.0505544246798532 -0.197939075032807 0 0 -0.0858161700638605 0 0 -0.0566738919543688
"87" "GRN" 0 -0.392474304868506 0 -0.0192063432177273 -0.538329513553017 0 0 0 -0.11904440628152 0 -0.236356528800032 -0.103726684822883 0 0 0 0 0 -0.492790370149417 0 0 -0.0950964075846551
"88" "CNTN2" 0 -0.290369060851212 0 -0.120708669539896 -0.207232325728039 -0.0939494579672299 -0.0784087504640433 -0.120600458222318 -0.30966531741778 0 -0.199578838259789 -0.0772645482695532 0 -0.109876354798154 -0.191346797430488 -0.0404534603651627 0 -0.154094682912749 -0.258425337910823 0 -0.112598703006862
"89" "VCP" 0 -0.129794154005677 0 0 0 0 0 0 0 0 0 0 0 0 0 0 0 0 0 0 -0.00648970770028385
"90" "JAG1" 0 -0.0517716206886822 0 0 0 0 0 0 0 0 0 0 0 0 0 0 0 0 0 0 -0.00258858103443411
"91" "GAL3ST4" 0 0 0 0 -0.188172041365752 0 0 0 0 0 0 0 0 0 0 0 0 0 0 0 -0.00940860206828762
"92" "TBR1" 0 -0.0561778816767622 0 -0.146100875288205 0 0 0 0 0 0 0 0 0 0 0 0 0 0 0 0 -0.0101139378482484
"93" "C1orf43" 0 0 0 0 -0.0312279159311365 0 0 0 0 0 0 0 0 0 0 0 0 0 0 0 -0.00156139579655682
"94" "TP73" 0 0 0 0 0 0 -0.0781924580052961 0 0 0 0 0 0 0 0 0 0 0 -0.0555095623449812 0 -0.00668510101751386
"95" "SERPING1" 0 0 0 0 0 0 0 0 -0.046767305383625 0 0 0 0 0 0 0 0 0 0 0 -0.00233836526918125
"96" "CIBAR2" 0 0 0 -0.605558105944393 0 -0.0630044102511422 0 0 0 0 -0.309053320646254 -0.284870836687834 -0.25601752217061 0 0 0 0 0 0 0 -0.0759252097850116
"97" "PARP14" 0 0 0 0 0 0 0 0 0 0 -0.0939084577547806 0 0 0 0 0 0 0 0 0 -0.00469542288773903
"98" "HIP1" 0 -0.0452815218980349 0 -0.0469777222584179 0 0 0 0 0 0 -0.0680596496963756 0 0 0 0 0 0 -0.00205885097010387 0 0 -0.00811888724114661
"99" "HEBP2" 0 0 0 0 -0.0636875357925505 0 0 0 0 0 -0.15229527054269 0 0 0 0 0 0 0 0 0 -0.010799140316762
"100" "SERTAD3" 0 0 0 0 -0.1126687270503 0 0 0 0 0 0 0 0 0 0 0 0 0 0 0 -0.005633436352515
"101" "LZTS1" 0 -0.0564730491856658 0 -0.0184589865196356 -0.013653222780255 0 -0.080397425459077 0 0 0 -0.00780771582955791 0 0 0 0 0 0 0 0 0 -0.00883951998870956
"102" "CASP7" 0 0 0 0 -0.267595766580111 0 0 0 0 0 0 0 0 0 0 0 0 0 0 0 -0.0133797883290055
"103" "GBX2" 0 0 0 0 0 0 0 0 0 0 0 0 0 0 0 -0.0355881287696997 0 0 -0.16843167835913 0 -0.0102009903564415
"104" "UHRF1" 0 -0.0273598714695495 0 -0.155408148814525 0 0 0 0 0 0 0 0 0 0 0 0 0 0 0 0 -0.00913840101420374
"105" "CREB3L4" 0 -0.0620105558159397 0 0 -0.443270359966643 0 -0.210187717228146 0 -0.0316680950444886 0 -0.197091128877585 0 -0.246944045586923 0 0 0 0 -0.337665458144231 -0.278405645101812 0 -0.0903621502882884
"106" "PRSS51" 0 0 0 0 -0.129442274854574 0 0 0 0 0 0 0 0 0 0 0 0 0 0 0 -0.00647211374272869
"107" "NEUROD2" 0 0 0 0 -0.0941276106647152 0 0 0 0 0 0 0 0 0 0 0 0 0 0 0 -0.00470638053323576
"108" "SOX3" 0 -0.106543013661072 0 -0.265614099798134 -0.0551672758534429 0 0 0 -0.119178448097357 0 0 0 0 0 0 0 0 -0.0432467587760416 0 0 -0.0294874798093024
"109" "HELZ2" 0 -0.120881446083549 0 0 -0.323000530107451 0 0 0 0 0 0 0 0 0 0 0 0 0 0 0 -0.02219409880955
"110" "RIT1" 0 -0.130292589342592 0 0 -0.0981723040192106 0 0 0 -0.0611396085972943 0 0 0 0 0 0 0 0 -0.0192675015110663 0 0 -0.0154436001735081
"111" "RBM47" 0 0 0 0 0.0125066240425665 0 0 0 0 0 0 0 0 0 0 0 0 0 0 0 0.000625331202128323
"112" "WNT7B" 0 -0.0222533813991824 0 0 0 0 0 0 0 0 0 0 0 0 0 0 0 0 0 0 -0.00111266906995912
"113" "LHX5" 0 0 0 0 -0.055812508678046 0 0 0 0 0 -0.0987754441301116 0 0 0 0 0 0 0 0 0 -0.00772939764040788
"114" "TTC38" 0 -0.822945253073102 0 0 -0.527279020003165 0 -0.184602306060144 0 0 0 -0.23741960707874 0 0 0 0 0 0 -0.138400009951508 -0.357130395379948 0 -0.11338882957733
"115" "SULF1" 0 0 0 0 0 0 0 0 0 0 -0.00736851387561526 0 0 0 0 0 0 0 0 0 -0.000368425693780763
"116" "RELA" 0 0 0 0 -0.0996001162157743 0 0 0 0 0 0 0 0 0 0 0 0 0 0 0 -0.00498000581078871
"117" "AGT" 0 -0.310883384159948 0 0 0 0 0 -0.281947154157627 0 0 -0.347449856935065 -0.0740639456721928 0 0 0 0 0 0 -0.14418962052451 0 -0.0579266980724672
"118" "ARPIN" 0 0 0 -0.0295087674944761 -0.134918214637105 0 0 0 0 0 0 0 0 0 0 0 0 0 -0.0869991755630401 0 -0.012571307884731
"119" "C1QL1" 0 0 0 0 0 0 0 0 0 0 0 0 0 0 0 0 0 -0.0606598936976521 0 0 -0.0030329946848826
"120" "PAX2" 0 0 0 0 -0.150025445724553 0 0 0 -0.0314484488503952 0 0 0 0 0 0 0 0 0 0 0 -0.0090736947287474
"121" "GLRX" 0 0 0 -0.0360283274845224 -0.115359540988876 0 0 0 0 0 0 0 0 0 0 0 0 0 0 0 -0.00756939342366993
