"gene" "seed_1" "seed_2" "seed_3" "seed_4" "seed_5" "seed_6" "seed_7" "seed_8" "seed_9" "seed_10" "seed_11" "seed_12" "seed_13" "seed_14" "seed_15" "seed_16" "seed_17" "seed_18" "seed_19" "seed_20" "mean"
"1" "GRM5" 0.0919323942403736 0.06757578537569 0 0.155549826510612 0.0624710540075613 0.128428471061498 0.130094738580984 0.194799609396223 0.157336278664786 0.107491658122009 0.164996615538586 0.133543279493291 0.116284767875919 0.0918496592368862 0.100153713568271 0.126348067003346 0.0796471489404218 0.173880639630881 0.108292744416761 0.0922628365607187 0.114146964411241
"2" "LMO3" 0.0126085652317276 0 0 0 0 0.0178800936514387 0 0 0 0 0 0 0 0 0 0.0432539343502866 0 0 0 0 0.00368712966167265
"3" "NKAIN2" 0.0471665012338867 0.0991101977105913 0.0810406741330597 0.0922940487408437 0.0817947141349555 0.0543905508503066 0.0865907376043294 0.0709144680698884 0.065263840295032 0.0436732553608424 0.0794325080008891 0.106043522972633 0.085429230514411 0.0636242918039961 0.0517366170104936 0.0631743275538154 0.0736649710477042 0.0221444039053902 0.0195798973352633 0.0517530916011216 0.0669410924939727
"4" "RPS21" -0.143313321443098 -0.144331362876751 -0.0541484328270139 -0.172794187625894 -0.143851293334596 -0.193113310877397 -0.189199371574597 -0.232562322411398 -0.202679271635001 -0.218170199870076 -0.15694501278415 -0.23517727011037 -0.193195242116702 -0.224800611063974 -0.176277268031876 -0.142227442885453 -0.189523278549471 -0.12443087159838 -0.236523567855675 -0.0962898353742801 -0.173477673742308
"5" "RALYL" 0 0.0661416664165918 0.0641116807675644 0.0156985147871279 0.0314652100167974 0.0622021494650299 0.062277173076224 0.0210393007789688 0.0288447031777967 0.0298804483420501 0.043636663509211 0 0.00562377823203861 0.0430280582977802 0.0833013084082175 0.00176464436365719 0.0509638538805453 0.0691225024984167 0.0924937428311836 0.0673043008829862 0.0419449849866094
"6" "PRKCB" 0.153898333929248 0.197268037381905 0.245074548947089 0.224956058064863 0.206441946475381 0.224462760060301 0.126576070202935 0.135310665075846 0.197802330360795 0.186415746010465 0.236266174342828 0.18314345037981 0.218205527772211 0.170277631239357 0.137660826943912 0.207993379564722 0.255087708923677 0.153572600956532 0.191269096221706 0.248407414777173 0.195004515381538
"7" "GRIK3" 0 0 0 0 0.024910961014473 0 0 0 0 0 0 0 0 0 0 0 0 0 0 0 0.00124554805072365
"8" "IGFBPL1" -0.0224168108112498 0 0 0 0 0 0 0 0 0 0 0 0 0 0 0 0 0 0 0 -0.00112084054056249
"9" "RPL38" -0.0365710373841321 -0.11987958419476 0 0 -0.050862988286305 -0.0556616715238055 -0.155135832373477 -0.0227126699576695 0 -0.103421273903996 -0.159485888568966 0 -0.0509196156867736 -0.0577960872295288 0 -0.134998318332511 -0.131953802570425 -0.149927800290117 0 0 -0.0614663285151234
"10" "RPL23A" 0 -0.0466359579479717 0 0 0 0 0 0 0 0 0 0 0 0 0 -0.00685616868849748 0 0 0 0 -0.00267460633182346
"11" "LRP1B" 0.0226552004759777 0.00951935373020526 0.0613037235506186 0.0260759041029218 0.0669453485893137 0.0364284809248542 0.0626067590101045 0.0604396175452876 0.0633733752575314 0.0434366637103927 0.00318310862371568 0.0212299954317095 0.0388318416515453 0.0327705785689656 0.0561528030766356 0.0400295521465814 0.0352948842145178 0.050130985701894 0.0885152444646189 0.123792337932645 0.0471357879355018
"12" "RPS9" 0 0 0 0 0 0 0 0 0 0 0 -0.0060649648974876 0 0 0 0 0 0 0 0 -0.00030324824487438
"13" "RPS26" -0.0634266060447871 -0.136138407287694 0 0 0 -0.00388443941427233 -0.0890405901530993 -0.021378407551825 0 0 0 0 0 -0.0172468991113325 -0.0347591722002806 -0.0195992183342998 0 -0.0103161526282555 0 0 -0.0197894946362923
"14" "PRDX2" 0 0 0 0 0 0 0 0 0 -0.00129268374393952 0 0 0 0 0 0 0 0 0 0 -6.46341871969758e-05
"15" "RPS28" -0.125826634235994 0 0 0 -0.039763859257991 -0.039755909659677 -0.0156704495525615 0 -0.0257571134879637 0 -0.0325995507887568 0 0 -0.0106240435764478 -0.0241695348816752 -0.0694087311503172 -0.0417554137395055 -0.0605846036150031 0 0 -0.0242957921972946
"16" "PLXNA2" -0.0470366962622202 -0.00109316456856101 0 0 -0.0176845408012949 -0.0770542122195665 -0.0299782329639926 0 0 -0.0174891000191 -0.0185261289069534 -0.00951741906183365 -0.00225232032731274 -0.0519649923535803 -0.0102919074639057 -0.0263758553743924 -0.00772050193072934 -0.0186221754678834 0 0 -0.0167803623860663
"17" "EEF2" -0.0481482672282751 -0.0937259116919065 0 -0.0161198746704376 -0.0797466510993293 -0.00703152039809219 0 0 0 0 0 -0.0410898407346204 0 -0.0789178655953514 -0.104746854270436 0 0 0 0 0 -0.0234763392844224
"18" "CSMD1" 0.0598335379405987 0.023342823176602 0.0547473103358889 0.0430592607615104 0.0171164026322976 0.0450944528519214 0 0.0358403886907027 0.0518930831326398 0.0642978683698321 0.0654976219670173 0.0305889062057814 0.0841945808046059 0.06895131037991 0.0411655048169535 0.0243277315279488 0.0361144722047032 0.0276172443250915 0.0871471815065163 0.0802699014344632 0.0470549791532492
"19" "RPL27" -0.0255720199052683 0 0 0 0 0 -0.0047284904553407 -0.00304863824921396 0 0 0 0 0 0 -0.117742213384522 -0.0638310019448252 0 0 0 0 -0.0107461181969585
"20" "RPS29" 0 0 0 0 0 0 0 0 0 0 0 -0.0743974253434803 0 0 0 0 0 0 0 0 -0.00371987126717401
"21" "C4orf48" 0 -0.0511009832269321 -0.0499571457220298 0 0 -0.034805973577145 -0.0423053977765484 0 -0.0128250739085858 -0.0827670367591836 0 -0.0819919713558628 0 0 -0.0551432573427302 -0.0721825051953002 0 -0.153766606823149 0 0 -0.0318422975843734
"22" "RPS20" 0 0 0 0 0 0 0 0 0 0 0 0 0 0 0 -0.0241489177246312 0 0 0 0 -0.00120744588623156
"23" "NEUROD6" -0.0463366651356494 -0.00802497933123931 0 0 -0.00518801341412634 0 0 0 -0.0419504097907261 0 0 0 0 -0.0863597841712667 0 0 0 0 0 0 -0.00939299259215039
"24" "NACA" 0 0 0 0 -0.0421879722772302 0 0 0 -0.0012214629021464 0 0 0 -0.14656739792609 -0.0384043551337747 0 0 0 0 0 0 -0.0114190594119621
"25" "KCNQ3" 0 -0.0594141724677805 0 0 -0.0179045181883738 -0.017075240881304 -0.0136292097757143 0 0 -0.00801772361586999 0 -0.0630145610864405 -0.0124060290786064 -0.0197610513676872 0 -0.0248987078579188 0 -0.025678670610239 0 0 -0.0130899942464967
"26" "FAM189A1" 0.00410963329958857 0 0.170822744615017 0.0403607137256098 0 0.0136004729592087 0 0.0439140626026173 0 0 0.0574763463968146 0 0.0254723820161706 0 0.0112614262417791 0 0 0.0100655646815629 0 0.0465857453273056 0.0211834545932837
"27" "NEBL" 0 0.0489047965012608 0.0622734883053426 0 0.0805432880579778 0.0112170723375015 0.0688034735778955 0.0151345259093719 0.109557791702387 0.125444405379718 0.00490368893640222 0.121761776396964 0.0644931738242127 0.0489097498639901 0.0641435579240814 0.0450151125705652 0.0634124150886837 0.0488022703266775 0.101235178649599 0.00461555096426191 0.0544585658158446
"28" "DBN1" -0.0632726947484914 -0.0937529141236585 0 0 0 0 -0.0503793265476256 -0.0235687818974452 0 -0.0342609614758608 -0.00554677952407723 0 0 -0.0354556706136051 -0.021221896750286 -0.063322436103653 -0.117045693205263 -0.0696643324665922 0 0 -0.0288745743728279
"29" "RPL10A" 0 0 0 -0.0362168599851309 -0.000335068654648692 0 0 0 0 0 0 0 0 0 0 0 0 0 0 0 -0.00182759643198898
"30" "NAV2" 0 0 0.0855064334706672 0.0877706004401751 0.113987108488149 0.0361421659677183 0 0.0944900513160809 0.0974784227574282 0.072926642050651 0 0.0479033090418513 0.0534575430317576 0 0 0.00381353948769176 0 0.0182991549041814 0.0361411873397338 0.103288356734472 0.0425602257515279
"31" "PTPN4" 0 0 0 0 0 0 -0.00591048951608624 0 0 0 0 0 0 0 0 0 0 0 0 0 -0.000295524475804312
"32" "NHSL1" -0.19251476527634 -0.0985520677265265 -0.0149320043541104 -0.105533578552249 -0.0657929911980641 -0.0617236075234916 -0.0448027999357166 -0.10518931336645 -0.109033124114057 -0.107480060049651 -0.150292655279396 -0.0552528232114962 -0.147427062358994 -0.134815580700684 -0.100343470595978 -0.153191736068647 -0.191230821595066 -0.153657142753114 -0.135475155757807 -0.101065160734258 -0.111415296057605
"33" "COX6B1" -0.0564279176886737 -0.00674048236753381 0 -0.111556729722954 -0.0391148100631339 -0.10922327192479 -0.109673122278723 -0.176210698452472 0 -0.0195382643359437 -0.0576920226538269 0 0 0 -0.0173512285884012 -0.0433063012339123 -0.0915755978006563 -0.0421635417705076 -0.00606881112836387 -0.231606849932724 -0.0559124824971308
"34" "RPL12" 0 0 0 0 0 0 0 0 0 0 0 -0.00833968340375269 0 0 0 0 0 0 0 0 -0.000416984170187635
"35" "CUX2" -0.025604460428248 0 0 0 0 0 0 0 0 0 0 0 0 0 0 -0.0602606208410276 0 0 0 0 -0.00429325406346378
"36" "SHB" -0.0888010983241724 -0.0488180461894356 0 0 0 -0.0344738446020035 -0.0274515252227488 0 0 0 -0.085793751324165 0 0 -0.0890658420980606 -0.157000715468003 0 -0.0461553738817198 -0.0190011435655062 -0.0376526416778303 0 -0.0317106991176823
"37" "RPL4" -0.064273262892715 0 0 0 -0.0919177367303267 0 -0.0284083219116292 0 0 0 -0.0734007804836604 -0.00740656087126141 0 -0.00665799134458289 -0.0220418948696611 -0.0253295948096708 -0.0132262328221723 -0.0321072137389708 0 -0.0145140342131618 -0.0189641812343906
"38" "EIF4G2" -0.0460653340765821 -0.106399259447791 0 -0.022474028844912 0 0 -0.00765095334232248 0 0 0 -0.00100194954573054 0 0 0 0 -0.00485066201910187 0 -0.00619778524691443 0 -0.0158144770847303 -0.0105227224804042
"39" "EIF4A1" -0.005956656939935 0 0 0 -0.00112071940496106 0 0 0 0 0 0 0 0 0 0 0 0 0 0 0 -0.000353868817244803
"40" "GPR22" 0 0 0.00465979519689159 0.0287053496330634 0 0.00240194301083596 0 0.00406847803549677 0.15250195980165 0.0648420680576691 0 0 0 0 0 0 0 0 0 0.0876165093354157 0.0172398051535511
"41" "NTRK2" 0 0 0.0631563857015942 0 0 0 0 0 0.0219928729515948 0 0 0 0 0 0 0 0 0 0 0.037123335609856 0.00611362971315225
"42" "CCDC85A" 0 0 0.156627736591576 0.0145889963007313 0.0228298849246944 0.0834948633118107 0 0.0466903010551912 0.0499067672216059 0.115758087936664 0.0711697473396285 0.261805690215354 0.0718105331673995 0 0.0594313479662954 0 0.123868070240157 0.0532985612707773 0.0830518076904691 0.212469476856925 0.071340093604464
"43" "COX6C" 0 0 0 0 0 0 0 0 0 0 0 0 0 0 0 0 0 0 -0.0337560707569404 0 -0.00168780353784702
"44" "KCNN3" 0 0 0 0 0 0 -0.000254655953714426 0 0 0 0 0 0 0 -0.00586760270260492 0 0 0 0 0 -0.000306112932815967
"45" "XKR4" 0 0 0.0439504085338617 0 0 0 0 0 0 0 0 0 0 0 0 0 0 0 0 0 0.00219752042669309
"46" "EPHA3" 0 0 0 0 0 0 -0.0123660761461438 0 0 0 0 0 0 0 0 0 0 0 0 0 -0.000618303807307188
"47" "CSMD3" 0 0 0.0476199206714604 0.0266445000833376 0 0 0 0 0 0 0 0 0 0 0.0483362984419602 0 0 0 0.0226102945450603 0 0.00726055068709092
"48" "PRICKLE2" 0 0 0.21205632320927 0 0.0796122817421328 0.110824152786956 0 0.110013593158045 0.0122629118777659 0.0362988414794045 0.0326379143060516 0.0977718971592161 0.0315436324400497 0 0 0 0 0.0575454097469479 0 0.106881477767922 0.0443724217836881
"49" "PIK3R3" 0 -0.00325305753002636 0 0 0 0 0 0 0 0 0 0 0 0 0 0 0 0 0 0 -0.000162652876501318
"50" "PAK2" 0 0 0 0 0 0 -0.0123743081860392 -0.0503480064762136 0 0 0 0 0 0 0 0 0 0 0 0 -0.00313611573311264
"51" "DOCK3" 0 0 0 0 0 0 0 0 0 0 0 0 0 0 0 0 0 0.0449546781985586 0 0.0136702043356009 0.00293124412670797
"52" "HSPA8" -0.030377287142511 0 0 -0.0568171201679909 0 -0.057528436820958 -0.0331764083328591 0 0 -0.0274369765936834 -0.0475675811150648 0 -0.0267470388508278 0 0 0 -0.130372166931663 0 0 0 -0.0205011507977779
"53" "UQCR11" -0.0106451094452159 0 0 -0.0799520996476402 0 -0.10887706025192 -0.0448892112558275 -0.0851200339540892 -0.000526992688587234 -0.0418955225603231 0 0 -0.0291069397675975 -0.0447644395975344 0 0 -0.00736030284044139 0 -0.0952407605494121 0 -0.0274189236279294
"54" "ATP5MF" 0 0 0 0 0 -0.0266588735354008 0 -0.0343476777612539 0 0 -0.0256471835786896 0 -0.0807612846057673 0 0 0 0 0 -0.0370719249496519 0 -0.0102243472215382
"55" "RNASEK" 0 0 -0.0245076078222073 -0.0118698777493262 -0.046494312212725 0 0 0 -0.0740243022653242 0 0 -0.0179697193669698 -0.036800228008949 -0.0779450939370021 0 -0.0033200901667195 -0.011145095252085 0 -0.161343658224874 -0.061712414615818 -0.0263566199811
"56" "UQCRQ" 0 0 0 0 0 0 0 0 0 0 0 0 0 -0.0242865080006821 0 0 0 0 0 0 -0.0012143254000341
"57" "CHD3" -0.0825743301563485 -0.00711623380790406 -0.112673185827079 0 -0.129082996618362 -0.0709383800047553 -0.106002131187191 -0.125980417551835 -0.140823724252848 -0.0820651759983509 -0.0994056269535817 -0.143255697734871 -0.0415285428422177 -0.0580517552028816 -0.101380960665595 -0.113878997876054 -0.135837761885112 -0.10330577317498 -0.104438915981852 -0.168902504571841 -0.0963621556146829
"58" "RTRAF" -0.13294294964227 -0.0706551128872062 -0.155954280949887 -0.0742850196036876 -0.164834143343919 -0.156692119402259 -0.0282474544871999 -0.152022895991274 -0.0236438399018848 -0.114506797733924 -0.12943850321868 -0.0297558305817695 -0.0121207142826164 -0.0339322739886611 -0.115462517781522 -0.0632772816355106 -0.131667853676533 -0.158504085665892 -0.0384542325766577 -0.164066891644349 -0.0975232399497852
"59" "CELF4" 0 0 0 0.0441525170776536 0.0208099261544788 0 0 0 0.0109790626945895 0.0492636509687542 0 0 0 0 0 0 0.0754398297476326 0.0103427911128686 0 0 0.0105493888877989
"60" "SFRP1" 0 0 0 -0.0140185190685994 0 0 0 -0.00989860021558809 0 0 0 0 0 0 0 0 0 0 0 0 -0.00119585596420938
"61" "COPS9" 0 0 0 0 0 0 0 0 0 0 0 0 0 0 0 -0.0281973677961514 0 0 0 0 -0.00140986838980757
"62" "NDUFB7" -0.0795410781175892 -0.0157569542066295 -0.0396064994799282 -0.0564679175121667 -0.064350042055796 -0.0229301056959156 -0.0230257197699328 -0.113265181555768 -0.0330604331775542 0 0 -0.0821190926794418 0 -0.162780300737888 -0.0196264735867958 -0.0224210142666661 0 0 -0.0124957979950872 0 -0.0373723305418579
"63" "GPC2" 0 0 0 0 0 -0.0156184541592188 0 -0.0109092651446735 0 0 0 0 0 -0.0464817566606418 0 0 0 -0.0302415745245373 -0.00753395649884979 0 -0.00553925034939606
"64" "H4C3" -0.125360019982817 -0.119945074823472 -0.224079417938145 -0.131039620448785 -0.243280620760093 -0.199186114125792 -0.0692780034443133 -0.194249622411144 -0.150611600922761 -0.165094799089881 -0.188028928315071 -0.233764047625643 -0.153717124855588 -0.105919279298845 -0.0989025156832229 -0.0996746299533547 -0.154779323887662 -0.0962531935257282 -0.281883169486024 -0.204431597072926 -0.161973935182563
"65" "MEX3A" -0.0527814290003971 -0.0760712416820623 -0.126740704796197 -0.0353780620451448 -0.021189313547648 -0.080054949383804 -0.177800988409139 -0.0740029037957176 -0.0454412109496117 -0.0252535090174492 -0.142897983543745 -0.0780214799744218 -0.0599587576035447 -0.0730078437292564 -0.0362885225476224 -0.0471882919588921 -0.0870678803258453 -0.0043962176552375 -0.068943246169384 0 -0.065624226806756
"66" "ILF2" 0 0 0 0 -0.0312824356816809 0 -0.0409435618785857 0 -0.100751329954999 0 0 0 0 0 0 0 0 0 0 0 -0.0086488663757633
"67" "PRMT1" -0.0116746150340376 0 -0.0209566063765461 0 0 0 0 0 0 -0.00485212831765578 -0.07960776546358 0 0 0 0 0 0 0 0 0 -0.00585455575959098
"68" "COTL1" 0 -0.0090733434022381 -0.00854767419780691 0 0 0 0 -0.0477615055452414 0 0 -0.0742746296658652 0 -0.00387331274481026 0 -0.0417223706943981 0 0 0 0 -0.0239984052328335 -0.0104625620741597
"69" "COX5A" 0 0 0 0 0 0 0 0 0 0 0 0 -0.0604639856807473 0 0 0 0 0 0 0 -0.00302319928403737
"70" "ADCY2" 0 0 0.0646557964647175 0 0 0 0 0.00878209188489736 0.0353393403001968 0 0 0 0 0 0 0 0 0 0.0273033271254529 0.00182873060287414 0.00689546431890694
"71" "BACE2" 0 0 0 0 0 0 0 0 0.0152078014049091 0 0 0 0 0 0 0 0 0 0 0 0.000760390070245453
"72" "ZBTB18" 0 0 -0.00771844273389506 0 0 0 0 0 0 0 0 0 0 0 0 0 0 0 0 0 -0.000385922136694753
"73" "PSMB5" -0.00876266759413987 -0.00815123056412823 -0.0369691064920519 -0.156902094166312 -0.0538644075829802 0 -0.136930921387176 -0.0189614923406334 -0.163171033769447 -0.0560158738384067 -0.0966367996928247 0 -0.0360336509565345 -0.157707235158744 -0.0896607230385776 -0.0208803732719336 -0.111615060090462 -0.177151205743107 -0.0558017499698363 -0.280682477715528 -0.0832949051686411
"74" "CBX1" 0 0 0 -0.0230136123158961 0 0 0 0 0 0 0 0 -0.0260556802868795 0 0 0 0 -0.0238103037927722 0 0 -0.00364397981977739
"75" "PRELID1" 0 -0.103203642584578 0 -0.0457126941909554 -0.040930131709488 0 0 -0.0164381878769234 0 -0.0110746536413623 0 0 0 0 0 0 -0.0141385915457023 0 0 0 -0.0115748950774505
"76" "SLITRK5" 0 0 0 0.0726671800892506 0 0 0 0.073438179231427 0.0706217598587896 0.0799135373953986 0 0 0.0528791917271569 0 0 0 0 0.0885738284183776 0.0933439571397226 0.110040958180601 0.0320739296020362
"77" "CST3" 0 0 0 0 0 0 0 0 -0.02001246573505 0 0 0 0 0 0 0 0 0 0 0 -0.0010006232867525
"78" "NDUFA3" 0 0 0 0 0 0 0 0 0 0 0 0 0 -0.0154733939285009 0 0 0 0 0 0 -0.000773669696425045
"79" "NDUFB8" 0 0 0 0 0 0 0 0 0 0 0 0 0 0 0 0 0 0 -0.0440733307470735 0 -0.00220366653735367
"80" "TMA7" -0.0240166881660372 -0.0375166339176548 0 -0.0632403523143774 -0.0325444738475685 0 -0.0215213188725559 0 0 -0.00864764408372142 -0.122000366270041 -0.0325039395369502 0 -0.0012486638325217 -0.044929440462919 -0.00806151198148241 -0.0522276613446382 -0.078201498034207 -0.0778083268506321 0 -0.0302234259757653
"81" "SFPQ" -0.0449520092889898 -0.0836919199770246 -0.0883557504641345 -0.0840216015378365 -0.142486908127234 -0.0977214765479407 -0.0998485279070015 -0.184514403340747 -0.164800684528916 -0.104089494919927 -0.0455448699725294 -0.126489148063648 -0.0971960730643035 -0.0692128356415596 -0.114652631024942 -0.0259088265819401 -0.120310892801245 -0.135838199435685 -0.150405698077844 -0.114404646748522 -0.104722329902599
"82" "SELENOW" 0 0 0 -0.0147775520525142 0 0 0 0 0 0 0 0 0 0 0 0 0 0 0 0 -0.000738877602625711
"83" "SMARCC1" -0.00170319315544617 0 -0.0167810950972113 -0.10388469756619 0 -0.0558419796114796 -0.0223355215176689 0 -0.0877797241372221 0 0 -0.0255598071450431 -0.0784686546533933 0 -0.0193541043447155 0 -0.028921303865615 -0.061843504131876 -0.0349708227690181 0 -0.026872220399744
"84" "EEF1B2" 0 0 0 0 0 0 0 -0.0017612122408652 0 0 0 0 0 0 0 0 0 0 0 0 -8.80606120432602e-05
"85" "DNAJA1" 0 0 -0.0369854774707462 -0.0273439109815608 0 0 0 0 0 -0.0299750690605882 0 -0.0185433506816041 0 0 -0.0754128720016008 0 -0.023300612125723 0 0 0 -0.0105780646160912
"86" "LHFPL6" 0 0 0 0 0 0 0 0 0 0 0 0 -0.015266929730895 0 0 0 0 0 0 0 -0.000763346486544749
"87" "PRKCA" -0.0796879630761055 -0.0924830833585644 -0.119544975639767 -0.161613103166743 -0.135018613631672 -0.138410705765875 -0.109112532893097 -0.149032994864024 -0.0774753622514096 -0.0966456526280261 -0.046563320203717 -0.067398576544402 -0.181311856855834 0 -0.0752946601616838 -0.108658254000715 -0.154647745039237 -0.0669133749664107 -0.118664880765345 -0.0808999191633484 -0.102968878748799
"88" "RGL1" -0.00220810966598344 -0.00142146319158001 0 -0.122574307078537 -0.0319133982802375 -0.0784503260067876 -0.0629558403934209 -0.080131561679612 -0.0343103716332841 0 0 -0.0300084047253112 0 -0.00506538034601162 -0.0693090291007617 -0.0212399335292988 -0.055481742956927 -0.0300387940824287 -0.0758374817535628 0 -0.0350473072211872
"89" "SMARCA2" 0 0 0.0582498547709218 0 0 0 0 0 0 0 0 0 0 0 0 0 0 0 0 0 0.00291249273854609
"90" "LSAMP" 0 0 0 0.0271330950743032 0 0 0 0.00521050395534291 0 0.0181703847646969 0 0.0241951443755726 0.0166910395031215 0.0259488781798241 0 0 0.0102614625430481 0 0.038131484599428 0.0183476133444562 0.00920448031698967
"91" "NME1" -0.0255565858011789 0 0 0 0 0 0 0 0 0 -0.0322157172701426 -0.0291214788923391 0 0 -0.00542186206399277 0 0 0 0 0 -0.00461578220138267
"92" "DDX24" 0 0 0 0 0 0 0 0 0 0 0 0 -0.0326466602879855 0 0 -0.0370771487991269 0 0 -0.0148589845082655 0 -0.0042291396797689
"93" "PHF20L1" 0 0 0 0 0 0 0 0 -0.0450562024085553 0 0 0 0 0 0 0 0 0 0 0 -0.00225281012042776
"94" "VCP" 0 0 -0.0904896624375207 0 -0.0254475407981435 0 0 -0.0143367412423639 0 0 0 0 0 0 -0.00134531182307075 0 0 0 0 0 -0.00658096281505494
"95" "SESN3" 0 0 -0.00251710750701486 -0.0276770788217861 -0.0521115658826638 0 0 0 0 0 0 0 -0.0446597580651512 0 0 0 0 0 -0.05667914925101 -0.0490128031362523 -0.0116328731331939
"96" "MARCHF4" 0 0 0.039147701319664 0.0938424824475639 0.0117585312415867 0 0 0 0 0.00957499275040336 0 0.0404403683693247 0.0650478638281035 0 0 0 0 0 0.0725304461265337 0.00803710155667662 0.0170189743819928
"97" "POU3F1" -0.00884987279673776 -0.0474321673089998 0 -0.192920313152724 -0.0527332895984777 0 0 -0.0949420980676657 -0.0352826650976006 -0.093666758483162 0 0 0 0 0 -0.0486860332409427 0 -0.0368890478862648 0 0 -0.0305701122816287
"98" "SVBP" 0 -0.103600151795818 0 0 0 -0.0495133932073205 0 0 -0.017065091336212 0 0 -0.0133107663300215 -0.0605194817162051 0 0 0 -0.0198018805823936 -0.0124498280315606 -0.012398663243566 0 -0.0144329628121549
"99" "CADM2" 0 0 0.0139517729506195 0 0 0 0 0 0 0 0 0.0303807964108452 0 0 0 0 0 0.0086024851020296 0 0 0.00264675272317471
"100" "PQBP1" 0 0 0 0 0 0 0 0 -0.0975915674292166 0 0 -0.0323677158185587 -0.036259605328465 -0.0134086713297007 0 0 0 0 -0.0800666383586077 -0.0360807496209385 -0.0147887473942744
"101" "NDUFA2" 0 0 -0.111480072447105 -0.028885564536441 -0.0649452010630169 0 0 -0.0223892463369169 -0.0110424697906836 0 -0.00694588895733913 0 0 -0.0490660025523632 0 0 0 0 0 -0.018522702584277 -0.0156638574134071
"102" "TOMM7" 0 0 0 -0.0157152021738556 0 0 0 0 0 -0.000349633004922762 0 0 -0.0135641797435599 0 0 0 0 0 0 0 -0.00148145074611691
"103" "XRN2" 0 0 0 0 0 0 0 0 -0.00693423818639396 0 0 0 0 0 0 0 0 0 0 0 -0.000346711909319698
"104" "TAFA1" 0 0 0 0 0 0 0 0 0 0 0 0 0 0 0 0 0 0 -0.016528667421009 0 -0.000826433371050451
"105" "SNCAIP" 0 0 0 -0.0194825013590999 0 0 0 0 0 0 0 0 0 0 0 0 0 0 0 0 -0.000974125067954995
"106" "DIP2B" 0 0 0 0 0 0 0 0 0 0 0 0 0 0 0 0 -0.0314746289638687 0 0 0 -0.00157373144819343
"107" "TCF3" 0 0 0 -0.0317555511159876 0 -0.00798677709207428 0 -0.0609046542533608 -0.0443850754223874 -0.0114305416602152 0 0 -0.0454202946204149 0 0 0 -0.0398906119633458 0 0 -0.019069250909633 -0.013042137851871
"108" "TOP1" -0.0286704230926241 0 0 -0.0295261865108462 -0.0410802358689315 -0.00276923742068754 0 -0.106649777410556 -0.0455239241075538 -0.0802068484273166 -0.0339606054394941 -0.0190059190413722 0 0 -0.0157130583794176 -0.00364910479354883 0 0 0 -0.0177645674292739 -0.0212259943960811
"109" "SLA" -0.00814092366745817 0 -0.0846981021187223 -0.0570727850043091 -0.00486665581535093 -0.0287427950135749 -0.0315443196822115 -0.0279626490331563 -0.115222729590868 -0.103699140170045 -0.0801947587526866 -0.128803760617514 -0.0224873632317958 -0.0312382848402825 -0.0473831328501615 -0.0173044098557977 -0.04871537841074 -0.0718078488715616 -0.158058969332347 -0.157183730853655 -0.0612563868856119
"110" "APLP1" 0 0 0 0 0 -0.00454578313970295 0 0 -0.00749809428586994 0 0 0 0 0 0 0 0 0 -0.0624665332405498 0 -0.00372552053330613
"111" "SKA2" 0 0 0 0 0 0 0 0 0 0 0 0 -0.00315365254824112 0 0 0 0 0 0 0 -0.000157682627412056
"112" "MAZ" 0 0 -0.0352598970682567 0 0 -0.00508309059209404 0 0 0 0 0 0 -0.0113611755406009 0 -0.0273605239460508 0 0 -0.00502424621948334 0 -0.0292969241096372 -0.00566929287380615
"113" "ST8SIA2" 0 0 -0.0487277558824834 -0.00145182004752422 -0.0323917243983678 -0.01933178488787 0 0 -0.0783563849474299 -0.0824807788523141 -0.0644382836054416 -0.0156328785687787 -0.0255860045032523 0 0 0 0 0 -0.0253902615700534 0 -0.0196893838631758
"114" "SYT4" 0 0 0 0 0 0 0 0 0 0 0 0 0 0 0 0 0 -0.0684354703906069 0 0 -0.00342177351953035
"115" "HUNK" 0 0 0 0 0 0 0 0 0 0 0 0 0 0 0 0 0 0 0 -0.0287840593351243 -0.00143920296675621
"116" "HOMER3" 0 -0.0235920575777284 -0.0529963232613744 -0.102115670019428 0 -0.0229704093202206 0 -0.0669839029323936 -0.0339373351733165 0 -0.0904069830129617 -0.0498521436906005 -0.0318964399325099 0 0 -0.013603149414847 -0.00515926024602625 0 -0.104904109842295 0 -0.0299208892211851
"117" "TMEM219" 0 0 0 0 0 -0.000877564373999157 0 0 0 0 0 0 0 0 0 0 0 0 0 0 -4.38782186999579e-05
"118" "FGF14" 0 0 0.022512003488797 0 0 0 0 0 0.048753039669164 0 0 0.00787208930989969 0 0 0 0 0 0.000196478640880353 0 0 0.00396668055543706
"119" "SUPT4H1" 0 0 0 0 -0.0696187032756743 0 0 0 -0.0655625823501305 -0.00247893623213366 0 0 0 0 0 0 0 0 0 0 -0.00688301109289692
"120" "UBE2D2" -0.0187697486349958 -0.0420737447202317 0 -0.00279453881026582 -0.0508740839959955 0 -0.0464267548333694 -0.00440518743656868 -0.0460756692132899 0 0 -0.0513365126137113 0 -0.0939715659398295 -0.0256351775841661 -0.0369149431515337 -0.052579051809046 -0.0582261014035895 0 -0.109336813222306 -0.031970994668445
"121" "EIF4B" 0 0 -0.0967765146931706 0 0 0 0 0 0 -0.106005229497853 0 -0.0399310539149851 0 0 -0.0679435734732517 0 0 -0.00668317913701804 0 0 -0.0158669775358139
"122" "ARPC2" 0 0 0 -0.0438472350554411 0 0 0 0 0 0 0 0 0 0 -0.00553223790428461 0 0 0 0 0 -0.00246897364798629
"123" "PHPT1" 0 0 0 0 0 0 0 0 -0.0314917812055581 0 0 0 0 0 0 0 0 0 0 0 -0.0015745890602779
"124" "CCND2" 0 0 0 0 0 0 0 0 0 -0.039904389442162 0 0 0 0 0 0 0 0 0 0 -0.0019952194721081
"125" "TALDO1" 0 0 0 -0.00595540923769465 0 0 0 0 -8.71848505080646e-06 0 0 0 0 0 0 0 0 0 0 0 -0.000298206386137273
"126" "AKR1B1" 0 0 0 0 0 0 0 0 0 0 0 0 -0.0575108915931234 0 0 0 0 0 0 0 -0.00287554457965617
"127" "MRPS24" 0 0 0 0 0 -0.0920031174546188 0 0 -0.060455154743593 0 0 0 0 0 0 0 0 0 0 0 -0.00762291360991059
"128" "CHMP3" 0 0 -0.0163856520666396 0 0 0 0 0 0 0 0 0 0 0 0 0 0 0 0 -0.144902873186321 -0.00806442626264804
"129" "JTB" 0 0 0 -0.0879638052578757 0 0 0 0 0 0 0 0 0 0 0 0 0 0 0 0 -0.00439819026289379
"130" "SLC25A11" 0 0 -0.104317048142169 0 0 0 0 0 0 0 0 -0.0596995069806684 -0.0370775297791837 0 0 0 0 0 0 0 -0.010054704245101
"131" "PREX2" 0 0 0 0 0 0 0 0 0.052845274177073 0 0 0 0 0 0 0 0 0 0 0 0.00264226370885365
"132" "PPM1G" 0 0 0 0 0 0 0 0 0 0 0 -0.0825628413547163 0 0 0 0 0 0 0 0 -0.00412814206773581
"133" "BAZ1B" 0 0 0 0 0 0 0 0 0 -0.00426442821892381 0 0 0 0 0 0 0 0 0 0 -0.000213221410946191
"134" "CHRM3" 0 0 0 0.0200077523902599 0 0 0 0 0 0 0 0 0 0 0 0 0 0 0 0 0.001000387619513
"135" "EIF6" 0 0 0 0 0 0 0 0 0 0 0 0 0 0 0 0 0 0 -0.0684932357023984 0 -0.00342466178511992
"136" "HTATSF1" 0 0 -0.0888568158977242 0 -0.00960140169284721 0 0 0 0 0 0 0 0 0 0 0 -0.00972072358732821 0 -0.0350342294186804 0 -0.007160658529829
"137" "AKIRIN2" 0 0 0 0 0 0 0 0 -0.0238214131384933 0 0 0 0 0 0 0 0 0 0 0 -0.00119107065692467
"138" "PSMD11" -0.00256725755150124 0 0 -0.00104229430472155 -0.0341442865291963 -0.0654505724928374 -0.103426387774634 -0.00176719699527366 -0.177139226259705 -0.0677589668926077 0 0 -0.121511238440964 -0.0767819446961373 -0.0356777873572427 -0.124172399069258 -0.0131439914475673 -0.171731311615111 -0.0434280465454342 -0.0904526186718951 -0.0565097763322043
"139" "MAP1A" 0 0 -0.00886148348968306 0 0 0 0 0 0 0 0 -0.00237210057689995 0 0 0 0 0 0 -0.000618704209019754 0 -0.000592614413780139
"140" "NTRK3" 0 0 -0.116095490083866 -0.0405509473519392 0 0 0 0 -0.0699357806133385 0 0 0 -0.0561180465273527 -0.0068735627208593 0 0 0 0 -0.00650791884604296 -0.0219516344250483 -0.0159016690284224
"141" "EEF1A2" 0 0 0 0 -0.000981472052589209 0 0 0 0 0 0 0 0 0 0 0 0 0 0 0 -4.90736026294604e-05
"142" "ASAP2" 0 0 -0.000542637591501976 0 0 0 0 0 0 0 0 0 0 0 0 0 0 0 0 0 -2.71318795750988e-05
"143" "MEIS3" 0 0 -0.100624546138396 0 0 0 0 0 -0.0141095697731237 -0.00726492886784508 0 -0.0036928541288878 0 0 0 -0.0271378746655401 0 0 0 0 -0.00764148867868961
"144" "YWHAG" -0.0193117469454276 -0.0683237363413069 -0.0398769658337483 0 -0.0117418289074182 0 0 0 0 -0.087293870764652 -0.0439524805766697 0 0 0 0 0 0 0 0 0 -0.0135250314684611
"145" "C1QBP" 0 -0.0274665785547359 -0.108008519481042 -0.0551175741065693 -0.0696900441456243 -0.0764653104102535 0 -0.0933154092944879 0 -0.0150123377750318 0 -0.104214028481116 -0.0747327549630283 0 0 0 -0.0420997548660634 -0.0894876164731176 0 -0.10404367715547 -0.042982680285327
"146" "TRIM28" 0 0 -0.0456644832464568 -0.061276897346449 -0.0619038163058598 -0.0206364283370579 0 0 -0.0784157938189338 -0.0284100109999986 0 -0.0860703251338717 0 0 0 0 0 0 0 -0.112072970339671 -0.0247225362764149
"147" "G3BP1" 0 0 0 0 0 0 0 -0.0112586529763334 0 0 0 0 0 0 0 0 -0.0250179117959952 -0.00917735936792692 0 0 -0.00227269620701277
"148" "FGD4" 0 0 -0.0039685941796069 0 0 -0.0540111525681523 0 0 0 -0.0275549085581994 -0.0303737559733145 -0.016671963260444 -0.00268644487430324 0 -0.0269264863207064 0 0 0 0 0 -0.00810966528673634
"149" "PGLS" 0 0 -0.0828248402880994 0 0 0 0 0 0 0 0 -0.00813343573024877 0 0 0 0 0 0 0 0 -0.00454791380091741
"150" "TBCB" 0 0 0 -0.000488182998188154 0 0 0 0 -0.0195601896812925 0 0 -0.0362258874892889 0 0 0 0 0 0 0 0 -0.00281371300843848
"151" "COL4A2" 0 0 0 0 -0.0118360758810149 0 0 -0.0188889195753008 0 0 -0.023593228870146 0 0 0 0 0 0 0 0 -0.0321740183527812 -0.00432461213396215
"152" "H2AW" 0 0 0 0 -0.00534775971212016 0 0 0 0 0 0 0 0 0 0 0 0 0 0 0 -0.000267387985606008
"153" "THSD7A" 0 0 0 -0.00206323589725173 0 0 0 0 -0.0271804278871373 0 0 -0.041751877625972 0 0 0 0 0 0 0 0 -0.00354977707051805
"154" "MPPED2" 0 0 0 0 0 0 0 0 0 0 0 0 0 0 0 0 0 0 0 -0.0233822198435258 -0.00116911099217629
"155" "NME4" 0 0 -0.0910175432025435 0 0 0 0 0 -0.0112254003867928 0 0 0 0 0 0 0 0 0 0 -0.0126788323289343 -0.00574608879591353
"156" "SCG2" 0 0 0.0164103630939365 0 0 0 0 0 0 0 0 0 0 0 0 0 0 0 0 0 0.000820518154696827
"157" "TMEFF2" 0 0 0.0412574677147152 0 0 0 0 0 0 0 0 0 0 0 0 0 0 0 0 0 0.00206287338573576
"158" "CDC5L" 0 0 -0.0835634599013593 0 0 0 0 0 0 0 0 0 0 0 0 0 0 0 0 0 -0.00417817299506796
"159" "CYB5R3" 0 0 0 -0.0133076732450033 -0.00039549917289819 0 -0.00710458872577981 0 0 0 0 -0.0474897016542215 -0.0279125576113139 -0.00499812629378232 0 0 -0.0487648538635844 0 -0.0241789843068075 0 -0.00870759924366955
"160" "CNTN2" 0 0 0 -0.133431491038416 -0.0247064943463034 0 0 0 -0.0424295771020683 0 0 -0.0620960951494483 -0.0326322828780352 -0.00664375629368469 0 0 0 0 0 0 -0.0150969848403978
"161" "NDST3" 0 0 0 0 0 0 0 0 0 0 0 0 0 0 0 0 0 0 -0.0141191186157251 0 -0.000705955930786254
"162" "SRM" 0 0 -0.106047016682491 -0.118979439207444 0 -0.013570021731877 0 -0.0339198641928896 -0.0111128516311229 0 0 0 -0.049581442836675 0 -0.0219791523913954 0 0 -0.0488157705325622 0 -0.0524326672009055 -0.0228219113203681
"163" "ACTL6B" 0 0 0 -0.00167193610074264 0 0 0 0 0 0 0 0 0 0 0 0 0 0 0 0 -8.35968050371322e-05
"164" "THRA" 0 0 0 0 0 0 0 0 0 0 0 0 0 0 0 0 0 0 -0.0101048468592268 0 -0.000505242342961339
"165" "PLPPR3" 0 0 0 -0.0584200791431818 0 0 0 -0.0678496303079665 -0.037912345943916 0 0 -0.00885933930954495 0 0 0 0 0 -0.00465071020993317 -0.0168278129928982 0 -0.00972599589537203
"166" "LRGUK" 0 0 -0.0430193265409627 0 0 0 0 0 -0.0372163881636879 -0.00868383937836603 0 -0.0329780368157532 -0.0393519158433151 -0.053598385757185 -0.0580765156440666 -0.00561693101321315 0 -0.0657262645364826 0 -0.138250676485571 -0.0241259140089302
"167" "CAMK2N1" 0 0 0 0 0 0 0 0 0 0 0 0 0 0 0 0 0 0 -0.035783582502652 0 -0.0017891791251326
"168" "NSG1" 0 0 0 0 0 0 0 0 -0.018837899045369 0 0 0 0 0 0 0 0 0 0 0 -0.000941894952268452
"169" "OLFM2" 0 -0.0173930819954246 -0.0366377273929154 0 -0.0587894674523348 -0.0116867106530414 0 -0.064476972482276 -0.100279584551681 -0.0574879073597094 0 -0.0508945418662759 -0.0114018507817922 0 0 0 0 0 0 -0.0791724583731179 -0.0244110151454284
"170" "DDX39B" 0 0 -0.0201441684204874 0 0 -0.00563443419495966 0 0 0 -0.0163268882480231 0 0 0 0 0 0 0 0 0 0 -0.00210527454317351
"171" "POLR2J" 0 0 0 0 0 0 0 0 0 0 0 0 0 0 0 0 0 0 -0.00698605425986019 0 -0.00034930271299301
"172" "NELFE" 0 0 -0.161221706543651 0 0 0 0 -0.00204302547209246 -0.0114921536288461 -0.0101143731275811 0 0 -0.023607857782247 0 0 0 -0.000922684025706563 0 -0.0463471445077267 -0.133483554651776 -0.0194616249869814
"173" "ADH5" 0 0 -0.00626275121555238 0 0 0 0 -0.0257317900432812 0 0 0 0 0 0 0 0 0 0 0 0 -0.00159972706294168
"174" "HNRNPF" 0 0 -0.0391809116029844 0 0 0 0 0 0 0 0 0 0 0 0 0 0 0 0 0 -0.00195904558014922
"175" "NDUFA12" 0 0 0 0 0 0 0 0 -0.0169390598678826 0 0 0 0 0 0 0 0 0 0 0 -0.00084695299339413
"176" "ARHGEF2" 0 0 -2.33992906864065e-05 0 0 0 0 0 0 0 0 0 0 0 0 0 0 0 0 0 -1.16996453432032e-06
"177" "ZFR" 0 0 0 -0.00799459799769292 0 0 0 0 0 0 0 0 0 0 0 0 0 0 0 0 -0.000399729899884646
"178" "OSBPL6" 0 0 0 0 0 0 0 0 0 0 0.00350775499019483 0 0 0 0 0 0 0.00380100554595963 0 0.0701373028802538 0.00387230317082042
"179" "DPF3" 0 0 -0.0673072478542307 -0.119096075928653 0 0 0 0 -0.00827012633900074 0 -0.0228110109086205 -0.163944397756995 0 -0.0736275443458162 0 0 -0.0203990589113927 -0.0977194435441419 0 -0.00383780310160558 -0.0288506354345228
"180" "RBM25" 0 0 0 -0.0240529807495244 0 0 0 0 0 0 0 0 0 0 0 0 0 0 0 0 -0.00120264903747622
"181" "FOXO6" 0 0 -0.0814726206187687 0 0 0 0 0 0 0 0 0 0 0 0 0 -0.0217062827046366 0 0 0 -0.00515894516617026
"182" "TIMP3" 0 0 0.0837106776157026 0 0 0 0 0 0 0 0 0 0 0 0 0 0 0 0 0 0.00418553388078513
"183" "TRMT112" 0 0 -0.13093634826575 -0.0349203374489684 0 0 0 0 0 0 0 0 0 0 0 -0.0089369849047715 0 0 0 0 -0.00873968353097448
"184" "RPL7L1" 0 0 -0.0509441886659428 0 0 0 0 0 0 0 -0.0355758437655107 0 0 0 0 0 0 0 0 0 -0.00432600162157267
"185" "MAP4" 0 0 -0.00110798864617521 -0.0245308710927929 -0.0370239274243228 0 0 0 -0.0152930828609658 0 0 -0.00446668277536958 -0.0472205996178587 0 0 0 0 0 0 0 -0.00648215762087425
"186" "TMEM14C" 0 -0.000162070283615703 -0.0671275436082946 -0.0764117426031601 0 0 0 0 -0.0372169901037468 0 0 0 -0.0185868035991235 0 -0.00748305771167385 0 0 0 0 0 -0.0103494103954807
"187" "DHX15" 0 0 -0.148005965867731 0 0 0 0 0 0 0 0 0 0 0 0 0 0 0 0 0 -0.00740029829338654
"188" "EIF4E" 0 0 0 0 -0.0141395125318982 0 0 -0.00604894809985968 -0.0301114176260093 0 0 0 -0.0133223757608207 0 0 0 0 0 0 0 -0.00318111270092939
"189" "ARHGDIA" 0 0 0 0 0 0 0 -0.0102642392276099 0 -0.0270823647606869 -0.022346849976234 0 -0.0343560171273592 0 0 0 0 0 -0.0726785131104176 0 -0.00833639921011538
"190" "PSMC4" 0 0 -0.133015252164298 -0.132424522599007 -0.0132783660383488 -0.126477493443518 0 0 -0.0856902542426154 -0.0673639719475719 -0.102019409928744 -0.0268256297746419 -0.0521356099515187 -0.000541371754138697 0 0 0 -0.0690413759546071 -0.141494157108549 -0.153750564818029 -0.0552028989862793
"191" "AMER2" 0 0 -0.106468886485433 -0.0934497236921696 0 0 0 0 -0.128610500297381 -0.058392357743227 0 0 -0.0955676732151687 -0.0533057370614759 0 0 0 0 -0.00878186147674431 -0.0280723101914335 -0.0286324525081516
"192" "LSM10" 0 0 0 -0.0233567262608086 0 -0.0079993540359331 0 0 0 0 0 0 0 0 0 0 -0.0104802943307936 0 -0.039283406976307 -0.094306809922984 -0.00877132957634132
"193" "ATP5IF1" 0 0 -0.00143639640836571 -0.084316035660636 -0.0527585705671693 -0.0543374930602991 0 -0.00174254700740505 -0.109051717089878 -0.0208139302598853 -0.0359880571324158 -0.071989975604941 -0.0342040655901919 0 -0.0149469980952525 0 0 -0.0445037354473915 -0.0394902645369003 -0.06741030917659 -0.0316495047818661
"194" "RIMS2" 0 0 0.100025949338369 0 0 0 0 0.0208887124469078 0 0 0 0 0 0 0 0 0 0 0 0 0.00604573308926382
"195" "GLDC" 0 0 0 -0.0137067741943438 0 0 0 0 0 0 -0.0270558457135651 -0.0482881080306948 0 0 0 0 0 0 -0.022410459356784 0 -0.00557305936476938
"196" "KLHL7" 0 0 -0.0255774049625043 -0.0119655227968574 0 -0.0550283775661982 0 0 0 -0.0482483481672688 0 0 -0.0262255525711357 0 0 0 0 -0.0410609789333497 0 0 -0.0104053092498657
"197" "DEXI" 0 0 0 -0.162186631670683 0 0 0 0 0 0 0 0 0 0 0 0 0 -0.0696599082070654 0 0 -0.0115923269938874
"198" "UNC5A" 0 0 -0.0735558731826026 0 0 0 0 0 0 -0.00621084107629374 -0.112726736385145 0 -0.0199854771088961 0 0 0 0 -0.0149317720298132 -0.0254084577257784 -0.102894955771209 -0.0177857056639869
"199" "LRTM2" 0 0 0 0 0 0 0 0 0 0 0 0 -0.00404411663874359 0 0 0 0 0 0 0 -0.00020220583193718
"200" "DYNC1LI2" 0 0 0 0 0 0 0 -0.0401498170947843 0 0 0 0 -0.0154436948004803 0 0 0 0 0 0 -0.00740325186189704 -0.00314983818785808
"201" "PXMP2" 0 0 -0.318568772196563 -0.0436555512764698 -0.127467881408738 0 0 -0.208297434574083 -0.281758916810539 -0.234296597889454 -0.188193951494419 -0.085283109903667 -0.189189372826752 0 -0.00169339345579495 0 -0.161924795229409 -0.108275953009008 -0.229131894445192 -0.470538465454205 -0.132413804498715
"202" "NUDT1" 0 0 -0.0522123060074224 0 0 0 0 0 0 0 0 0 0 0 0 0 0 0 0 0 -0.00261061530037112
"203" "WWC1" 0 0 -0.0480192476501145 -0.0427988027755665 0 0 0 0 0 0 0 0 0 0 0 0 0 0 -0.00688786765298322 -0.00428934271184277 -0.00509976303952535
"204" "RNF182" 0 -0.0660504686108821 -0.194165175134043 0 -0.0183408521712544 0 -0.0562545619138671 0 -0.0450065236334608 0 0 -0.0239347934801798 -0.0515306994043028 0 -0.00559367212271097 0 0 0 0 0 -0.023043837323535
"205" "FJX1" 0 0 -0.0131297938626313 0 0 0 0 0 0 0 0 0 0 0 0 0 0 0 -0.00421273077583295 0 -0.000867126231923213
"206" "LSM4" 0 0 0 0 0 -0.00660171566954105 0 0 0 0 0 0 0 0 0 0 0 0 -0.00540076592720079 0 -0.000600124079837092
"207" "PIN1" 0 0 -0.0569958745917065 0 0 0 0 0 0 0 0 0 0 0 0 0 0 0 0 0 -0.00284979372958533
"208" "ADGRV1" 0 0 0 -0.017698769157782 0 0 0 0 0 0 0 0 -0.0418547826471172 0 0 0 0 0 0 -0.020992743243588 -0.00402731475242436
"209" "TRPT1" 0 0 -0.0500615368398763 -0.0112146762178493 -0.059248286263351 0 0 0 -0.022362939832977 0 0 0 0 0 0 0 0 0 0 0 -0.00714437195770269
"210" "LRRC75A" 0 -0.00662940142819749 -0.133327906691276 0 0 0 0 -0.00465934896371846 0 0 0 0 0 0 0 0 0 -0.061671355828288 0 -0.0189299959917089 -0.0112609004451594
"211" "TRAPPC2L" 0 0 -0.0282083288156515 0 0 0 0 0 0 0 0 0 0 0 0 0 0 0 0 0 -0.00141041644078257
"212" "UBB" 0 0 0 0 0 0 0 0 0 0 0 0 -0.0100559854115406 0 0 0 0 0 0 0 -0.000502799270577032
"213" "GDAP1L1" 0 0 -0.210797467116872 -0.00520681589182326 -0.0897346505405019 0 0 0 -0.0347720065763984 -0.0305178910706005 0 -0.0959892747576377 0 0 0 0 0 0 -0.00844481808775789 0 -0.0237731462020796
"214" "COL4A6" 0 0 -0.0557739850707262 0 0 0 0 0 0 0 0 0 -0.00102667001541831 0 -0.00569784980254752 0 0 0 -0.0701036213438656 -0.101108315392396 -0.0116855220812477
"215" "PFDN1" 0 0 -0.0166941242930692 0 0 0 0 0 0 0 0 0 0 0 0 0 0 0 0 0 -0.000834706214653459
"216" "VPS29" 0 0 -0.193083157596092 -0.0934549771352055 0 -0.0773393751437459 0 -0.0192214472716476 -0.101105244696816 -0.0746684860503378 0 0 -0.0139937554180718 -0.0541520492889586 -0.0079440017995792 0 -0.00555614848592321 -0.0422922517663758 -0.085690370577197 -0.084268416077821 -0.0426384840653885
"217" "ARRB2" 0 0 0 0 0 -0.00230944965136775 0 0 0 -0.0863305105519326 0 -0.0489164677781542 -0.0446416345280721 0 0 0 0 0 0 0 -0.00910990312547633
"218" "CUL1" 0 0 0 -0.031926235286726 0 0 0 0 0 0 0 0 0 0 0 0 0 0 0 0 -0.0015963117643363
"219" "DDX21" 0 -0.0799277065188993 -0.112040844723031 -0.110079525364058 -0.136455966842097 -0.0112291884092529 0 -0.00990659081206399 0 -0.00436385854058358 -0.0787910553925567 -0.0190060091873012 -0.128679292532343 -0.0956274200324631 -0.0766884179659395 0 -0.00152626132953324 -0.0951243963399944 -0.101763221533459 -0.152498781155248 -0.0606854268339412
"220" "DRAXIN" 0 0 -0.086143549719408 -0.0410712794360057 -0.0169026902280435 0 0 0 0 0 -0.0751663654500886 -0.000687783044536247 -0.036199177857337 0 0 0 0 0 0 -0.0352087675173394 -0.0145689806626379
"221" "ATP1A3" 0 0 -0.112740647480863 -0.0151485307415166 -0.0943769755597532 -0.0535397111814196 0 0 -0.174613401480564 -0.0337085034581559 -0.0687471098103156 -0.084089283946375 -0.05933453436676 0 0 0 0 0 -0.0303571990153789 -0.0201914502937466 -0.0373423673667424
"222" "POLR2K" 0 0 -0.086464626306081 0 0 0 0 0 0 0 0 -0.0449234867209908 0 0 0 0 0 0 -0.031845447645037 0 -0.00816167803360544
"223" "PFKM" 0 0 0 0 0 0 0 0 0 0 0 0 0 0 0 -0.0184555546973499 0 0 0 0 -0.000922777734867497
"224" "USP22" 0 0 -0.053650213901264 0 -0.0162695630098711 0 0 -0.000381885730294489 0 0 0 -0.0520323170339265 0 0 0 0 0 0 -0.0567550524917486 0 -0.00895445160835523
"225" "ADIPOR2" 0 0 -0.0391902159568255 0 0 0 0 0 -0.00514652973474107 0 0 0 0 0 0 0 0 0 0 0 -0.00221683728457833
"226" "SEZ6L" 0 0 0 -0.00234689730336668 -0.0411529041353014 0 -0.0190041483607641 0 0 0 0 0 -0.00124445976013989 0 0 0 0 0 -0.00845465632920416 -0.0359623180051879 -0.00540826919469821
"227" "SLTM" 0 0 -0.146544342038462 0 0 0 0 0 0 0 -0.0376622836028272 0 0 0 0 0 0 0 -0.00680290960034478 -0.101365909330828 -0.0146187722286231
"228" "OOEP" 0 0 -0.247982276206261 -0.187349870093953 0 0 0 0 -0.339944096006221 0 0 0 0 0 0 0 0 0 0 0 -0.0387638121153217
"229" "SPAST" 0 0 0 0 0 0 0 0 0 0 -0.00346275046759974 0 0 0 0 0 0 0 0 -0.0239630271226443 -0.0013712888795122
"230" "CMBL" 0 0 -0.0170178897551454 -0.000104650523492004 0 0 0 -0.0543879781388886 -0.00376751894657342 0 0 -0.0150423628540809 -0.0305134262134706 0 0 0 0 0 0 -0.0624412719475666 -0.00916375491896088
"231" "LZTS1" 0 0 -0.00553795657563726 0 0 0 0 0 0 0 0 0 0 0 0 0 0 0 0 0 -0.000276897828781863
"232" "GNAI1" 0 0 0 0 0 0 0 0 0 0 0 0 0 0 0 0 0 0 0 -0.043540415725856 -0.0021770207862928
"233" "EMC6" 0 0 0 0 0 0 0 0 0 0 0 0 0 0 0 0 0 0 0 -0.102341649050695 -0.00511708245253477
"234" "DVL3" 0 0 0 -0.00304336545083268 0 0 0 0 0 0 0 0 0 0 0 0 0 0 0 -0.0299903981152396 -0.00165168817830361
"235" "ZNRF1" 0 0 0 0 0 0 0 0 -0.0359726583701858 0 0 0 0 0 0 0 0 0 0 0 -0.00179863291850929
"236" "TIMM10" 0 0 -0.0518899650472173 0 0 0 0 0 0 0 0 0 -0.0183891140803831 0 0 0 0 0 0 0 -0.00351395395638002
"237" "FZD2" 0 0 -0.0185659764405307 0 0 0 0 0 0 0 0 0 0 0 0 0 0 0 0 0 -0.000928298822026533
"238" "SUN2" 0 0 0 0 -0.0222384572308417 0 0 0 0 0 0 0 0 0 0 0 0 0 0 0 -0.00111192286154209
"239" "RIMKLA" 0 0 0 0 0 0 0 0 0 0 0 0 -0.000266440305513099 -0.0114882491477117 0 0 0 0 0 0 -0.000587734472661239
"240" "ABHD6" 0 0 -0.0404687666133961 0 -0.0137778642403386 0 0 0 0 -0.0204864065700913 0 -0.0295670098782171 0 0 0 0 -0.0181851531424555 -0.0267835585722291 0 0 -0.00746343795083639
"241" "BAD" 0 0 0 -0.0428597999412751 0 0 0 0 0 0 0 0 0 0 0 0 0 0 0 0 -0.00214298999706376
"242" "DMAP1" 0 -0.0350842031950324 -0.110846392761129 -0.078275085085425 -0.0615624677991904 0 -0.019702205244892 -0.12316815080845 -0.0639165394078346 -0.114287706513112 -0.0738038272611013 -0.0882921967183045 -0.14013146151721 -0.0384836403278479 -0.0369774490801291 -0.0527620545947847 -0.0358144348192767 0 -0.108267625448683 0 -0.0590687720291201
"243" "CDKL5" 0 0 -0.0255603084176442 -0.0465003785694136 -0.0131174820395561 0 0 0 0 0 0 -0.101820999910319 0 0 0 0 0 0 0 0 -0.00934995844684666
"244" "KLHL32" 0 0 0.0315096623374184 0 0 0 0 0 0 0 0 0 0 0 0 0 0 0 0 0.014997610426048 0.00232536363817332
"245" "CDH20" 0 0 0.00386448750709269 0 0 0 0 0 0 0 0 0 0 0 0 0 0 0 0 0 0.000193224375354635
"246" "TDG" 0 0 -0.0142996217663202 -0.00286984137433019 0 0 0 0 0 0 0 0 0 0 0 0 0 0 0 0 -0.000858473157032519
"247" "GRTP1" 0 0 -0.0485082629743807 0 0 -0.0271532835552626 0 0 -0.0552660448968833 0 0 0 -0.102187064314986 0 0 0 0 0 -0.0212665811293814 0 -0.0127190618435447
"248" "PPP1R11" 0 0 -0.0170375283033882 0 0 0 0 0 0 0 0 0 0 0 0 0 0 -0.00791044126922999 -0.0167674335356075 0 -0.00208577015541128
"249" "PRDX4" 0 0 0 -0.042084308912002 0 0 0 0 0 0 0 0 0 0 0 0 0 0 0 0 -0.0021042154456001
"250" "PPP2R3A" 0 0 -0.00331048926384843 0 0 0 0 0 0 0 0 0 0 0 0 0 0 0 -0.0303977734990192 0 -0.00168541313814338
"251" "CACNG8" 0 0 -0.0704512462242233 -0.0818515135116956 -0.142914792576462 -0.0551024165487862 -0.0246634136961005 -0.202378481195006 -0.124611706706795 -0.037461439865128 -0.110376248696493 -0.0627981395586782 -0.18874430578023 -0.0628781103190735 -0.0463907668733879 -0.0725043065210752 -0.136192433656608 -0.024871021973656 -0.131652111642786 -0.247161095457145 -0.0911501775401665
"252" "LY6E" 0 -0.00965614782946973 -0.213397907510677 -0.146491693691834 -0.00149405856195249 -0.0618603365385636 0 -0.0745786978587566 -0.158545184409226 -0.0875253844958937 0 -0.087294665977029 -0.13785799904777 0 0 0 0 0 -0.0452824154814958 -0.00809705174073027 -0.05160407715717
"253" "FXYD6" 0 0 0 -0.0220784202415891 -0.0312035221941284 -0.0329682243171743 0 0 0 -0.00773578305294588 0 -0.0444838966266301 -0.0268023468320667 0 0 0 0 0 -0.061175844708395 -0.0470705151293493 -0.0136759276551139
"254" "MCU" 0 0 0 -0.00223085340778898 0 0 0 0 -0.0183586422498925 0 0 0 0 0 0 0 0 0 0 0 -0.00102947478288408
"255" "TSEN34" 0 0 -0.0203320768127802 0 0 0 0 0 -0.0286678229884996 -0.0253050065041972 0 0 0 0 0 0 0 0 -0.00348175397995219 -0.0188576325665345 -0.00483221464259819
"256" "TMEM160" 0 0 0 -0.0123135336224087 0 0 0 0 0 0 0 0 0 0 0 0 0 0 0 0 -0.000615676681120437
"257" "HSPBP1" 0 0 -0.150539008828287 -0.0477415588932264 -0.0210263355457199 0 0 0 -0.0611478805777695 0 0 0 0 0 -0.00206294535983109 0 0 -0.0324324112802361 0 -0.110862774863661 -0.0212906457674366
"258" "HCFC1" 0 0 0 -0.129944126330038 0 0 -0.0112733865930025 0 -0.132892589978198 0 0 -0.0278514455861445 0 0 0 0 0 0 0 -0.117034092615868 -0.0209497820551626
"259" "NCAM2" 0 0 0.0413128184843079 0 0 0 0 0 0 0 0 0.00786217036758503 0 0 0 0 0 0 0 0 0.00245874944259465
"260" "RASGEF1B" 0 0 0.0732744143271117 0 0 0 0 0 0 0 0 0 0 0 0 0 0 0 0 0 0.00366372071635558
"261" "MKNK2" 0 0 0 0 0 0 0 0 0 0 0 -0.13096402776292 0 0 0 0 0 -0.0405142293757226 -0.0792289624108254 -0.106529709015001 -0.0178618464282235
"262" "AGO1" 0 -0.0014433403511688 0 0 -0.007770936294241 0 0 0 0 -0.0258981292641384 0 0 0 0 0 0 0 0 0 0 -0.00175562029547741
"263" "COMMD4" 0 0 0 0 0 0 0 0 0 0 0 0 0 0 0 0 0 0 -0.0597588042439662 0 -0.00298794021219831
"264" "SAP30L" 0 0 -0.0472167022005938 0 0 0 0 0 0 0 0 0 0 0 0 0 0 0 0 0 -0.00236083511002969
"265" "ENSG00000271254" 0 0 -0.076151611092598 0 -0.031062262958902 0 0 0 0 0 0 0 -0.0374020091563023 0 0 0 0 0 0 0 -0.00723079416039011
"266" "SNX6" 0 0 -0.0596190322644604 -0.0217369659308134 0 0 0 0 -0.00927821187068609 0 0 0 0 0 0 0 0 0 0 0 -0.00453171050329799
"267" "PAIP1" 0 0 0 0 0 0 0 0 0 0 0 0 0 0 0 0 0 0 0 -0.0485244946923 -0.002426224734615
"268" "CHSY3" 0 0 0 0 0 0 0 0 0.0166941313379548 0 0 0 0 0 0 0 0 0 0 0 0.000834706566897742
"269" "DDR1" 0 0 0 0 0 0 0 0 -0.068140453651628 0 -0.0216797225908416 0 0 0 0 0 0 0 -0.0124253150055255 0 -0.00511227456239975
"270" "NRN1" 0 0 0.259506153561234 0.03890537259318 0.102113512049535 0 0 0 0.0191091686850115 0.00743467693575793 0 0 0.126533013426225 0 0 0 0 0 0.0682621473045149 0.111691585845473 0.0366777815200466
"271" "WDR86" 0 0 -0.149872980040856 -0.131288460666718 0 0 0 -0.12221201086552 -0.0702390823995517 -0.0538008154950462 0 0 -0.0361212047894218 0 0 0 0 0 -0.0849168675940767 -0.0565909191039452 -0.0352521170477568
"272" "MRPL9" 0 0 -0.100353684545248 0 0 0 0 0 0 0 0 0 0 0 0 0 0 0 0 0 -0.00501768422726238
"273" "RBM15B" 0 0 0 0 0 0 0 0 -0.0235324917891236 0 0 0 0 0 0 0 0 0 0 0 -0.00117662458945618
"274" "VTI1B" 0 0 0 0 0 0 0 0 0 0 0 -0.00753306361589236 0 0 0 0 0 0 0 0 -0.000376653180794618
"275" "RSBN1" 0 0 0 0 0 0 0 0 0 0 0 0 0 0 0 0 0 0 0 -0.00251296277685683 -0.000125648138842842
"276" "KBTBD2" 0 0 0 0 0 0 0 0 0 0 -0.00770910784204738 0 0 0 0 0 -0.00188936086657649 0 -0.00569263101466211 -0.0791306253228017 -0.00472108625230438
"277" "PABPC4" 0 0 0 0 0 0 0 0 -0.120330455150494 0 0 0 0 0 0 0 0 0 0 0 -0.00601652275752472
"278" "LPP" 0 0 0 0 -0.024400267890357 -0.00808834776048101 0 0 0 0 -0.0118302252462501 0 0 0 0 0 0 0 0 0 -0.0022159420448544
"279" "DOK6" 0 0 0 0.0129073753847157 0 0 0 0 0 0 0 0 0 0 0 0 0 0 0 0 0.000645368769235787
"280" "HYI" 0 0 -0.0141174892897291 0 0 0 0 0 0 0 -0.0765355609195208 0 -0.0335258693448092 0 0 0 0 0 0 0 -0.00620894597770296
"281" "GALNT1" 0 0 -0.0917494814111418 0 0 0 0 0 0 0 0 -0.00379143625173459 0 0 0 0 -0.00197132571934057 0 0 0 -0.00487561216911085
"282" "TPGS1" 0 0 0 0 0 0 0 0 0 0 0 0 0 0 0 0 0 0 0 -0.0761197049685845 -0.00380598524842923
"283" "COMMD5" 0 0 -0.00216730772935552 0 0 0 0 0 0 0 0 0 0 0 0 0 0 0 0 0 -0.000108365386467776
"284" "SRSF10" 0 0 0 0 0 0 0 0 0 0 0 0 -0.0122439862349959 0 0 0 0 0 0 0 -0.000612199311749794
"285" "TMEM158" 0 0 0 -0.0585465910779099 -0.0285170307943372 0 0 0 0 0 0 0 0 0 0 0 0 0 0 -0.0450449401207555 -0.00660542809965012
"286" "DDIT4" 0 0 0 0 0 0 0 0 0.00268781886718537 0 0 0 0 0 0 0 0 0 0 0 0.000134390943359268
"287" "KIF5A" 0 0 0 0 0 0 0 0 0 0 0 0 0 0 0 0 0 0 0 -0.00492105927279881 -0.000246052963639941
"288" "ZNF92" 0 0 -0.00123033851019575 0 0 0 0 0 0 0 0 0 0 0 0 0 0 0 0 0 -6.15169255097874e-05
"289" "MRPL16" 0 0 -0.118185247530352 -0.0515563876676214 0 0 0 0 0 0 0 0 0 0 0 0 0 0 0 0 -0.00848708175989866
"290" "NRP2" 0 0 0.0123257676228518 0 0.0251037610032653 0 0 0 0 0 0 0.051671048962551 0 0 0 0 0 0 0.077970141878028 0.0190061688493473 0.00930384441580217
"291" "EOMES" 0 0 -0.125114813169997 0 0 0 0 0 0 0 0 0 0 0 0 0 0 0 0 -0.133825580437146 -0.0129470196803571
"292" "ECH1" 0 0 0 0 -0.00328341016456578 0 0 0 0 0 0 0 0 0 0 0 0 0 0 0 -0.000164170508228289
"293" "FAM168A" 0 0 -0.0079957112607512 0 0 0 0 0 0 0 0 0 0 0 0 0 0 0 -7.91514544685476e-05 0 -0.000403743135760988
"294" "HK2" 0 0 0 0 0 0 0 0 0.0273162921491731 0 0 0 0 0 0 0 0 0 0 0 0.00136581460745865
"295" "DPP3" 0 0 0 0 0 0 0 0 0 0 0 0 0 0 0 0 0 0 -0.0286448568980258 0 -0.00143224284490129
"296" "EML4" 0 0 -0.0609609941901793 0 0 0 0 0 0 0 0 0 0 0 0 0 0 0 0 0 -0.00304804970950896
"297" "CDC123" 0 0 0 0 0 0 0 0 0 -0.00390645894601073 0 0 0 0 0 0 0 0 0 0 -0.000195322947300536
"298" "BEND5" 0 0 -0.059025293764947 0 0 0 0 0 0 0 0 0 0 0 0 0 0 0 -0.000898528017790705 0 -0.00299619108913688
"299" "NDUFAF3" 0 0 0 -0.0376270858964357 0 0 0 0 0 0 0 0 0 0 0 0 0 0 0 0 -0.00188135429482179
"300" "CKLF" 0 0 -0.118343198406638 -0.0998850948596962 0 0 0 0 -0.126156341820053 -0.0316109352807183 0 0 0 0 0 0 0 0 0 -0.23135872834587 -0.0303677149356488
"301" "CRABP1" 0 0 0.12889394492988 0 0 0 0 0 0 0 0 0 0 0 0 0 0 0 0.00329032754535124 0.0443276164315553 0.00882559444533933
"302" "LMBR1L" 0 0 0 -0.0224489203282468 0 0 0 0 0 0 0 0 0 0 0 0 0 0 0 0 -0.00112244601641234
"303" "PRKCZ" 0 -0.00103312665575375 -0.0167596259354769 -0.0609807938832844 -0.074956029310275 -0.0531282891307387 0 -0.105004788010293 -0.0373812916222048 -0.0476240460891918 0 0 -0.0918876922854752 0 0 0 0 0 -0.0235548958664336 -0.0833045882096183 -0.0297807583499373
"304" "MORN2" 0 0 0 0 0 0 0 0 0 0 0 0 0 0 0 0 0 0 -0.044972201812909 0 -0.00224861009064545
"305" "TMEM200C" 0 0 -0.11038103456759 -0.065179597898875 0 -0.0101036099164324 0 0 0 0 0 -0.0402007997921911 0 0 0 0 0 0 0 0 -0.0112932521087544
"306" "KIAA0513" 0 0 0 0 0 0 0 0 0 0 0 -0.0518866919042076 0 0 0 0 0 0 0 -0.00701354165189507 -0.00294501167780513
"307" "HDAC8" 0 0 -0.00876549992689725 0 0 0 0 0 0 0 0 0 0 0 0 0 0 0 -0.0122098546049117 0 -0.00104876772659045
"308" "HPCAL1" 0 0 0.0200186950601532 0 0 0 0 0 0 0 0 0 0 0 0 0 0 0 0 0 0.00100093475300766
