"gene" "seed_1" "seed_2" "seed_3" "seed_4" "seed_5" "seed_6" "seed_7" "seed_8" "seed_9" "seed_10" "seed_11" "seed_12" "seed_13" "seed_14" "seed_15" "seed_16" "seed_17" "seed_18" "seed_19" "seed_20" "mean"
"1" "PRDX1" -0.112084363358969 -0.169598427748596 -0.297890717428849 -0.235812485884964 -0.127831635490688 -0.193802576092593 -0.151398610428028 -0.176818153876757 -0.197797803786444 -0.0825421818776774 -0.122903738300792 -0.143206441146743 -0.19840324759931 0 -0.121969824214239 -0.146431575521892 -0.258387626181174 -0.226746884261866 -0.207236482772044 -0.271769833404512 -0.172131630468807
"2" "NFIA" 0 0 -0.0309015760736952 0 0 0 -0.0687333996053542 0 0 0 -0.0228837215976962 -0.00833976919431739 -0.014574833104315 0 -0.00311338539328274 0 0 0 0 -0.0115818362385883 -0.00800642606036245
"3" "PTPRK" -0.0497173515624035 -0.0810474711547339 -0.125976799714129 -0.127435680876689 -0.131739425961082 -0.0785293079333887 -0.0580085633071483 -0.075550003652478 -0.124043440757531 -0.119610646035186 -0.115444001164558 -0.03631033404551 -0.0445420795654552 -0.0418770802174451 -0.0896579073095651 -0.0668474146409163 -0.0780955845459048 -0.0848694770105846 -0.0751831386858123 -0.122124721846589 -0.0863305214993555
"4" "PLCB1" 0 -0.00564865596718961 -0.00791812609304504 -0.00753606486921073 -0.0173708081541321 -0.0364108723642136 0 -0.0317391654461741 -0.0242766684811243 0 -0.0754931154858853 -0.0244737546125214 0 0 -0.00538561598192993 0 -0.0410087353242003 0 -0.0498493594483796 -0.0251022418537881 -0.0176106592040897
"5" "RBFOX1" 0.0663540361652296 0 0.0442912980131809 0.00708565470504223 0 0 0.00719675995324541 0 0 0.0101517886579031 0.019793625405228 0 0.052308146807617 0.0109116699211363 0.0242109540376842 0.0213559698691337 0 0.00535180281811394 0.0495282444009381 0.0774942301429562 0.0198017090448704
"6" "SLC27A4" -0.446665501178954 -0.384973069374869 -0.354574663242894 -0.378301089657997 -0.403147290331702 -0.382965829162829 -0.387962647552527 -0.32431285593457 -0.409444561379808 -0.36532600703422 -0.321799361544076 -0.356314901181779 -0.32439840035512 -0.461030951550005 -0.450780566090204 -0.391199754927017 -0.347069087975768 -0.39107478035942 -0.362243259382725 -0.402224019365219 -0.382290429879085
"7" "PGAP1" -0.0232849658449975 -0.037675185705627 -0.073302705250434 0 -0.00143689269692541 -0.0980872956845177 -0.0350828347614604 -0.0284833778861458 0 0 0 -0.0334142639485391 -0.0439202035838588 -0.0403036962584791 -0.0440994676342557 -0.0197653944223947 -0.0334002603030451 -0.0477325535551828 -0.0249192529569841 0 -0.0292454175246424
"8" "SSTR2" 0 0 -0.0103848909664175 0 0 0 -0.0372505020033909 0 0 0 0 -0.0116742539654077 0 0 0 0 0 0 0 0 -0.0029654823467608
"9" "SYNE2" 0 -0.0236837953871605 -0.00231201918321261 0 -0.0625328672719846 0 -0.00655567015149778 0 0 -0.0657975886112154 0 0 0 -0.108320775209501 0 0 -0.000596511873829078 -0.0329061379606627 0 0 -0.0151352682824532
"10" "MYO6" -0.105222562351414 -0.130159636384058 -0.11129517365232 -0.0684884283969064 -0.0537243449663392 -0.117639075610555 -0.109274874938097 -0.0218776648703766 -0.0608755807279249 -0.148423786825326 -0.120007599204546 -0.190146671574794 -0.0972461646849952 -0.113530266202552 -0.125913712541464 -0.0498515280877839 -0.13221004634375 -0.112013402467854 -0.0647972276095573 -0.138134048285423 -0.103541589786302
"11" "DOCK9" 0 0.0280162168163951 0.00213492471618811 0 0 0 0.0433979126390505 0 0 0 0 0 0 0 0 0 0 0 0 0 0.00367745270858169
"12" "CECR2" -0.00382630032086228 0 -0.00460898715054944 0 0 -0.013593333991521 -0.00503579641204917 -0.00166733163211422 -0.00751984449014492 0 -0.0206169134563976 0 0 0 0 0 -0.0102585648744256 -0.0183014376218183 0 -0.00706027402674006 -0.00462443919883113
"13" "GABBR2" 0.0164432666651085 0 0 0 0 0 0 0 0 0.0118337185979306 0 0 0 0 0 0 0 0 0 0 0.00141384926315195
"14" "MEF2C" 0.0113764029081865 0.0535132936006501 0.0203496265738619 0.0162524752515757 0.0857894757392108 0 0 0.0889411280772441 0.00769268186190105 0.0607052573933647 0.0248623992350685 0 0.0418983399036048 0 0.00259743846827133 0 0.0796820110882137 0.0135466694540214 0 0 0.0253603599777587
"15" "DPP6" 0 0 0 0 0 0 0 0 0 0 0 0 0 0 0 0 0 0.00390431596148671 0 0 0.000195215798074336
"16" "AP1S2" -0.0141158330458718 -0.0161706346758446 -0.0319754836239561 -0.00153632237772155 0 0 -0.00440355220275035 -0.0115088138969651 -0.0515263335912934 -0.0826565780314533 -0.0249555592411139 0 -0.000685059271860241 0 0 -0.0466335720146142 0 -0.0240553518688457 0 0 -0.0155111546921145
"17" "NTM" 0 0 0 0 0 0 0 0 0 0 0 0 0 0 0 0.00586554046004676 0 0 0 0 0.000293277023002338
"18" "CHD7" -0.0681555239404592 -0.0276557576370459 0 -0.0453734189500105 -0.0477409877679484 -0.0592702287321597 -0.0760086683711959 0 0 -0.0434095224734545 0 -0.076185290842833 -0.0771483547089275 -0.0165990780903593 -0.022452130650708 -0.0570440372689552 -0.0946986491363876 -0.0284568358088567 -0.00607416554467822 0 -0.037313632496199
"19" "SLC25A6" -0.0815255972465244 -0.0708809534076685 0 -0.112157763255571 -0.115716509158768 -0.0136917870684707 -0.0785535103251615 -0.1520578081639 -0.0698693438071505 -0.0120790835370866 -0.00253731280138643 -0.0392151086538529 -0.099404201560574 -0.0840078145071601 -0.0737603973559027 -0.0979056240973369 -0.0363191579631169 -0.0432529874545035 -0.0507922615742862 -0.0181466409984546 -0.0625936931468438
"20" "IGFBPL1" -0.113474209596423 -0.067715553312151 -0.0489424910390265 -0.0760507378751469 -0.0523626390594548 -0.0573235188673216 -0.0717855119245517 -0.0649974506143652 -0.121670653118923 -0.135194953361388 -0.118559441055447 -0.109206998919533 -0.106726580263927 -0.099520710438778 -0.0663467407060692 -0.121306154843306 -0.0715692493504164 -0.0138176759227607 -0.0729289150993209 -0.0898247764639115 -0.0839662480916111
"21" "ATP5MC2" 0 -0.0560386614892324 0 -0.0729610760181219 -0.107601449822847 0 -0.027892556613559 0 0 0 -0.0915403942837226 -0.0381192195866637 -0.0410677742274829 -0.0986966427849535 -0.0840387514551881 0 0 0 -0.0615294999675034 -0.0232496059422656 -0.035136781609577
"22" "CORO2B" -0.106190385412057 0 -0.0579326599457692 -0.00744332712688711 -0.0396863194135877 -0.0433552690127432 -0.000638934613803355 -0.0610929950285429 -0.031701147189009 -0.031129211695395 -0.0134219715300528 0 -0.0940414885648549 -0.0748481259843345 -0.0741065366382096 -0.0615902606119431 -0.0237684494615835 -0.0474803539753625 -0.0364427997780247 -0.115840636889438 -0.0460355436435799
"23" "GNG5" -0.0272621537674188 -0.0676921928339981 0 0 0 0 -0.000330757234615202 -0.0266837862643625 -0.0351138475734916 0 0 -0.013276339764602 0 0 0 0 0 -0.00729034899390803 -0.0435269149731439 -0.0270685306494993 -0.012412243602752
"24" "PAG1" 0 0 0 0 0 -0.0179093694110437 -0.0356503939403124 0 -0.00606160016496793 0 0 0 -0.0412397692706011 0 0 0 0 0 0 0 -0.00504305663934625
"25" "COL4A6" -0.0514538223034106 -0.0776648395184452 -0.106601740201044 -0.015074116852181 -0.0852189795204147 -0.112160762388915 -0.100625059647552 -0.0544896586792878 -0.0496705485316122 -0.0605957018035054 -0.108403206090636 -0.107405279869387 -0.0765827690328781 -0.00267926052678849 -0.0938638364489016 -0.115360669360836 -0.130221498193048 -0.0770829848737436 -0.0965184093279196 -0.0453534993055152 -0.0783513321238011
"26" "FABP7" 0 0 -0.0667334106962101 0 0 0 0 0 0 0 0 0 0 0 0 0 0 0 0 0 -0.0033366705348105
"27" "SERF2" 0 0 0 0 0 0 0 0 0 0 0 0 -0.0203102359203719 0 0 0 0 0 0 0 -0.00101551179601859
"28" "LHFPL6" 0.0172240084195442 0.0298888426702153 0 0 0 0 0 0 0.017649741987745 0.0432416283680615 0 0 0 0 0 0 0.00661114196442317 0 0 0 0.00573076817049946
"29" "RPS27L" -0.272931562755451 -0.235517675823047 -0.102091906199652 -0.100799228849364 -0.184250215001228 -0.164075704624902 -0.14459570862837 -0.188875469047693 -0.172566812618056 -0.160904760662891 -0.105898909439287 -0.201381577834483 -0.187731032087724 -0.24975138692221 -0.201063408279338 -0.219739175971011 -0.12219650020393 -0.203955020558821 -0.179891364904918 -0.0841070324053754 -0.174116222640888
"30" "ZBTB38" 0.0304299048724603 0 0 0 0 0.0602919056450603 0 0 0 0 0 0 0 0 0 0 0 0 0 0 0.00453609052587603
"31" "NCAM1" 0 0 0 0 0 0 0 0 0 0 0 0 0 -0.00093736191331606 0 0 0 0 0 0 -4.6868095665803e-05
"32" "EMX1" -0.00967079640514155 0 0 -0.0333637100092754 0 0 0 0 0 0 -0.0387016719295424 0 0 0 0 0 0 -0.00394073860141673 0 0 -0.00428384584726881
"33" "CALD1" -0.0297132529717071 0 -0.0101268073478726 0 0 0 0 -0.0221158185029199 0 0 0 0 0 0 0 -0.0173413500310593 0 0 0 0 -0.00396486144267794
"34" "VIM" -0.0412040930240885 -0.0142602887047552 -0.0487014742127001 -0.0704616981140654 0 -0.0775259014691844 -0.0947314884395988 -0.0515428406898944 -0.128559512672796 -0.0322197501103903 -0.039135638955982 -0.0692055923479161 -0.0420551432621852 -0.0804001648590526 -0.0857349669343806 -0.0745153287222547 -0.044602155568844 -0.0655192419667185 -0.0645384562962419 -0.0562307125964452 -0.0590572224473747
"35" "SESN3" -0.225820335350582 -0.0918772009725299 -0.163437421340287 -0.145845754160209 -0.119093696272625 -0.0470153098234112 -0.142286265843709 -0.188673216401787 -0.153010043234573 -0.173000756493774 -0.183914247821039 -0.151289997775773 -0.180649766837243 -0.127131673912879 -0.172398832718197 -0.140502653219918 -0.112512258125072 -0.161864461310831 -0.13393402835346 -0.108946159760425 -0.146160203986416
"36" "EPHA4" 0 -0.0168046715599881 0 0 -0.0476503889157685 0 -0.0228530626760636 0 0 0 -0.0345725521207555 -0.0134279916991818 -0.0295290375342133 0 -0.0132700990668768 0 -0.040388105400397 -0.0175239707175802 -0.0143505804809024 0 -0.0125185230085864
"37" "COX4I1" 0 0 0 0 0 0 0 0 0 0 0 0 0 -0.0644716942931227 0 0 -0.0191396462649687 0 0 0 -0.00418056702790457
"38" "CNN3" -0.0281681183492297 -0.0213796557927913 -0.159921231374278 -0.129602258116164 -0.11087289944779 -0.168570365041143 -0.0127891652041966 -0.136285066621649 -0.0262123008954692 -0.133276005617706 -0.0894409160721967 -0.0682935629825304 -0.0856242328845035 -0.0837173912541768 -0.0758106579846222 -0.0639480007120943 -0.0631117706275122 -0.100338864553179 -0.0835394131712549 -0.0650595111502439 -0.0852980693926366
"39" "PTPRZ1" -0.234355178128626 -0.182091227800825 -0.139591157259712 -0.0891931124398176 -0.131030610608461 -0.115390578459557 -0.193534161207407 -0.148477117127102 -0.181619827040274 -0.193015372359072 -0.141384096583307 -0.130522870656227 -0.125235591193009 -0.230784847140386 -0.0949639459704744 -0.158787066843927 -0.219793240889189 -0.173057066856644 -0.157097052498913 -0.168529855848965 -0.160422698845595
"40" "CAMK2N1" 0 0 0 0.000287300081779293 0 0 0 0 0 0 0 0 0 0 0 0 0 0 0 0 1.43650040889646e-05
"41" "SNCAIP" -0.0904424117898208 -0.0710876297785691 -0.0817711601973678 -0.0910122758539829 -0.0654620753735131 -0.0506057868032115 -0.0736653029677895 -0.137893029992674 -0.144638615180805 -0.0657226944078828 -0.100895595637745 -0.0499768942870921 -0.0832906076032741 -0.0235046927709226 -0.124319337749416 -0.074885951432448 -0.0920756034357575 -0.151597094711721 -0.108847759142332 -0.0801618351830817 -0.0880928177149703
"42" "MARCHF1" 0 0 0 0 0 0 0 0 0 0 0 0 0 0 0 -0.023788858256458 0 0 0 0 -0.0011894429128229
"43" "HNRNPA1L3" -9.28294718053672e-05 -0.069135785351703 0 -0.0966508682223942 -0.0756072974978102 -0.16348873058282 0 -0.0620346219203472 -0.0548859520234047 -0.102052305335845 -0.0358649920741302 -0.164521084953003 -0.00195985251986712 -0.0583461858135063 -0.0835748421756407 -0.113508882642749 -0.0113798322914401 -0.101395697700254 -0.0710950459628673 -0.00398305976967596 -0.0634788933154632
"44" "MSI2" 0 0 -0.00524862203892655 0 0 0 0 0 0 0 0 0 0 0 0 0 -0.00328659245261834 -0.00685722988455672 0 -0.0161014307297601 -0.00157469375529309
"45" "HPCAL1" 0 -0.0161253708650168 0 -0.0145655126327333 0 0 -0.000779467310362656 0 0 -0.016031984696721 0 0 0 0 0 0 0 0 0 0 -0.00237511677524169
"46" "ZFPM2" 0 0 0 0 0 0 0 -0.00561889168734293 0 0 0 0 0 0 0 0 -0.010369529699603 0 -0.0037532233147667 0 -0.00098708223508563
"47" "TAFA1" 0 0 0 0 0 0.0138370473511479 0.0188193444821979 0.0518625515602482 0.0326903304746814 0.0060737949338375 0 0 0 0 0 0.0505125775628377 0.0572221796420361 0.00342874728123254 0 0 0.011722328664411
"48" "PRDX2" -0.00646076783021759 0 0 0 0 0 -0.0276779132861883 -0.0168916483624059 0 0 0 -0.135389801631691 0 -0.0569446664396413 -0.0430766044126974 0 -0.000904745010984952 -0.0662382099733405 0 0 -0.0176792178473583
"49" "CREB5" -0.0641805900525637 -0.139740751437538 -0.121477825003339 -0.12235732644238 -0.0666843367674427 -0.0556789066229024 -0.078688369938488 -0.15589332190405 -0.168757127684659 -0.0609764567547002 -0.146830962939322 -0.0732857061943057 -0.0845861136223579 -0.00840860579500751 -0.131380150559593 -0.100328360461228 -0.16595864630881 -0.0649161163887067 -0.166427100566608 -0.157849132370736 -0.106720295390737
"50" "EPHA5" -0.0677641966880211 -0.0577725182866757 -0.0251797167776524 -0.0461106589992921 -0.0503001373058125 -0.0802034309204189 -0.0526860757571484 -0.0804173603636519 -0.0232590503939721 -0.0307165657198785 -0.0305555616077521 -0.0702049152139506 -0.0456700422758431 -0.0359911262073657 -0.0406872139673606 -0.00252744859100999 -0.0575242158638342 -0.0622744418706541 -0.0275059683604366 -0.0320484253415667 -0.0459699535256149
"51" "TTR" -1.26036553100899 -1.10224762740569 -0.851089934740365 -1.03966679402378 -1.11225269201747 -1.1646598189089 -1.0363124858429 -1.15139755235533 -0.974044526831167 -1.18277664520408 -0.894136875769604 -1.08418279573964 -1.00306500754208 -1.46321579860776 -0.819621786678887 -1.19184712926742 -1.04317469123572 -0.995156416404125 -1.04830171040991 -0.905933285873866 -1.06617245529338
"52" "PALLD" 0 -0.0150141943830996 0 0 -0.0137202957087824 -0.0391403237838257 0 0 0 0 0 -0.00190881639292944 0 0 0 0 -0.0262104305644237 0 0 0 -0.00479970304165304
"53" "ITGB1" 0 0 0 -0.0509716220898392 -0.0603057378254468 -0.0356149307831923 0 -0.0125919760848957 -0.0438686729241953 0 -0.00682319113267042 0 0 -0.0803331119207604 -0.0399475172192827 0 -0.0255425592295615 -0.0182966713326641 -0.00117187325558395 0 -0.0187733931899046
"54" "OLFM1" 0.00243200533715873 0 0 0 0 0 0 0 0 0 0 0 0 0 0 0 0 0 0 0 0.000121600266857937
"55" "GPM6B" -0.115953314092219 -0.116594052006657 -0.00800910569466145 -0.0878042532330414 -0.0454350322554 -0.0391521236212374 -0.104748792256392 -0.0340409083688416 -0.0999879068513848 -0.0727516719101145 -0.0667663935062066 -0.0610779241045406 0 -0.0802287001230822 0 -0.128712655649555 -0.0641183475783214 -0.0849131333949328 -0.0497834432412348 -0.0769813999991929 -0.0668529578943508
"56" "TMEM131L" -0.0113462130012659 -0.0420899196912189 0 -0.0557447724594957 -0.0406391562692734 0 -0.0794700365481087 -0.0530436064235064 -0.034102904035292 -0.0466342920024259 0 0 0 -0.0835300059166678 -0.0316697414192185 0 0 -0.0021972077024119 0 0 -0.0240233927734443
"57" "BRINP3" -0.123528054576326 -0.105430339564958 -0.0805612511613705 -0.124588870695519 -0.0887636996447084 -0.131070895921193 -0.119438395534777 -0.148488808699179 -0.100128686591006 -0.0387971801339345 -0.166347972464968 -0.107046339813495 -0.115454778103041 -0.0996826493950642 -0.0926050773746849 -0.150257241168541 -0.130716428173625 -0.162880939071661 -0.0787047385039839 -0.127698066934439 -0.114609520676324
"58" "DDAH2" 0 0 -0.00243578039702766 0 0 0 -0.000805253075344938 0 0 -0.0080107279788969 0 -0.0104358054112174 0 0 0 0 0 0 0 0 -0.00108437834312435
"59" "DPY19L1" 0 0 0 -0.00789805120651915 0 0 0 0 0 0 0 0 0 0 0 0 0 0 0 0 -0.000394902560325957
"60" "SHISAL1" 0 0 0 0 0 0 0 0 0 0 0 6.81348946124385e-07 0 0.151760394419042 0 0 0 0 0 0 0.0075880537883994
"61" "LDLRAD3" 0 0 0 0 0 0 0 0 0 0 0 -0.0280525632937621 0 0 -0.0042669468369319 0 0 0 0 0 -0.0016159755065347
"62" "STEAP1B" -0.309098958457336 -0.175525551358449 -0.211148004547568 -0.233252194417529 -0.213093095836666 -0.273051961227706 -0.186913073970739 -0.268808953221125 -0.293781200987176 -0.200208609828735 -0.290745556892308 -0.200118123635901 -0.250580743356826 -0.258961857946389 -0.225535337514091 -0.215766977509908 -0.312756134489386 -0.200699861282971 -0.281796381492708 -0.189857069998248 -0.239584982398588
"63" "PRKX" -0.0613329895539003 -0.0576509889193359 -0.0281809735167353 -0.133383095664866 -0.0780686818115529 -0.0500660261692531 -0.096794596658699 -0.0448645667131411 -0.0574715815035288 -0.0808630967404671 -0.00962150024136526 -0.0785059267889045 -0.101167824332734 -0.103471809753425 -0.0733737615361806 -0.00849389065005439 -0.0295336624980658 -0.0823519790868498 -0.00149071495539158 -0.0692852809305975 -0.0622986474012524
"64" "ARHGAP42" 0 0 -0.0246571251436535 -0.0432843242069775 0 0 0 0 0 0 0 0 -0.0266960484973251 0 0 0 0 0 -0.0176378521783676 -0.03685774385483 -0.00745665469405768
"65" "PHF21B" 0 -0.0706027754881728 0 -0.114575721874998 -0.061390867772987 -0.0890715535290728 -0.0639045875810038 -0.024245567363412 -0.0967443331601635 -0.00474797385679756 -0.030422823100071 -0.0517022483385427 -0.0315625923328964 -0.0454579845264468 -0.0640691860652925 0 0 -0.0331572307151971 -0.106130689791658 -0.0154379730328632 -0.0451612054264788
"66" "SPAG9" 0 0 0 -0.0450982743477757 0 -0.0989563979786488 0 -0.0847378669436407 -0.0377862741015081 -0.0626156497478 -0.0250860047504741 0 -0.0113750255010916 0 0 -0.0673488010047105 0 0 -0.0329122393678892 0 -0.0232958266871769
"67" "ANTXR1" 0 0 0 0 0 -0.0883981953651544 0 0 0 0 0 0 0 0 0 0 0 0 0 0 -0.00441990976825772
"68" "NHLH1" -0.0109274788085153 0 0 0 0 0 0 0 0 -0.00458871256634662 0 0 0 0 0 -0.025712619716188 0 0 0 0 -0.0020614405545525
"69" "ZEB2" -0.0396437610518199 -0.0826874923545697 0 0 -0.0218031592777281 -0.0484283092488692 0 0 -0.0213556083159095 -0.0538877973980334 -0.00456783645920216 -0.0210765842993351 -0.00240913065534661 -0.0958701980631653 -0.025980674070899 -0.0165315225742613 -0.0708435842414479 0 -0.0197076867288954 -0.00340719431071171 -0.0264100269525097
"70" "KCNH8" 0 0 0 0 0 0 0 0 0 -0.00323190369092982 0 0 0 0 0 0 0 0 0 0 -0.000161595184546491
"71" "ZNF618" 0 0 0 0 0.0418084731835468 0.0553199047118653 0 0.0362583356503718 0 0 0.0173771224827833 0 0 0.0605978564887585 0 0 0 0 0 0 0.0105680846258663
"72" "SNRPD2" -0.0751487965050659 -0.0901864908697377 -0.0434364467510425 -0.111863155699926 -0.0362380449899557 -0.0194489173827549 -0.0943251256742816 -0.120601915938252 -0.125335574889432 -0.0516661326405033 -0.124959961257949 -0.0597875423147797 0 -0.0694239183241936 -0.0212635324180079 -0.100313350476111 -0.046765684444255 -0.0388884557783951 -0.154183938495334 -0.0808397263011474 -0.0732338355575562
"73" "PKIA" 0 0 0 0 0 0 0 0 0 0 0 0 0 0 0.0220208242914638 0.000321495444044909 0 0 0 0 0.00111711598677543
"74" "NRG1" -0.00109944100931688 -0.0231538434131992 -0.0193462513325873 -0.0110000460050498 -0.0111604050864875 -0.0227343184860142 -0.0465611993991346 -0.0320022443652324 0 -0.0431876376421017 -0.0100320852637593 -0.0244101188266343 -0.00265331577756053 0 -0.0417197284595483 0 -0.0301268425239333 -0.0726700331763572 -0.0296547715306042 0 -0.021075614114876
"75" "LMO3" 0 0 0 0 0 0 0 0 0 0 0 0.000343875900888341 0 0 0 0 0 0 0 0 1.71937950444171e-05
"76" "PDE1C" 0 0 0 0 -0.0122364652339574 0 0 0 0 0 0 0 0 0 0 0 0 0 0 0 -0.000611823261697871
"77" "OOEP" -0.161310784351964 -0.24463211002561 -0.197143376233437 -0.240543250891927 -0.212848271342649 -0.229135505697038 -0.179274205975095 -0.178334936528351 -0.251395775519596 -0.224930353106984 -0.264865770144031 -0.221747282334447 -0.11386499132282 -0.320818986412736 -0.216207110010071 -0.261084478733666 -0.185315168005631 -0.180946830053129 -0.148526791726094 -0.213943417653667 -0.212343469803447
"78" "LMO4" -0.0347144239037142 0 0 -0.0533271195447374 -0.0549947947580208 -0.0148900941253423 -0.00662114828790579 -0.0431122324079864 0 0 0 0 0 -0.0791347276950224 -0.00928728930612571 0 -0.0229928824822239 0 0 -0.0458956797788358 -0.0182485196144957
"79" "BHLHE22" 0 0 0 0 0 -0.00227765297227427 0 0 0 0 0 0 0 0 0 0 0 0 0 0 -0.000113882648613714
"80" "AFF2" -0.038787601608189 -0.0174292286911889 0 0 0 -0.00298913020019099 0 -0.0194509844537259 0 0 0 -0.00804717264607407 0 -0.0644670538471381 0 0 -0.0445400868668375 0 -0.0131207397622545 0 -0.01044159990378
"81" "LAPTM4A" -0.0316187610271577 0 0 -0.0309596964093126 0 0 0 -0.00724008981204614 0 0 0 0 0 0 0 -0.0163503069411454 0 0 0 0 -0.00430844270948309
"82" "CAP2" -0.0784950206658695 -0.105070243421638 -0.0692282438787076 -0.103030810371768 -0.124918577916586 -0.0948079269453654 0 -0.0817919636797324 -0.105385164731838 -0.0916719177076447 -0.131814006471395 -0.0482299895281597 -0.0693532947194964 -0.067658136201926 -0.0904308157309722 -0.0681385655722003 -0.0200446324535432 -0.0474902768377973 -0.119941856685901 -0.0543617385607346 -0.0785931591040638
"83" "ANP32A" -0.0379592433114709 0 0 -0.0365341179296679 -0.0320570517905984 -0.151427952743067 -0.0707124518329168 -0.0351188089851694 -0.0667507535067075 0 -0.0534705225702788 -0.0332304075581294 -0.0681775407696069 -0.0112052037953592 0 -0.106956928523786 -0.0655645660577953 0 -0.00919876689763682 0 -0.0389182158136095
"84" "TMEM258" 0 0 0 0 0 -0.0260975255999284 0 0 0 0 0 0 0 -0.0099224375216244 0 0 0 0 0 0 -0.00180099815607764
"85" "PRMT1" 0 0 0 0 0 -0.00910639252105393 0 0 0 0 0 0 0 0 0 0 0 0 0 0 -0.000455319626052696
"86" "NRP1" -0.0282574179263507 0 -0.00053612507258548 0 0 -0.00633228065561813 0 0 0 -0.0401721318334462 -0.00120013338248383 0 0 -0.0742580874910167 -0.0438809151658107 -0.043414257984811 -0.0118043414688161 -0.0257442880913645 0 0 -0.0137799989536152
"87" "MAP9" 0 0.0240641822859717 0 0 0 0 0 0.0109566393033232 0 0.00276077686745864 0 0 0 0 0.0210590855041293 0 0 0.0408079108601134 0.0429551748107691 0 0.00713018848158826
"88" "HMGN3" 0 0 0 0 -0.0625968567124065 -0.0229925272488907 0 0 0 0 -0.034517561150949 0 0 0 0 -0.0175478356969317 -0.0560557987691696 0 -0.0365863983926298 0 -0.0115148488985489
"89" "RPL17" -0.0577750149605834 0 -0.00190023469737414 -0.0100349760615316 -0.0764453661330802 -0.0788160609177406 -0.0185551125141332 -0.106879207551774 -0.020938564003164 -0.177472186833387 0 -0.0416766429539486 0 -0.0189660172697378 0 -0.0232950510643101 -0.0587136646141438 -0.0141359700364999 0 -0.0189326679064537 -0.0362268368758931
"90" "FAM126A" 0 0 0 0 0 0 0 0 0 0 0 0 -0.0139813568444851 0 -0.00892801370322092 0 0 0 0 0 -0.0011454685273853
"91" "TMEM132B" -0.0237948582834584 0 0 0 0 0 0 0 -0.0301512914303251 0 0 0 0 -0.0434116599203044 -0.0290498485010601 0 0 0 0 0 -0.0063203829067574
"92" "SDCBP" 0 0 0 0 -0.0361434945888388 0 0 0 0 0 0 -0.014577103091158 -0.0118594646260648 0 -0.034158767100053 0 0 0 0 0 -0.00483694147030573
"93" "SERINC5" 0 -0.0593391515402791 -0.0232697968414884 -0.0676011514735941 -0.0831699795965688 -0.0756388488766145 -0.0104395062162805 -0.016532073606219 -0.0317152132800487 -0.0157803720484559 -0.00589073826519275 -0.0341199386975547 -0.0498487126141313 -0.0211926904435714 -0.00177536528527257 -0.111640025676652 0 0 -0.024148348650052 -0.000587564464162455 -0.0316344738788069
"94" "DECR1" 0 0 0 0 0 0 0 -0.0460774476876115 0 0 0 0 0 -0.0100171654572256 0 0 0 0 0 0 -0.00280473065724185
"95" "SSR4" 0 0 0 0 0 0 0 0 0 0 0 0 0 0 0 0 0 0 -0.0345452323315932 0 -0.00172726161657966
"96" "ATP5PO" -0.0224280042236066 0 0 0 0 0 0 0 0 0 -0.0120134440862589 0 0 -0.019864508804724 0 -0.0329966210003993 0 0 0 0 -0.00436512890574944
"97" "VEGFA" 0.189889565844092 0 0 0.077055017959034 0.0306212522305495 0.138211061006059 0 0.0364060816351459 0 0.118610878680148 0.0839954143820704 0.137114606431588 0 0.107361235112289 0 0.0396898593276198 0 0 0 0 0.0479477486304298
"98" "MKLN1" -0.0580923194304368 -0.0482279179029895 0 0 -0.0370270648177436 -0.1073615192506 -0.0137770219626335 -0.0991757764163827 0 -0.0935943279830774 -0.0202643399170479 -0.0707732056736837 -0.00135218902362015 -0.132504837549088 -0.0537044962942232 -0.0797205539865897 -0.0745907017054806 -0.0410363639946103 0 0 -0.0465601317954103
"99" "TAC1" 0 0 0 0 0 0 0 0 0 0 0 0 0 0 0 0.0146058467427885 0 0 0 0 0.000730292337139424
"100" "GPR39" 0 0 0 0 -0.00415571270121776 0 0 0 0 0 0 0 0 0 0 0 0 0 0 0 -0.000207785635060888
"101" "GPR27" 0 0 0 0 0 0 0 0 0 0 0 0 0 0 0 0.0300995840881649 0 0 0 0 0.00150497920440824
"102" "TMPO" -0.0489529996505036 -0.0917786202520793 -0.0299494328347528 0 -0.104963637696205 -0.0174685622096114 -0.0384216951628462 0 -0.147963194336014 -0.0631188877755719 -0.0431271730935371 -0.0657088918774144 -0.0257010742689457 -0.111561766212733 -0.0753867195366776 -0.0871663755801547 -0.005137082707875 -0.0726682827684925 -0.0493440092654558 0 -0.0539209202614435
"103" "ROR1" -0.0342560263410339 -0.000592141139833959 0 -0.0174861962431464 -0.0130452551996008 0 0 0 0 0 0 0 0 0 -0.0332342279497122 0 -0.0259515266773078 0 0 0 -0.00622826867753175
"104" "NDUFB2" 0 -0.0715392625819416 -0.0182512015793128 -0.0669707744259927 -0.00272605710336294 -0.0427642440434335 -0.0115380922886693 -0.120073340257887 -0.0890563923416058 -0.000454788965771675 -0.0716365996325963 -0.10125002303331 0 -0.0815266513702481 0 -0.111281518499479 -0.0316959770365937 -0.015270811868634 0 -0.0844014227386315 -0.0460218578883735
"105" "SFMBT2" 0 -0.00834474963593002 0 0 0 -0.0154300885120139 0 0 0 -0.00926609665006796 0 0 0 -0.0504457184515831 0 0 0 0 0 0 -0.00417433266247975
"106" "CCDC88C" 0 0 0 0 0 0 0 0 0 0 0 -0.0195228807091925 0 0 0 0 0 0 -0.00404439042109234 0 -0.00117836355651424
"107" "SLC25A5" -0.00172493602241013 0 0 0 0 0 0 0 0 0 0 0 0 0 0 0 0 0 0 0 -8.62468011205067e-05
"108" "CXXC5" 0 -0.0195021198545326 0 0 0 0 0 0 0 0 0 0 0 0 0 0 0 0 0 0 -0.00097510599272663
"109" "TRIP12" 0 0 0 0 0 0 0 -0.014107547661927 0 -0.0541650453064803 0 0 0 0 0 0 0 0 0 0 -0.00341362964842037
"110" "PLCE1" -0.0269288715833059 0 -0.0753457171821577 -0.0276540792011216 -0.0519761894872324 -0.0895575881102972 -0.0818663295348096 -0.101076725597637 -0.0264053155581951 -0.0613954076044362 0 -0.0527958577870806 0 -0.111274184681708 -0.0766722097137046 -0.0627820287435769 -0.031487287781388 -0.0661612630569397 0 -0.0320587830913442 -0.0487718919357468
"111" "AP3B1" 0 -0.0253504174967391 0 0 0 0 0 0 0 0 0 0 0 0 0 -0.0504551226073905 0 0 -0.0254076365339541 0 -0.00506065883190418
"112" "JAKMIP1" 0.0026879629477454 0 0 0 0 0 0 0 0 0 0 0 0 0 0 0 0 0 0 0 0.00013439814738727
"113" "PTCHD4" -0.0210695976613132 0 0 -0.0699024001453692 -0.0307490902239537 -0.0646103334734771 0 -0.0550652199286381 -0.0256647827023455 0 -0.0538656039950355 -0.080466686917595 0 -0.0302675685764941 -0.00376436253685651 0 -0.0213267621907228 0 -0.016539400604932 0 -0.0236645904478366
"114" "CNKSR2" -0.0417156168771387 0 -0.038111872826731 -0.0396523960772021 -0.131947851998672 -0.0850281107381329 -0.0438554035705179 -0.0312925278823754 -0.0443426712668453 -0.0566137498033004 0 -0.0826924346110896 0 -0.140261689138423 -0.0174570915524866 -0.0653891396587045 -0.0870398655356516 0 -0.0890556953570843 -0.0206434667523151 -0.0507549791823335
"115" "GFOD1" 0 0 0 0 0 0 0 0 0 0 0 0 0 0.0155587957108264 0 0 0 0 0 0 0.000777939785541319
"116" "LAMC1" 0 0 0 -0.0552991197812156 0 0 -0.014302885197308 -0.0838130350867184 -0.0034501732356021 0 0 -0.00943371262299374 -0.0121052340474845 0 -0.00867083112251744 -0.072285243918913 -0.00913736349467929 0 -0.00723112538099188 0 -0.0137864361944212
"117" "CSRP2" 0 0 0 0 0 0 0 0 0 0 0 0 0 -0.00823570277335185 0 0 0 0 0 0 -0.000411785138667592
"118" "ATP6V0E1" -0.00964311324953479 -0.0419011609041611 0 -0.0392449553995159 -0.0771729690640998 0 -0.0393728818202008 0 -0.0604889417830773 -0.0324016881391607 -0.0861287496410626 0 -0.0258676653676843 -0.0575608296552321 -0.0613243805086289 -0.0789252679571297 -0.0464202910147684 0 -0.0909703613299631 -0.00599318683237461 -0.0376708221333297
"119" "TXNRD1" -0.136357242804267 -0.0683595758650955 -0.0132832012643946 -0.0376625695934592 -0.125335900526986 -0.145831494550893 -0.0213907275977038 -0.108031361511226 0 -0.179148417275892 -0.0219356400613933 0 -0.051409517230591 -0.0877954436623321 -0.11041036915936 -0.10518593258558 -0.112893743430913 -0.0305695865353618 -0.1395055113589 0 -0.0747553117507174
"120" "MAML2" -0.0493348816636128 -0.0861962096607991 -0.0248017391671795 0 0 -0.0787183007441158 0 -0.0142164824993454 0 0 -0.00151796322545374 -0.0222849963238896 -0.0368678222308595 0 -0.0262397372636182 0 0 0 0 -0.0324499698609474 -0.0186314051319911
"121" "C12orf57" -0.0176208393272586 -0.0173113991805443 0 -0.0165487795169332 -0.110273314863277 -0.0644931947495398 0 0 -0.0250947244861962 -0.00826221828472357 0 0 -0.0268416172546217 -0.0775421272478136 -0.0233690850367335 -0.0857480741829056 -0.0106051514864305 0 -0.000971195231330793 0 -0.0242340860424154
"122" "CDK2AP1" 0 0 0 0 0 0 0 0 0 0 0 0 0 0 0 -0.0062916915390482 -0.0139550931569999 0 0 0 -0.00101233923480241
"123" "SMURF2" -0.0199016690848358 0 0 0 0 0 0 0 0 0 0 0 0 0 0 0 0 0 0 0 -0.00099508345424179
"124" "SEZ6" 0 0 0 0 0 -0.0210279379725616 0 0 0 -0.00730782928350749 0 -0.0240431871901056 0 0 0 0 0 0 0 -0.0126493763465534 -0.0032514165396364
"125" "SFXN5" -0.115817184508528 0 0 0 -0.0137118237485243 -0.0233197833203042 0 0 -0.0857365389480953 0 -0.0526797644134347 0 0 -0.134925889021707 0 -0.0779956285767815 0 0 -0.0091018421224535 0 -0.0256644227329914
"126" "EML1" 0 0 0 0 0 0 0 0 0 0 0 0 0 -0.0317929637609834 0 -0.0383178697816617 0 0 0 0 -0.00350554167713225
"127" "EIF3K" -0.0027655032926289 0 0 0 -0.0105519674337517 -0.0549349988351168 0 -0.0147792085393114 -0.0142779528271439 0 0 0 0 -0.00555192701695513 0 -0.039328482865498 -0.0188275421767895 0 0 0 -0.00805087914935976
"128" "NRIP1" 0 0 0 0 0 0 -0.000605437570388239 0 0 0 0 0 0 0 0 0 0 0 0 0 -3.02718785194119e-05
"129" "IQGAP2" 0 0 0 0 0 0 0 0 -0.00888086853017709 0 0 0 0 0 0 0 0 0 0 0 -0.000444043426508855
"130" "PDK1" 0.0171573935679918 0.0158268312233884 0 0.037684054317824 0.15190785311864 0.036586567283927 0.0291127851497528 0.0654206257731133 0.0234034265227079 0 0 0 0.0619052303033566 0.203438089354928 0.0789896605726907 0.0790112695355586 0.0643534829662381 0.0349319569893651 0.0528366206038812 0 0.0476282923641682
"131" "SMO" -0.12760804142388 -0.180720581512911 -0.0187929377987783 -0.125705625222806 -0.0733964102643705 -0.140567509401847 -0.0844573185712405 -0.00365744215134784 -0.148759341718938 -0.189965595807927 0 -0.0457156061078152 -0.160974239110609 -0.285000717743661 -0.0581074329727722 -0.00593026565021814 -0.0535066635647706 0 -0.140068344683697 -0.0411253092313381 -0.0942029691469464
"132" "UBL5" -0.00732006098025266 -0.0176334963834773 -0.0472693746279531 -0.0397907594688734 -0.0651350566466869 -0.0700771110773779 0 -0.116139901724978 -0.034367354573796 -0.0275047833263895 -0.0931608739805096 -0.0529970368963182 -0.0120075126140229 -0.158711825495796 -0.102903100529524 -0.0793107543681903 -0.053894147771704 -0.000128798173946555 -0.0708752493636835 -0.0676955030537813 -0.055846135052863
"133" "PHB2" 0 0 0 0 -0.0699518754158941 0 0 0 0 0 0 0 0 0 0 -0.0289345864246465 0 0 0 0 -0.00494432309202703
"134" "PLCH1" -0.0622905805416797 0 0 0 0 0 0 -0.00843854876040863 -0.0117940033072891 0 0 0 0 0 0 -0.0324846306879811 0 -0.00592614556211501 0 0 -0.00604669544297368
"135" "KLHL35" -0.0528946680095918 -0.0500254648649464 -0.0151984928478088 -0.0432975927895959 -0.090251400304741 -0.162019734243928 -0.0509826674637076 -0.0337284826067091 -0.0940053848039908 -0.0456167603448545 -0.0947108720013956 -0.042953786576054 -0.0897368734386743 -0.150992689097788 -0.0457113371294739 -0.10459105310279 -0.0350971624431463 -0.0482108703261606 -0.126116378311272 -0.0536996686248995 -0.0714920669665764
"136" "ZFHX3" 0 0 0 0 0 0 0 -0.107011312001384 -0.000789724382415761 0 0 0 0 0 0 0 0 0 0 0 -0.00539005181919
"137" "EIF3L" 0 0 0 0 0 -0.000732276740805105 0 0 0 0 0 0 0 0 0 0 0 0 0 0 -3.66138370402553e-05
"138" "NDUFS5" 0 0 0 0 0 0 0 -0.0218159458584388 0 0 0 0 0 0 0 -0.0322548509377084 -0.0176689972198887 0 0 0 -0.00358698970080179
"139" "SYBU" 0 0 0 0 0 0 0 0 0 0 0 0 0 0 0 0.0208572289282811 0 0 0 0 0.00104286144641405
"140" "FBXL20" 0 0 0 0 0 0 0 0 0 0 0 0 0 0 0 0 0 -0.0119694550098377 0 0 -0.000598472750491886
"141" "TGIF2" -0.00846610449006309 -0.0157278682978389 -0.0169874644293748 -0.0260802669740369 0 0 -0.0179731901592435 -0.00565262874400696 -0.0850194876574078 -0.0285427666955875 -0.0511959143684101 0 0 -0.0109153815565899 -0.0157700424379074 0 -0.0428154766357623 0 -0.0875044149983427 0 -0.0206325503722286
"142" "GNAO1" 0 0 0 -0.0371439607285089 -0.011043043846464 -0.0609947169682976 0 -0.00542429703615249 0 0 0 0 0 -0.0454522428813587 0 -0.0318233884798049 0 0 0 0 -0.00959408249702933
"143" "SLC39A11" 0 0 0 0 -0.023753417212487 0 0 0 0 0 0 0 0 0 0 -0.037027521466027 0 0 0 0 -0.0030390469339257
"144" "SH3BGRL3" -0.140771612272825 -0.194685667441504 -0.0865116753140474 -0.118308228191999 -0.141020558252972 -0.104100957374769 -0.0250655786850994 -0.0896281691827457 -0.137699145883701 -0.13179932307645 -0.165347527467099 -0.15207054681992 -0.0986920143921491 -0.162983414946506 -0.23200786122915 -0.0753821253350298 -0.117374464556801 -0.144215060640545 -0.143901592176621 -0.0798634441890128 -0.127071448371447
"145" "SOX9" 0 0 0 0 0 0 -0.00746274732268518 -0.00159038965734035 0 0 0 0 0 0 0 -0.142560676739019 -0.0225171267291974 0 -0.0455971763111283 0 -0.0109864058379685
"146" "MID1" 0 0 0 0 0 0 0 0 0 0 0 0 0 0 0 -0.0340770247164256 0 0 0 0 -0.00170385123582128
"147" "GGH" 0.0121360484589241 0.0137059808966507 0 0 0 0 0 0 0 0 0 0 0 0 0 0 0 0 0 0 0.00129210146777874
"148" "COPA" 0 0 0 0 0 0 0 -0.0455561032781682 0 -0.0045730848967129 -0.0808165555156378 0 0 -0.0482905407687413 0 -0.00973748548612581 0 0 -0.0209693676723463 0 -0.0104971568808866
"149" "PDE3A" 0 0 0 0 -0.00611441445854151 0 0 0 0 0 0 0 0 0 0 0 0 0 0 0 -0.000305720722927075
"150" "DIPK1A" 0 0 0 0 0 0 0 0 0 0 0 0 0 0.0278830226833986 0 0 0 0 0 0 0.00139415113416993
"151" "FNDC3B" 0 -0.0466706466366255 0 0 0 0 0 0 0 0 -0.0268160151115439 0 0 0 0 -0.00951740094772344 0 0 0 0 -0.00415020313479464
"152" "MXD4" -0.0983126579108498 -0.0472713568028404 -0.0630930283964209 -0.127442728711879 -0.0511833448871467 -0.0362082337356095 -0.0659685300779274 -0.0578442390871896 -0.0788617794093893 -0.0711667311502228 0 -0.218119846744149 -0.0395799544782278 -0.0832423204338573 -0.0805398680977161 -0.126399483402723 -0.156529578065283 -0.102599578288714 -0.0168216915618792 -0.0506825986153405 -0.0785933774928683
"153" "CUTA" -0.0793490731461872 -0.107671991255774 -0.09201538064366 -0.0758961751880092 -0.100213904329392 -0.144879566520235 -0.0920934718463474 -0.107565514676923 -0.172353142778931 -0.0670330229490827 -0.0711423532034753 -0.165840412413331 -0.121566103484434 -0.174594941491695 -0.100022074064466 -0.133189937530662 -0.104262870772442 -0.0882056349567088 -0.122332062342759 -0.110488591484451 -0.111535811253948
"154" "CNRIP1" 0 0 0 0 0.0681607528753067 0.0244160420112329 0 0 0 0 0 0 0 0 0 0.0537527917696921 0.0354627776050517 0 0.00957595946720455 0 0.0095684161864244
"155" "CHD4" 0 0 0 0 0 0 0 0 0 0 0 0 0 0 0 -0.0101581773730996 0 0 0 0 -0.000507908868654982
"156" "ALPK1" -0.0800073193088639 -0.118900293562301 -0.0530910878487139 -0.102860514237699 -0.10287555451521 -0.173956164076761 -0.100856700411778 -0.0662720207925774 -0.159605794882502 -0.135620347844104 -0.0912945837554311 -0.139901266717426 0 -0.0965889739698927 -0.109966845032511 -0.163347805076179 -0.0887045344265654 -0.0417067742706447 -0.163593264061931 -0.132215596335447 -0.106068272056327
"157" "GARS1" 0 0 0 0 0 0 0 0 0 0.00742052438714104 0 0 0 0 0 0 0 0 0 0 0.000371026219357052
"158" "ARRDC3" 0 0 0 0 0 0 0 0.00759026944551866 0 0 0 0.0081508034981705 0 0 0 0 0 0 0 0 0.000787053647184458
"159" "TP53BP2" 0 0 0 0 0 0 0 0 0 0 0 0 0 -0.00120815538283479 0 0 0 0 0 0 -6.04077691417394e-05
"160" "CDH20" 0 0 0 0 0 0 0 -0.0924959509964884 0 0 0 0 0 -0.0877556099524436 0 -0.010523019664985 0 0 0 0 -0.00953872903069585
"161" "COX6B1" -0.18554469233253 -0.0829129376554137 -0.028515485218438 -0.00875055099771186 -0.0848158216442752 -0.2154728277624 -0.0445791100198678 -0.113934806893846 -0.0387449505670637 -0.215283770788326 -0.0583351568860279 -0.0652347714198305 -0.0537481522533288 -0.111499926441899 -0.0149555466558158 -0.114499464853499 -0.122469700686551 -0.144189218093565 -0.0693528939906149 0 -0.0886419892580502
"162" "THSD7A" -0.0752184949159527 -0.12877629570843 -0.0541844724027133 -0.0504805274254389 -0.134154625156507 -0.118473356330109 -0.0822366489934082 -0.121667377399329 -0.0690277664113151 -0.0809722521435249 -0.0756129303233186 -0.0556441203208204 -0.0498690489900421 -0.111336991625835 -0.0797975804536506 -0.179516633679846 -0.118074531505158 -0.126270605052281 -0.0894964378472428 -0.0840145257704551 -0.0942412611227689
"163" "MND1" -0.0328992908107155 -0.0656684706844863 0 -0.0199224812390007 -0.0113000836026347 -0.107963464812963 0 0 0 -0.0324407052238572 -0.0602903875507684 -0.104645754685021 0 -0.0476438527356617 0 -0.0533796004857909 0 0 -0.102211168346411 0 -0.0319182630088655
"164" "TMOD2" 0 0 0 0 0 0 0 0 0 0 0 0 0 -0.0075286590636698 0 -0.0172848220472154 0 0 0 0 -0.00124067405554426
"165" "BMPR1A" 0 0 0 0 0 0 0 0 0 0 0 0 0 0 0 -0.0108637159698871 0 0 0 0 -0.000543185798494355
"166" "UXT" 0 0 0 0 0 0 0 0 0 0 0 -0.0341161319134143 -0.00202290686449803 -0.0213691353971996 0 0 0 -0.0460021160994194 -0.00979590430864901 0 -0.00566530972915902
"167" "TUBB3" -0.165730650872572 -0.0866737584050066 -0.0647947338969489 -0.182322914997761 -0.146984028841326 -0.128641419274837 -0.132977014581809 -0.156079392779551 -0.106065894787659 -0.122092197867491 -0.151559044930639 -0.12678609336402 -0.106148179087324 -0.155677613200423 -0.154128147387459 -0.197074049904259 -0.0608801340412609 -0.161930373806856 -0.104676524295169 -0.128796082693374 -0.132000912450787
"168" "H2AW" -0.0272250517741371 0 0 0 0 0 0 0 0 0 0 -0.00586145033380627 0 0 0 0 0 0 0 0 -0.00165432510539717
"169" "ABHD10" 0 0 0 0 0 0 0 0 0 0 0 0 0 0.0452054172785261 0 0 0 0 0 0 0.00226027086392631
"170" "UTP23" 0 0.036242446391672 0 0 0 0.0732964308055569 0 0.00703134607580453 0 0 0 0 0 0 0 0 0 0.02116339003748 0 0 0.00688668066552567
"171" "NDP" -0.0106710684805026 0 0 0 0 0 0 -0.0655933370254242 0 0 0 -0.0418709089896325 0 -0.0204718451629287 0 -0.00557016620707623 0 0 0 0 -0.00720886629327821
"172" "GTDC1" -0.0446261247466627 -0.0228724152842645 0 -0.00595881013190369 -0.0606890679218654 -0.0271188015365309 -0.0108176477506955 -0.0125790890875304 -0.0129895497555578 0 -0.0262604888843884 -0.00687366547888151 -0.00245163365951912 0 0 -0.0569712301915177 0 0 0 0 -0.0145104262214659
"173" "DBI" 0 0 0 -0.0187180101449175 0 -0.0391092238655818 0 0 -0.00707988469596275 0 0 0 -0.0519323790437663 0 0 0 -0.00840699746776633 -0.0118386398198442 0 0 -0.00685425675189195
"174" "TSPAN2" 0 0 0 0 0 0 0 0 0 0 0 0 0 0 0 -0.0341551643732832 0 0 0 0 -0.00170775821866416
"175" "MCU" 0 0 0 -0.00457969692694774 0 0 0 0 0 0 0 0 0 -0.0127160628322704 0 0 0 0 0 0 -0.000864787987960905
"176" "CARNMT1" 0 0 0 0 0.0215150635099102 0 0 0 0 0 0 0 0 0 0 0 0 0 0 0 0.00107575317549551
"177" "EFCAB7" 0 0 0 0 0.0297024939313723 0 0 0 0 0 0 0 0 0 0 0 0 0 0 0 0.00148512469656861
"178" "EFNB2" 0 0 0 0 -0.00724908064178357 -0.00539137336332548 0 0 0 0 0 0 -0.0328713975174206 0 0 -0.0768509591709682 0 -0.0208137092373332 0 0 -0.00715882599654155
"179" "LAMTOR1" 0 0 0 0 0 0 0 0 0 0 0 0 0 -0.0414220715227009 0 -0.0525113538212991 -0.0348018583142535 0 0 0 -0.00643676418291268
"180" "HSPB1" 0 0 0 0 0 0 0 0 0 0 -0.0438560418241018 0 0 0 0 -0.0241549147149283 0 0 0 0 -0.00340054782695151
"181" "MT-ATP8" -0.00235244606636535 -0.0853972563460401 0 -0.0458305340063655 0 -0.0324222438860847 -0.0774468038774372 -0.00480909862987249 -0.0762216716979942 -0.0768444577849495 -0.0385953955895226 -0.0788541678834548 0 -0.0389257594136065 0 -0.0804199041113191 -0.00102250747597073 -0.0427520856851853 -0.049339824789383 -0.0164740014332148 -0.0373854079338383
"182" "ARG2" 0 0 0 0 0 0 0 0 0 0 0 0 0 0 0 -0.00297228110062019 0 0 0 0 -0.00014861405503101
"183" "CA12" 0 0 0 0 0 -0.0137020411050131 0 0 0 0 -0.00605065715765573 0 0 0 0 0 0 0 0 0 -0.00098763491313344
"184" "MAN1A1" 0 0 0 0.00162690129011312 0 0 0 0 0 0.0699171489842919 0 0 0 0 0 0 0 0 0 0 0.00357720251372025
"185" "BCL9" -0.0316667411928422 -0.0444222319182305 0 -0.0518213024055887 -0.073491189604635 -0.0709963043274337 -0.0693778667512328 0 -0.0443195887317385 -0.0518727054743526 0 0 -0.0370388827972767 -0.106465668366677 0 -0.0258758969980972 -0.0298255215229031 -0.0198716714903825 -0.0464014449192091 0 -0.03517235082503
"186" "TALDO1" 0 0 0 0 -0.0258370526250543 0 -0.0454574994471174 0 0 0 -0.0075595522854635 -0.0114761570929795 0 0 -0.0896809888976512 -0.0841565768399229 0 0 0 0 -0.0132083913594094
"187" "RASSF8" -0.00164556780490697 -0.0464157466268831 -0.0609407012894464 -0.0589610805878152 -0.0375023085256233 -0.108978619561166 0 -0.0624968335157336 0 -0.0358201942580951 -0.118450327345329 0 0 -0.0272924931699075 -0.030391734617859 -0.0424900439089333 -0.0506277667677933 -0.0128497943246422 0 -0.0156458703799043 -0.0355254541342019
"188" "HBP1" 0 0 0 0 0 0 -0.0192984868047172 0 0 0 0 0 0 0 0 0 0 -0.0522287372157241 0 0 -0.00357636120102207
"189" "CAPZB" 0 0 0 -0.00481790519243886 0 0 -0.0187712837808497 0 0 0 0 0 0 -0.0521696666426675 0 -0.0335588311191582 0 0 0 0 -0.00546588433675572
"190" "RBM8A" 0 0 0 0 -0.0654269565325575 -0.0273443759545046 -0.0757856446074525 -0.0372209359324684 0 -0.00456667632595064 0 -0.0449098725522401 -0.0372109758637704 -0.00305675403205103 -0.00917267197653553 -0.052207936656314 0 -0.0239933399033468 0 0 -0.0190448070168596
"191" "TMEM74" 0 0 0 0 0 0 0 0 0 0 0 0 0 0.0795512313116975 0.00214911110938064 0 0 0 0 0 0.00408501712105391
"192" "CNN2" 0 0 0 0 0 0 -0.0496736198253423 0 0 -0.00143347411799968 0 0 0 0 0 0 0 0 0 0 -0.0025553546971671
"193" "ATP8A1" -0.0991020263447982 0 0 -0.0365002985953558 -0.0277430400472893 0 -0.0253407598135452 0 -0.111606101693541 -0.00165146601038831 -0.0169245041410783 0 -0.00588426374695731 -0.0860438811248794 0 -0.0642895637881985 -0.00746723468941813 -0.0565359551378342 -0.0245220627308807 0 -0.0281805578932082
"194" "DEPDC1B" -0.0385633222445163 0 0 0 -0.121130553065546 -0.101488195431968 0 -0.0350828012644222 0 0 -0.0136942523891826 0 0 -0.0423962914645092 0 -0.0469519505989017 0 0 -0.0340901482046458 0 -0.0216698757331846
"195" "IL33" 0 0 0 0 -0.0154769321095978 0 0 0 -0.00971005603093674 0 0 0 0 0 0 0 0 0 -0.0099008078509953 0 -0.00175438979957649
"196" "HEG1" 0 0 0 0 -0.00349617269643631 0 0 0 0 0 0 0 0 -0.0545698537989439 0 0 0 0 0 0 -0.00290330132476901
"197" "RUSC2" 0 0 0 0 0 0 0 0 0 0 0 0 0 0.030212310461618 0 0 0 0 0 0 0.0015106155230809
"198" "BCL2L14" -0.00691021530535624 0 0 0 0 0 0 0 0 0 0 0 0 -0.0391752269075652 0 0 0 0 0 0 -0.00230427211064607
"199" "PAK1IP1" 0 0 0 0 0 0 0 0 0 0 0 0.0128160197794081 0 0 0 0 0 0 0 0 0.000640800988970403
"200" "SULT4A1" 0.0135414559065075 0 0 0 0 0 0 0 0 0 0 0 0 0 0 0 0 0 0 0 0.000677072795325374
"201" "SELENOH" -0.0900644777811971 -0.0632897110948726 -0.0113384241058329 -0.0635977969257425 -0.0760924702849648 -0.0429060002920419 -0.0667564394934259 -0.0434236265264938 -0.0908803923981227 -0.119478549364383 -0.0101086845028913 -0.195534498509132 -0.106976092995039 -0.127974540799817 0 -0.1244545135694 -0.0890609183849485 -0.0706933914830226 -0.0609511911253041 -0.0198080189243331 -0.0736694869280483
"202" "RTL8C" 0 0 0 0 0 0 0 0 0 0 0 0 0 -0.0432856545528024 0 -0.000384824389149164 0 0 0 0 -0.00218352394709758
"203" "ROMO1" 0 0 0 0 0 0 0 0 0 0 0 0 0 0 0 -0.00289171165590531 0 0 0 0 -0.000144585582795266
"204" "ATF7" 0 0 0 0 0 0 0 0 -0.000969980841530733 0 0 0 0 0 0 0 0 0 0 0 -4.84990420765366e-05
"205" "NXPH4" 0 0 0 0 -0.0259287563587782 -0.071968978831682 0 -0.0170607770766479 0 -0.0510250283534464 0 0 0 0 0 -0.0982733646573048 -0.0619224230971226 0 0 0 -0.0163089664187491
"206" "TMSB15A" 0 0 0 0 0 0 0 0 0 0 -0.0302568836393185 0 0 0 0 0 -0.0220638410206139 0 0 0 -0.00261603623299662
"207" "LSAMP" -0.0177926622806448 0 0 0 -0.0358367262742015 -0.0376305964461237 0 0 -0.0184496955095365 0 0 -0.0164463453052907 0 -0.00673205994318969 0 -0.023134963650793 0 -0.00295617360419374 0 0 -0.00794896115069868
"208" "PSME1" 0.00924853879690205 0 0 0 0 0 0 0 0 0 0 0 0 0 0 0 0 0 0 0 0.000462426939845102
"209" "FAT4" -0.0817384711613685 -0.0837463167639733 -0.0599100249514245 -0.124188150560355 -0.0848539444728637 -0.0216724948182681 -0.0667533650620972 -0.141223015666664 -0.0679572637125375 -0.000259020838569727 -0.0833246177853784 -0.164404741216589 -0.110070600344226 -0.120652763661739 -0.106754740832535 -0.11795678107045 -0.151323419803282 -0.0652044856771327 -0.123362238903015 0 -0.0887678228651234
"210" "FAM162A" 0 0 0 0 0 0 0 0 0.0199663636878963 0 0 0 0 0 0 0 0.0209837242908949 0 0 0 0.00204750439893956
"211" "PEX3" 0 0.0175193832779109 0 0 0 0 0 0 0 0 0 0 0 0 0 0 0 0 0 0 0.000875969163895544
"212" "ITGA9" 0 0.0787564623641024 0 0.00945669670133025 0.072793733552847 0.0267137453060073 0 0 0 0 0 0 0 0.0749900743781056 0 0 0 0 0 0 0.0131355356151196
"213" "PKP2" 0 0 0 0 0 0 0 0 0 0 0 0 0 0 0 -0.00622562255972151 0 0 0 0 -0.000311281127986075
"214" "MT1X" 0 0 0 0 0 0 0 0 0 0 0 0 0 0 0 0 0 0 -0.0557914560240834 0 -0.00278957280120417
"215" "HECW1" 0 0 0 0 0 0 0 0 0 0 0 0 0 -0.0394087636211335 0 0 0 0 0 0 -0.00197043818105667
"216" "TCEAL8" -0.0403822195514245 0 0 0 0 0 0 0 0 0 0 0 0 0 0 0 0 0 0 0 -0.00201911097757123
"217" "FBXO44" 0 0 0 0 0 0 0 0.0139065530706774 0 0 0 0 0 0.0647071404060175 0 0 0 0 0 0 0.00393068467383475
"218" "PNRC2" 0 0 0 0 0 0 0 0 -0.0196469984608584 0 0 0 0 0 0 0 0 0 0 0 -0.000982349923042918
"219" "KLHL32" 0 0 0 0 0 0 0 0 0 0 0 0 0 0.052080834457755 0 0 0 0 0 0 0.00260404172288775
"220" "SLC25A18" -0.115992938093287 0 0 -0.00658637366000407 0 -0.101095958137752 0 -0.073407742019328 -0.0705855578910464 0 0 -0.0193433682133556 0 0 -0.102368944894831 -0.0426940188045412 -0.0625532569969717 -0.00345223986453154 0 0 -0.0299040199287824
"221" "NFATC3" 0 0 0 0 0 0 0 0 0 0 0 0 0 0 0 -0.0429492199365475 0 0 0 0 -0.00214746099682738
"222" "PATJ" 0 0 0 0 0.0397780957143857 0 0 0.00175028691546392 0.0274607214579187 0.00890581605290528 0 0 0 0.187763661752995 0 0.00467651869927287 0 0 0 0 0.0135167550296471
"223" "HSD17B7" 0 0 0 0.0144672328550667 0 0.00422242225828738 0 0 0 0 0 0 0 0 0 0 0.0451368834322134 0 0 0 0.00319132692727838
"224" "PRDM16" 0 0 0 0 0 0 0 0 0 0 0 0 0 0 0 -0.00511798238249314 0 0 0 0 -0.000255899119124657
"225" "NCAM2" 0 0 0 0 -0.00656699599293463 0 0 -0.00840517285121261 0 0 0 0 0 0 0 0 0 0 0 0 -0.000748608442207362
"226" "KIAA1217" 0 0 0 0 0 -0.133307913281055 0 0 0 0 -0.00500416703404853 0 0 -0.106030290381374 0 0 0 -0.00719670454977911 0 0 -0.0125769537623128
"227" "HIVEP1" 0 0 0 0 0 0 0 -0.00555667281683704 0 0 0 0 0 0 0 0 0 0 0 0 -0.000277833640841852
"228" "GFM1" 0 0.0225242384909215 0 0 0 0 0 0 0 0 0 0 0 0 0 0 0 0 0 0 0.00112621192454608
"229" "TARBP1" 0 0 0 0 0 0 0 0 0 0 0 0 0 0 0 0 0.0405121960269781 0 0 0 0.0020256098013489
"230" "NOTCH2" 0 0 0 0 -0.115019886376751 0 0 0 -0.0036054005614352 0 0 0 0 -0.0650465599945288 -0.0502783033335672 0 0 0 0 0 -0.0116975075133141
"231" "GRN" -0.0585336679395681 0 0 0 -0.0741201999876709 0 0 0 0 0 0 0 0 -0.0205621680924062 0 0 -0.0289126481433445 0 0 0 -0.00910643420814949
"232" "SCOC" 0 0 0 0 0 0 0 0.0446822021135064 0 0 0 0 0 0 0 0 0 0 0 0 0.00223411010567532
"233" "PRKD3" 0 0 0 0 0 0 0 0 0 0 0 -0.0126797574978586 0 0 0 0 0 0 0 0 -0.000633987874892928
"234" "CHRNA5" 0 0 0 0 0 0 0 0 0 0 0 0 0 -0.00503447236837012 0 0 0 0 0 0 -0.000251723618418506
"235" "PDLIM2" 0 0 0 0 0 0 0 0 -0.025094410928232 0 0 0 0 0 0 0 0 0 0 0 -0.0012547205464116
"236" "MESP1" 0 0 0 0 0.141448750753671 0 0 0 0 0 0 0 0 0.186998742962036 0 0 0 0 0 0 0.0164223746857854
"237" "NECAP1" 0 0 0 0 0 0 0 0 0 0 0 0 0 0 0 -0.114873862180107 0 0 0 0 -0.00574369310900533
"238" "CAPNS1" 0 0 0 0 0 -0.0292638572976897 0 0 0 0 0 0 0 0 0 0 0 0 0 0 -0.00146319286488448
"239" "SLC18B1" 0.00313313274047946 0 0 0 0.00622511221342242 0 0 0 0 0 0 0 0 0.0129707907960448 0 0 0 0 0 0 0.00111645178749734
"240" "WIPF3" 0 0 0 0 0 0 0 0 0 0 0 0 0 0 0.00604206459150034 0 0 0 0 0 0.000302103229575017
"241" "TTYH2" 0 0 0 0 -0.0376416423304686 -0.0793759738676837 -0.007323490287598 -0.0176075376551237 0 -0.0871122367518053 0 0 0 0 0 0 0 0 0 0 -0.011453044044634
"242" "PNPLA3" 0 0 0 0 0 0 0 -0.0191364114631221 0 0 0 0 0 0 0 0 0 0 0 0 -0.000956820573156105
"243" "DNAAF10" 0 0 0 0 0 0 0 0 0 0 0 0 0 0.0378293541587583 0 0 0 0 0 0 0.00189146770793792
"244" "DUS4L" 0 0 0 0 0 0 0 0 0 0 0 0 0 0 0 0.0215020084876263 0 0 0 0 0.00107510042438132
"245" "RRP7A" 0 0 0 0 0 0.0141244109251786 0.0146905279012578 0.0503880751378167 0 0 0 0.0341358927840708 0 0.0262933690360434 0 0.0698119466220436 0 0 0.00832738179369413 0 0.0108885802100052
"246" "CACHD1" 0 0 0 0 -0.0453012715105132 0 0 0 0 0 0 0 0 -0.00296403151611403 0 -0.0250483021040795 0 0 0 0 -0.00366568025653534
"247" "IGF2BP1" 0 0 0 0 0 0 0 0 0 0 0 0 0 0 0 -0.00177356832671271 0 0 0 0 -8.86784163356355e-05
"248" "KLHL2" 0 0.0718112348502664 0 0 0 0 0 0.0980718653826784 0.0223833716745997 0.0126266657974298 0 0 0 0.0618631339337325 0 0.0338416574386521 0.0276646386025491 0.0511824218491502 0 0 0.0189722494764529
"249" "BNIP3" 0 0 0 0 0 0.0353237889793267 0 0 0 0 0 0.0511490223681146 0 0 0 0 0 0 0 0 0.00432364056737207
"250" "ERCC1" 0 0 0 0 0 0 0 0 0 -0.00252382868753271 0 0 0 0 0 0 0 0 0 0 -0.000126191434376635
"251" "KBTBD2" 0 0 0 0 0 0 0 -0.00318304642583013 0 0 0 0 0 -0.00334635054936024 0 0 0 0 0 0 -0.000326469848759518
"252" "TDRKH" 0 0 0 0 0 0.0513080439979418 0 0 0 0 0 0 0 0 0 0 0 0 0 0 0.00256540219989709
"253" "APCDD1" 0 0 0 -0.00616601940466431 0 0 0 0 0 0 0 0 0 0 0 0 0 0 0 0 -0.000308300970233216
"254" "STK38L" -0.0206052850554824 0 0 0 0 -0.000176521838631078 0 0 0 -0.0459496400732177 0 0 0 -0.067419942543886 0 0 0 0 0 0 -0.00670756947556086
"255" "RTN4IP1" 0 0 0 0 0.0506912586487235 0 0 0 0 0 0 0 0 0 0 0.0269689678138184 0 0 0 0 0.00388301132312709
"256" "SUMO3" 0 0 0 0 0 0 0 0 0 0 0 0 0 0.0148942634471346 0 0.00837757169159557 0 0 0 0 0.00116359175693651
"257" "RIN2" -0.202563984435805 -0.0785840084005533 -0.0969267715537369 -0.13407940045686 -0.124087059716337 -0.112773270682892 -0.0750467624996224 -0.18039091244335 -0.217245135190817 -0.121809709356495 -0.108941011329451 -0.144695929734998 -0.0766381133165154 -0.155591294789034 -0.17584055554969 -0.147766200933592 -0.0649876754372136 -0.0774181421373499 -0.0617674187649285 0 -0.117857667836462
"258" "MSI1" 0 0 0 0 -0.0640068910268098 -0.0187158347223519 0 0 0 0 0 0 0 -0.0784365900679441 -0.0599353179896625 -0.00428526589019091 0 0 0 0 -0.011268994984848
"259" "ARF5" 0.0129321211139693 0 0 0.0443089353572494 0.0120871014161457 0 0 0.0765725494719766 0 0.00871437947709937 0.0855872128812852 0 0 0.102215600235107 0.0601484843139896 0.0595526261594001 0.0185122323181051 0 0.0628045078469409 0.000438203977648568 0.0271936977284458
"260" "ANKUB1" -0.0734830285768298 -0.000723871662448283 0 0 0 -0.0209002781365446 0 0 0 0 0 0 0 -0.0937886689588854 0 0 0 0 0 0 -0.0094447923667354
"261" "TRIM3" 0.00806516406350122 0 0 0 0.195146088174899 0 0 0.111900701934369 0 0 0 0.0375297974205809 0.0110063349832012 0.205329855346168 0.189506867157027 0.088807864825377 0.0312681120715295 0.0303362819916306 0 0 0.0454448533984141
"262" "ARMT1" -0.0214948130910578 0 0 0 0 0 0 0 0 0 0 0 0 0 0 -0.00975647248170538 0 0 0 0 -0.00156256427863816
"263" "TAX1BP3" -0.00948667988799631 0 0 0 0 0 0 0 0 -0.0442027970883591 -0.0244083977709102 -0.0200320370800058 -0.0351570599915813 0 0 0 0 0 0 0 -0.00666434859094264
"264" "PRKG1" 0.00718105233062545 0 0 0 0 0 0 0 0 0 0 0 0 0.0371869746536425 0 0 0 0 0 0 0.0022184013492134
"265" "CCDC3" 0 0 0 0 0 0 0 0 0 0 0 0 0 0 0 -0.0278004008887341 0 0 0 0 -0.00139002004443671
"266" "EPS15" 0 0 0 0 0 0 0 0 0 0.0142715277327684 0 0 0 0.0103348171246705 0 0 0 0 0 0 0.00123031724287195
"267" "LITAF" 0 -0.163362898325569 0 -0.190721621580893 -0.119461204856911 0 -0.0760888983185383 -0.100731169373661 -0.0400935562336607 0 0 0 -0.0266436905987626 -0.187240231759973 -0.00689151054600824 -0.0264311911841295 0 -0.0220657072529506 -0.0339674868068795 -0.0479799141496801 -0.0520839540493808
"268" "STXBP6" 0 0 0 0 0 0 0 0.000726871728377074 0 0 0 0 0 0 0 0 0 0 0 0 3.63435864188537e-05
"269" "HMOX2" 0 0 0 0 0 0 0 0 0 0 0 0 0 0.00570115534637151 0 0 0 0 0 0 0.000285057767318575
"270" "C16orf91" 0 0 0 0 0 0.0159557800363782 0 0 0 0 0 0 0 0 0 0 0 0 0 0 0.00079778900181891
"271" "XPA" 0.0363157926397412 0 0 0 0.0246162563239382 0 0 0 0 0 0 0.00294887475809093 0 0 0 0 0 0 0 0 0.00319404618608852
"272" "CBWD3" 0 0 0 0 0 0 0 0.0216462020284056 0 0 0 0 0 0 0 0 0 0 0 0 0.00108231010142028
"273" "DPY19L3" -0.00857555568946938 0 0 0 0 0 0 -0.00826366597122437 0 0 0 0 0 -0.0564751332428997 0 0 0 0 0 0 -0.00366571774517967
"274" "ZNF414" 0 0 0 0 0 0 0 0 0 0 0 0 0 0 0 0.0193584331033574 0 0 0 0 0.000967921655167868
"275" "TFAP2C" 0 0 0 0 0 0 0 0.0398774548417939 0 0 0 0 0 0.0441510544307629 0 0 0 0 0 0 0.00420142546362784
"276" "PTPRF" 0 0 0 0 0 0 0 0 0 0 0 0 0 0.0315611248519909 0 0 0 0 0 0 0.00157805624259955
